0.0628,0.0,0.0
0.08286,0.0,0.0
0.10291,0.0,0.0
0.12296,0.0,0.0
0.14302,0.0,0.0
0.16307,0.0,0.0
0.18312,0.0,0.0
0.20317,0.0,0.0
0.22323,0.0,0.0
0.24328,0.0,0.0
0.26333,0.0,0.0
0.28339,0.0,0.0
0.30344,0.0,0.0
0.32349,0.0,0.0
0.34354,0.0,0.0
0.3636,0.0,0.0
0.38365,0.0,0.0
0.4037,0.0,0.0
0.42376,0.0,0.0
0.44381,0.0,0.0
0.46386,0.0,0.0
0.48391,0.0,0.0
0.50397,0.0,0.0
0.52402,0.0,0.0
0.54407,0.0,0.0
0.56413,0.0,0.0
0.58418,0.0,0.0
0.60423,0.0,0.0
0.62428,0.0,0.0
0.64434,0.0,0.0
0.66439,0.0,0.0
0.68444,0.0,0.0
0.7045,0.0,0.0
0.72455,0.0,0.0
0.7446,0.0,0.0
0.76465,0.0,0.0
0.78471,0.0,0.0
0.80476,0.0,0.0
0.82481,0.0,0.0
0.84487,0.0,0.0
0.019,0.0,0.02564
0.04254,0.20681,0.02564
0.06608,0.23326,0.02564
0.08963,0.23326,0.02564
0.11317,0.23326,0.02564
0.13671,0.23326,0.02564
0.16026,0.23326,0.02564
0.1838,0.28892,0.02564
0.20734,0.57273,0.02564
0.23088,0.70917,0.02564
0.2524,0.70917,0.02564
0.27391,0.70917,0.02564
0.29542,0.70917,0.02564
0.31693,0.70917,0.02564
0.33845,0.70917,0.02564
0.35996,0.70917,0.02564
0.38147,0.70917,0.02564
0.40298,0.70917,0.02564
0.4245,0.70917,0.02564
0.44601,0.70917,0.02564
0.46752,0.70917,0.02564
0.48903,0.70917,0.02564
0.51055,0.70917,0.02564
0.53206,0.70917,0.02564
0.55357,0.70917,0.02564
0.57508,0.70917,0.02564
0.5966,0.70917,0.02564
0.61811,0.70917,0.02564
0.63962,0.70917,0.02564
0.66113,0.70917,0.02564
0.68265,0.70917,0.02564
0.70416,0.70917,0.02564
0.72567,0.70917,0.02564
0.74718,0.70917,0.02564
0.7687,0.70917,0.02564
0.79021,0.70917,0.02564
0.81167,0.66484,0.02564
0.83313,0.53187,0.02564
0.85459,0.31026,0.02564
0.87606,0.0,0.02564
0.00617,0.0,0.05128
0.03052,0.24779,0.05128
0.05487,0.29861,0.05128
0.07923,0.30158,0.05128
0.10358,0.30158,0.05128
0.12794,0.30158,0.05128
0.15229,0.30158,0.05128
0.17665,0.33196,0.05128
0.201,0.62976,0.05128
0.22536,0.77771,0.05128
0.24719,0.77771,0.05128
0.26902,0.77771,0.05128
0.29085,0.77771,0.05128
0.31268,0.77771,0.05128
0.33451,0.77771,0.05128
0.35633,0.77771,0.05128
0.37816,0.77771,0.05128
0.39999,0.77771,0.05128
0.42182,0.77771,0.05128
0.44365,0.77771,0.05128
0.46548,0.77771,0.05128
0.48731,0.77771,0.05128
0.50914,0.77771,0.05128
0.53097,0.77771,0.05128
0.5528,0.77771,0.05128
0.57463,0.77771,0.05128
0.59646,0.77771,0.05128
0.61829,0.77771,0.05128
0.64012,0.77771,0.05128
0.66195,0.77771,0.05128
0.68378,0.77771,0.05128
0.70561,0.77771,0.05128
0.72744,0.77771,0.05128
0.74927,0.77771,0.05128
0.7711,0.77771,0.05128
0.79293,0.77771,0.05128
0.81694,0.7291,0.05128
0.84095,0.58328,0.05128
0.86496,0.34025,0.05128
0.88898,0.0,0.05128
0.00063,0.0,0.07692
0.02501,0.26291,0.07692
0.0494,0.3233,0.07692
0.07379,0.33108,0.07692
0.09818,0.33108,0.07692
0.12256,0.33108,0.07692
0.14695,0.33108,0.07692
0.17134,0.36352,0.07692
0.19573,0.67393,0.07692
0.22011,0.8269,0.07692
0.24224,0.8269,0.07692
0.26437,0.8269,0.07692
0.2865,0.8269,0.07692
0.30863,0.8269,0.07692
0.33076,0.8269,0.07692
0.35289,0.8269,0.07692
0.37501,0.8269,0.07692
0.39714,0.8269,0.07692
0.41927,0.8269,0.07692
0.4414,0.8269,0.07692
0.46353,0.8269,0.07692
0.48566,0.8269,0.07692
0.50779,0.8269,0.07692
0.52991,0.8269,0.07692
0.55204,0.8269,0.07692
0.57417,0.8269,0.07692
0.5963,0.8269,0.07692
0.61843,0.8269,0.07692
0.64056,0.8269,0.07692
0.66269,0.8269,0.07692
0.68482,0.8269,0.07692
0.70694,0.8269,0.07692
0.72907,0.8269,0.07692
0.7512,0.8269,0.07692
0.77333,0.8269,0.07692
0.79546,0.8269,0.07692
0.82132,0.77522,0.07692
0.84717,0.62018,0.07692
0.87303,0.36177,0.07692
0.89889,0.0,0.07692
0.0,0.0,0.10256
0.02391,0.26255,0.10256
0.04781,0.32474,0.10256
0.07172,0.33441,0.10256
0.09562,0.33441,0.10256
0.11953,0.33441,0.10256
0.14344,0.33441,0.10256
0.16734,0.39069,0.10256
0.19125,0.713,0.10256
0.21516,0.86542,0.10256
0.23757,0.86542,0.10256
0.25997,0.86542,0.10256
0.28238,0.86542,0.10256
0.30479,0.86542,0.10256
0.3272,0.86542,0.10256
0.34961,0.86542,0.10256
0.37202,0.86542,0.10256
0.39443,0.86542,0.10256
0.41684,0.86542,0.10256
0.43925,0.86542,0.10256
0.46166,0.86542,0.10256
0.48407,0.86542,0.10256
0.50648,0.86542,0.10256
0.52889,0.86542,0.10256
0.5513,0.86542,0.10256
0.57371,0.86542,0.10256
0.59611,0.86542,0.10256
0.61852,0.86542,0.10256
0.64093,0.86542,0.10256
0.66334,0.86542,0.10256
0.68575,0.86542,0.10256
0.70816,0.86542,0.10256
0.73057,0.86542,0.10256
0.75298,0.86542,0.10256
0.77539,0.86542,0.10256
0.7978,0.86542,0.10256
0.82516,0.81133,0.10256
0.85252,0.64907,0.10256
0.87988,0.37862,0.10256
0.90725,0.0,0.10256
0.00113,0.0,0.1282
0.02439,0.25692,0.1282
0.04765,0.31833,0.1282
0.07091,0.32839,0.1282
0.09417,0.32839,0.1282
0.11744,0.32839,0.1282
0.1407,0.32839,0.1282
0.16396,0.42195,0.1282
0.18722,0.74711,0.1282
0.21048,0.89667,0.1282
0.23406,0.89667,0.1282
0.25764,0.89667,0.1282
0.28122,0.89667,0.1282
0.3048,0.89667,0.1282
0.32838,0.89667,0.1282
0.35195,0.89667,0.1282
0.37553,0.89667,0.1282
0.39911,0.89667,0.1282
0.42269,0.89667,0.1282
0.44627,0.89667,0.1282
0.46985,0.89667,0.1282
0.49343,0.89667,0.1282
0.51701,0.89667,0.1282
0.54058,0.89667,0.1282
0.56416,0.89667,0.1282
0.58774,0.89667,0.1282
0.61132,0.89667,0.1282
0.6349,0.89667,0.1282
0.65848,0.89667,0.1282
0.68206,0.89667,0.1282
0.70563,0.89667,0.1282
0.72921,0.89667,0.1282
0.75279,0.89667,0.1282
0.77637,0.89667,0.1282
0.79995,0.89667,0.1282
0.82288,0.8608,0.1282
0.84581,0.7532,0.1282
0.86875,0.57386,0.1282
0.89168,0.3228,0.1282
0.91461,0.0,0.1282
0.0035,0.0,0.15384
0.02883,0.25878,0.15384
0.05415,0.31236,0.15384
0.07948,0.31575,0.15384
0.1048,0.31575,0.15384
0.13012,0.31575,0.15384
0.15545,0.377,0.15384
0.18077,0.74374,0.15384
0.20609,0.92239,0.15384
0.22901,0.92239,0.15384
0.25193,0.92239,0.15384
0.27484,0.92239,0.15384
0.29776,0.92239,0.15384
0.32067,0.92239,0.15384
0.34359,0.92239,0.15384
0.36651,0.92239,0.15384
0.38942,0.92239,0.15384
0.41234,0.92239,0.15384
0.43525,0.92239,0.15384
0.45817,0.92239,0.15384
0.48109,0.92239,0.15384
0.504,0.92239,0.15384
0.52692,0.92239,0.15384
0.54983,0.92239,0.15384
0.57275,0.92239,0.15384
0.59567,0.92239,0.15384
0.61858,0.92239,0.15384
0.6415,0.92239,0.15384
0.66441,0.92239,0.15384
0.68733,0.92239,0.15384
0.71025,0.92239,0.15384
0.73316,0.92239,0.15384
0.75608,0.92239,0.15384
0.77899,0.92239,0.15384
0.80191,0.92239,0.15384
0.82578,0.8855,0.15384
0.84965,0.77481,0.15384
0.87352,0.59033,0.15384
0.89739,0.33206,0.15384
0.92127,0.0,0.15384
0.00729,0.0,0.17949
0.03163,0.24458,0.17949
0.05597,0.29334,0.17949
0.0803,0.29559,0.17949
0.10464,0.29559,0.17949
0.12898,0.29559,0.17949
0.15332,0.41121,0.17949
0.17765,0.77343,0.17949
0.20199,0.94363,0.17949
0.22513,0.94363,0.17949
0.24827,0.94363,0.17949
0.27142,0.94363,0.17949
0.29456,0.94363,0.17949
0.3177,0.94363,0.17949
0.34084,0.94363,0.17949
0.36398,0.94363,0.17949
0.38713,0.94363,0.17949
0.41027,0.94363,0.17949
0.43341,0.94363,0.17949
0.45655,0.94363,0.17949
0.47969,0.94363,0.17949
0.50284,0.94363,0.17949
0.52598,0.94363,0.17949
0.54912,0.94363,0.17949
0.57226,0.94363,0.17949
0.5954,0.94363,0.17949
0.61855,0.94363,0.17949
0.64169,0.94363,0.17949
0.66483,0.94363,0.17949
0.68797,0.94363,0.17949
0.71111,0.94363,0.17949
0.73425,0.94363,0.17949
0.7574,0.94363,0.17949
0.78054,0.94363,0.17949
0.80368,0.94363,0.17949
0.82842,0.90589,0.17949
0.85316,0.79265,0.17949
0.8779,0.60392,0.17949
0.90265,0.33971,0.17949
0.92739,0.0,0.17949
0.0128,0.0,0.20513
0.03597,0.22467,0.20513
0.05914,0.26554,0.20513
0.08232,0.26625,0.20513
0.10549,0.26625,0.20513
0.12866,0.26625,0.20513
0.15183,0.45694,0.20513
0.175,0.80246,0.20513
0.19817,0.96105,0.20513
0.22152,0.96105,0.20513
0.24487,0.96105,0.20513
0.26822,0.96105,0.20513
0.29157,0.96105,0.20513
0.31492,0.96105,0.20513
0.33827,0.96105,0.20513
0.36162,0.96105,0.20513
0.38497,0.96105,0.20513
0.40832,0.96105,0.20513
0.43167,0.96105,0.20513
0.45502,0.96105,0.20513
0.47837,0.96105,0.20513
0.50172,0.96105,0.20513
0.52507,0.96105,0.20513
0.54842,0.96105,0.20513
0.57177,0.96105,0.20513
0.59511,0.96105,0.20513
0.61846,0.96105,0.20513
0.64181,0.96105,0.20513
0.66516,0.96105,0.20513
0.68851,0.96105,0.20513
0.71186,0.96105,0.20513
0.73521,0.96105,0.20513
0.75856,0.96105,0.20513
0.78191,0.96105,0.20513
0.80526,0.96105,0.20513
0.83082,0.92261,0.20513
0.85639,0.80728,0.20513
0.88195,0.61507,0.20513
0.90752,0.34598,0.20513
0.93309,0.0,0.20513
0.02071,0.0,0.23077
0.04556,0.20445,0.23077
0.07041,0.22412,0.23077
0.09525,0.22412,0.23077
0.1201,0.22412,0.23077
0.14495,0.41023,0.23077
0.16979,0.79331,0.23077
0.19464,0.97511,0.23077
0.21731,0.97511,0.23077
0.23998,0.97511,0.23077
0.26264,0.97511,0.23077
0.28531,0.97511,0.23077
0.30798,0.97511,0.23077
0.33064,0.97511,0.23077
0.35331,0.97511,0.23077
0.37598,0.97511,0.23077
0.39864,0.97511,0.23077
0.42131,0.97511,0.23077
0.44398,0.97511,0.23077
0.46665,0.97511,0.23077
0.48931,0.97511,0.23077
0.51198,0.97511,0.23077
0.53465,0.97511,0.23077
0.55731,0.97511,0.23077
0.57998,0.97511,0.23077
0.60265,0.97511,0.23077
0.62531,0.97511,0.23077
0.64798,0.97511,0.23077
0.67065,0.97511,0.23077
0.69331,0.97511,0.23077
0.71598,0.97511,0.23077
0.73865,0.97511,0.23077
0.76132,0.97511,0.23077
0.78398,0.97511,0.23077
0.80665,0.97511,0.23077
0.83301,0.9361,0.23077
0.85936,0.81909,0.23077
0.88572,0.62407,0.23077
0.91208,0.35104,0.23077
0.93844,0.0,0.23077
0.03287,0.0,0.25641
0.05929,0.1583,0.25641
0.08571,0.1594,0.25641
0.11213,0.1594,0.25641
0.13855,0.36614,0.25641
0.16497,0.78217,0.25641
0.19139,0.98611,0.25641
0.21341,0.98611,0.25641
0.23543,0.98611,0.25641
0.25744,0.98611,0.25641
0.27946,0.98611,0.25641
0.30147,0.98611,0.25641
0.32349,0.98611,0.25641
0.34551,0.98611,0.25641
0.36752,0.98611,0.25641
0.38954,0.98611,0.25641
0.41156,0.98611,0.25641
0.43357,0.98611,0.25641
0.45559,0.98611,0.25641
0.47761,0.98611,0.25641
0.49962,0.98611,0.25641
0.52164,0.98611,0.25641
0.54365,0.98611,0.25641
0.56567,0.98611,0.25641
0.58769,0.98611,0.25641
0.6097,0.98611,0.25641
0.63172,0.98611,0.25641
0.65374,0.98611,0.25641
0.67575,0.98611,0.25641
0.69777,0.98611,0.25641
0.71979,0.98611,0.25641
0.7418,0.98611,0.25641
0.76382,0.98611,0.25641
0.78583,0.98611,0.25641
0.80785,0.98611,0.25641
0.83498,0.94666,0.25641
0.86211,0.82833,0.25641
0.88924,0.6311,0.25641
0.91637,0.355,0.25641
0.9435,0.0,0.25641
0.10336,0.0,0.28205
0.12463,0.20633,0.28205
0.14589,0.54244,0.28205
0.16716,0.85591,0.28205
0.18843,0.99426,0.28205
0.20983,0.99426,0.28205
0.23122,0.99426,0.28205
0.25261,0.99426,0.28205
0.27401,0.99426,0.28205
0.2954,0.99426,0.28205
0.3168,0.99426,0.28205
0.33819,0.99426,0.28205
0.35958,0.99426,0.28205
0.38098,0.99426,0.28205
0.40237,0.99426,0.28205
0.42377,0.99426,0.28205
0.44516,0.99426,0.28205
0.46655,0.99426,0.28205
0.48795,0.99426,0.28205
0.50934,0.99426,0.28205
0.53074,0.99426,0.28205
0.55213,0.99426,0.28205
0.57353,0.99426,0.28205
0.59492,0.99426,0.28205
0.61631,0.99426,0.28205
0.63771,0.99426,0.28205
0.6591,0.99426,0.28205
0.6805,0.99426,0.28205
0.70189,0.99426,0.28205
0.72328,0.99426,0.28205
0.74468,0.99426,0.28205
0.76607,0.99426,0.28205
0.78747,0.99426,0.28205
0.80886,0.99426,0.28205
0.8321,0.96665,0.28205
0.85534,0.88379,0.28205
0.87859,0.7457,0.28205
0.90183,0.55237,0.28205
0.92507,0.3038,0.28205
0.94831,0.0,0.28205
0.10012,0.0,0.30769
0.12153,0.20722,0.30769
0.14294,0.54521,0.30769
0.16434,0.86054,0.30769
0.18575,0.99974,0.30769
0.20727,0.99974,0.30769
0.22878,0.99974,0.30769
0.2503,0.99974,0.30769
0.27181,0.99974,0.30769
0.29333,0.99974,0.30769
0.31484,0.99974,0.30769
0.33636,0.99974,0.30769
0.35787,0.99974,0.30769
0.37939,0.99974,0.30769
0.4009,0.99974,0.30769
0.42242,0.99974,0.30769
0.44393,0.99974,0.30769
0.46545,0.99974,0.30769
0.48696,0.99974,0.30769
0.50847,0.99974,0.30769
0.52999,0.99974,0.30769
0.5515,0.99974,0.30769
0.57302,0.99974,0.30769
0.59453,0.99974,0.30769
0.61605,0.99974,0.30769
0.63756,0.99974,0.30769
0.65908,0.99974,0.30769
0.68059,0.99974,0.30769
0.70211,0.99974,0.30769
0.72362,0.99974,0.30769
0.74514,0.99974,0.30769
0.76665,0.99974,0.30769
0.78817,0.99974,0.30769
0.80968,0.99974,0.30769
0.83355,0.97197,0.30769
0.85742,0.88866,0.30769
0.8813,0.74981,0.30769
0.90517,0.55541,0.30769
0.92904,0.30548,0.30769
0.95291,0.0,0.30769
0.09701,0.0,0.33333
0.1186,0.20782,0.33333
0.14019,0.54679,0.33333
0.16177,0.86302,0.33333
0.18336,1.0,0.33333
0.20498,1.0,0.33333
0.2266,1.0,0.33333
0.24822,1.0,0.33333
0.26984,1.0,0.33333
0.29146,1.0,0.33333
0.31308,1.0,0.33333
0.33469,1.0,0.33333
0.35631,1.0,0.33333
0.37793,1.0,0.33333
0.39955,1.0,0.33333
0.42117,1.0,0.33333
0.44279,1.0,0.33333
0.46441,1.0,0.33333
0.48603,1.0,0.33333
0.50765,1.0,0.33333
0.52926,1.0,0.33333
0.55088,1.0,0.33333
0.5725,1.0,0.33333
0.59412,1.0,0.33333
0.61574,1.0,0.33333
0.63736,1.0,0.33333
0.65898,1.0,0.33333
0.6806,1.0,0.33333
0.70222,1.0,0.33333
0.72384,1.0,0.33333
0.74545,1.0,0.33333
0.76707,1.0,0.33333
0.78869,1.0,0.33333
0.81031,1.0,0.33333
0.83481,0.97477,0.33333
0.85932,0.89121,0.33333
0.88382,0.75196,0.33333
0.90832,0.55701,0.33333
0.93282,0.30636,0.33333
0.95732,0.0,0.33333
0.09402,0.0,0.35897
0.11583,0.20817,0.35897
0.13764,0.54726,0.35897
0.15944,0.86349,0.35897
0.18125,1.0,0.35897
0.20296,1.0,0.35897
0.22467,1.0,0.35897
0.24637,1.0,0.35897
0.26808,1.0,0.35897
0.28979,1.0,0.35897
0.31149,1.0,0.35897
0.3332,1.0,0.35897
0.35491,1.0,0.35897
0.37661,1.0,0.35897
0.39832,1.0,0.35897
0.42003,1.0,0.35897
0.44174,1.0,0.35897
0.46344,1.0,0.35897
0.48515,1.0,0.35897
0.50686,1.0,0.35897
0.52856,1.0,0.35897
0.55027,1.0,0.35897
0.57198,1.0,0.35897
0.59368,1.0,0.35897
0.61539,1.0,0.35897
0.6371,1.0,0.35897
0.6588,1.0,0.35897
0.68051,1.0,0.35897
0.70222,1.0,0.35897
0.72392,1.0,0.35897
0.74563,1.0,0.35897
0.76734,1.0,0.35897
0.78904,1.0,0.35897
0.81075,1.0,0.35897
0.83589,0.97521,0.35897
0.86102,0.89162,0.35897
0.88616,0.75231,0.35897
0.9113,0.55726,0.35897
0.93643,0.3065,0.35897
0.96157,0.0,0.35897
0.09113,0.0,0.38461
0.11321,0.20857,0.38461
0.13528,0.54757,0.38461
0.15736,0.86353,0.38461
0.17943,1.0,0.38461
0.20199,1.0,0.38461
0.22454,1.0,0.38461
0.2471,1.0,0.38461
0.26966,1.0,0.38461
0.29221,1.0,0.38461
0.31477,1.0,0.38461
0.33732,1.0,0.38461
0.35988,1.0,0.38461
0.38244,1.0,0.38461
0.40499,1.0,0.38461
0.42755,1.0,0.38461
0.4501,1.0,0.38461
0.47266,1.0,0.38461
0.49522,1.0,0.38461
0.51777,1.0,0.38461
0.54033,1.0,0.38461
0.56288,1.0,0.38461
0.58544,1.0,0.38461
0.608,1.0,0.38461
0.63055,1.0,0.38461
0.65311,1.0,0.38461
0.67566,1.0,0.38461
0.69822,1.0,0.38461
0.72078,1.0,0.38461
0.74333,1.0,0.38461
0.76589,1.0,0.38461
0.78844,1.0,0.38461
0.811,1.0,0.38461
0.8331,0.98249,0.38461
0.85519,0.92108,0.38461
0.87729,0.81874,0.38461
0.89938,0.67546,0.38461
0.92148,0.49124,0.38461
0.94357,0.26609,0.38461
0.96567,0.0,0.38461
0.08834,0.0,0.41026
0.11073,0.20909,0.41026
0.13312,0.54799,0.41026
0.15551,0.86361,0.41026
0.17789,1.0,0.41026
0.20051,1.0,0.41026
0.22312,1.0,0.41026
0.24573,1.0,0.41026
0.26835,1.0,0.41026
0.29096,1.0,0.41026
0.31357,1.0,0.41026
0.33619,1.0,0.41026
0.3588,1.0,0.41026
0.38141,1.0,0.41026
0.40403,1.0,0.41026
0.42664,1.0,0.41026
0.44925,1.0,0.41026
0.47186,1.0,0.41026
0.49448,1.0,0.41026
0.51709,1.0,0.41026
0.5397,1.0,0.41026
0.56232,1.0,0.41026
0.58493,1.0,0.41026
0.60754,1.0,0.41026
0.63016,1.0,0.41026
0.65277,1.0,0.41026
0.67538,1.0,0.41026
0.698,1.0,0.41026
0.72061,1.0,0.41026
0.74322,1.0,0.41026
0.76583,1.0,0.41026
0.78845,1.0,0.41026
0.81106,1.0,0.41026
0.83371,0.98237,0.41026
0.85637,0.92097,0.41026
0.87902,0.81864,0.41026
0.90167,0.67538,0.41026
0.92432,0.49119,0.41026
0.94697,0.26606,0.41026
0.96963,0.0,0.41026
0.08563,0.0,0.4359
0.10839,0.20976,0.4359
0.13114,0.54855,0.4359
0.15389,0.86374,0.4359
0.17664,1.0,0.4359
0.1993,1.0,0.4359
0.22195,1.0,0.4359
0.2446,1.0,0.4359
0.26725,1.0,0.4359
0.28991,1.0,0.4359
0.31256,1.0,0.4359
0.33521,1.0,0.4359
0.35787,1.0,0.4359
0.38052,1.0,0.4359
0.40317,1.0,0.4359
0.42583,1.0,0.4359
0.44848,1.0,0.4359
0.47113,1.0,0.4359
0.49379,1.0,0.4359
0.51644,1.0,0.4359
0.53909,1.0,0.4359
0.56175,1.0,0.4359
0.5844,1.0,0.4359
0.60705,1.0,0.4359
0.62971,1.0,0.4359
0.65236,1.0,0.4359
0.67501,1.0,0.4359
0.69766,1.0,0.4359
0.72032,1.0,0.4359
0.74297,1.0,0.4359
0.76562,1.0,0.4359
0.78828,1.0,0.4359
0.81093,1.0,0.4359
0.83415,0.98225,0.4359
0.85737,0.92086,0.4359
0.88059,0.81854,0.4359
0.90381,0.6753,0.4359
0.92703,0.49112,0.4359
0.95025,0.26603,0.4359
0.97347,0.0,0.4359
0.0846,0.0,0.46154
0.10737,0.20965,0.46154
0.13014,0.5484,0.46154
0.15291,0.8636,0.46154
0.17568,1.0,0.46154
0.19835,1.0,0.46154
0.22103,1.0,0.46154
0.2437,1.0,0.46154
0.26638,1.0,0.46154
0.28906,1.0,0.46154
0.31173,1.0,0.46154
0.33441,1.0,0.46154
0.35709,1.0,0.46154
0.37976,1.0,0.46154
0.40244,1.0,0.46154
0.42511,1.0,0.46154
0.44779,1.0,0.46154
0.47047,1.0,0.46154
0.49314,1.0,0.46154
0.51582,1.0,0.46154
0.5385,1.0,0.46154
0.56117,1.0,0.46154
0.58385,1.0,0.46154
0.60652,1.0,0.46154
0.6292,1.0,0.46154
0.65188,1.0,0.46154
0.67455,1.0,0.46154
0.69723,1.0,0.46154
0.7199,1.0,0.46154
0.74258,1.0,0.46154
0.76526,1.0,0.46154
0.78793,1.0,0.46154
0.81061,1.0,0.46154
0.83441,0.98213,0.46154
0.85821,0.92075,0.46154
0.882,0.81844,0.46154
0.9058,0.67522,0.46154
0.9296,0.49107,0.46154
0.9534,0.266,0.46154
0.97719,0.0,0.46154
0.08435,0.0,0.48718
0.10701,0.20928,0.48718
0.12967,0.54803,0.48718
0.15233,0.86338,0.48718
0.17499,1.0,0.48718
0.19768,1.0,0.48718
0.22036,1.0,0.48718
0.24304,1.0,0.48718
0.26572,1.0,0.48718
0.2884,1.0,0.48718
0.31109,1.0,0.48718
0.33377,1.0,0.48718
0.35645,1.0,0.48718
0.37913,1.0,0.48718
0.40182,1.0,0.48718
0.4245,1.0,0.48718
0.44718,1.0,0.48718
0.46986,1.0,0.48718
0.49255,1.0,0.48718
0.51523,1.0,0.48718
0.53791,1.0,0.48718
0.56059,1.0,0.48718
0.58328,1.0,0.48718
0.60596,1.0,0.48718
0.62864,1.0,0.48718
0.65132,1.0,0.48718
0.67401,1.0,0.48718
0.69669,1.0,0.48718
0.71937,1.0,0.48718
0.74205,1.0,0.48718
0.76474,1.0,0.48718
0.78742,1.0,0.48718
0.8101,1.0,0.48718
0.83449,0.98201,0.48718
0.85888,0.92064,0.48718
0.88327,0.81835,0.48718
0.90766,0.67513,0.48718
0.93204,0.49101,0.48718
0.95643,0.26596,0.48718
0.98082,0.0,0.48718
0.08396,0.0,0.51282
0.10662,0.20918,0.51282
0.12928,0.5479,0.51282
0.15194,0.86325,0.51282
0.1746,1.0,0.51282
0.19727,1.0,0.51282
0.21994,1.0,0.51282
0.24261,1.0,0.51282
0.26528,1.0,0.51282
0.28795,1.0,0.51282
0.31063,1.0,0.51282
0.3333,1.0,0.51282
0.35597,1.0,0.51282
0.37864,1.0,0.51282
0.40131,1.0,0.51282
0.42398,1.0,0.51282
0.44666,1.0,0.51282
0.46933,1.0,0.51282
0.492,1.0,0.51282
0.51467,1.0,0.51282
0.53734,1.0,0.51282
0.56001,1.0,0.51282
0.58268,1.0,0.51282
0.60536,1.0,0.51282
0.62803,1.0,0.51282
0.6507,1.0,0.51282
0.67337,1.0,0.51282
0.69604,1.0,0.51282
0.71871,1.0,0.51282
0.74139,1.0,0.51282
0.76406,1.0,0.51282
0.78673,1.0,0.51282
0.8094,1.0,0.51282
0.83439,0.98189,0.51282
0.85939,0.92052,0.51282
0.88438,0.81824,0.51282
0.90937,0.67505,0.51282
0.93437,0.49095,0.51282
0.95936,0.26593,0.51282
0.98435,0.0,0.51282
0.08343,0.0,0.53846
0.10619,0.20937,0.53846
0.12896,0.54802,0.53846
0.15172,0.86322,0.53846
0.17448,1.0,0.53846
0.19713,1.0,0.53846
0.21977,1.0,0.53846
0.24242,1.0,0.53846
0.26506,1.0,0.53846
0.2877,1.0,0.53846
0.31035,1.0,0.53846
0.33299,1.0,0.53846
0.35563,1.0,0.53846
0.37828,1.0,0.53846
0.40092,1.0,0.53846
0.42357,1.0,0.53846
0.44621,1.0,0.53846
0.46885,1.0,0.53846
0.4915,1.0,0.53846
0.51414,1.0,0.53846
0.53678,1.0,0.53846
0.55943,1.0,0.53846
0.58207,1.0,0.53846
0.60472,1.0,0.53846
0.62736,1.0,0.53846
0.65,1.0,0.53846
0.67265,1.0,0.53846
0.69529,1.0,0.53846
0.71794,1.0,0.53846
0.74058,1.0,0.53846
0.76322,1.0,0.53846
0.78587,1.0,0.53846
0.80851,1.0,0.53846
0.83412,0.98177,0.53846
0.85974,0.92041,0.53846
0.88535,0.81815,0.53846
0.91096,0.67497,0.53846
0.93657,0.49089,0.53846
0.96219,0.2659,0.53846
0.9878,0.0,0.53846
0.08276,0.0,0.5641
0.10573,0.20983,0.5641
0.12871,0.54839,0.5641
0.15168,0.86328,0.5641
0.17466,1.0,0.5641
0.19809,1.0,0.5641
0.22153,1.0,0.5641
0.24497,1.0,0.5641
0.2684,1.0,0.5641
0.29184,1.0,0.5641
0.31527,1.0,0.5641
0.33871,1.0,0.5641
0.36215,1.0,0.5641
0.38558,1.0,0.5641
0.40902,1.0,0.5641
0.43245,1.0,0.5641
0.45589,1.0,0.5641
0.47933,1.0,0.5641
0.50276,1.0,0.5641
0.5262,1.0,0.5641
0.54963,1.0,0.5641
0.57307,1.0,0.5641
0.59651,1.0,0.5641
0.61994,1.0,0.5641
0.64338,1.0,0.5641
0.66681,1.0,0.5641
0.69025,1.0,0.5641
0.71369,1.0,0.5641
0.73712,1.0,0.5641
0.76056,1.0,0.5641
0.78399,1.0,0.5641
0.80743,1.0,0.5641
0.8304,0.98645,0.5641
0.85336,0.93948,0.5641
0.87633,0.86119,0.5641
0.8993,0.75158,0.5641
0.92226,0.61066,0.5641
0.94523,0.43843,0.5641
0.9682,0.23487,0.5641
0.99116,0.0,0.5641
0.08195,0.0,0.58974
0.10524,0.21057,0.58974
0.12853,0.54901,0.58974
0.15182,0.86343,0.58974
0.17512,1.0,0.58974
0.19849,1.0,0.58974
0.22186,1.0,0.58974
0.24523,1.0,0.58974
0.2686,1.0,0.58974
0.29198,1.0,0.58974
0.31535,1.0,0.58974
0.33872,1.0,0.58974
0.36209,1.0,0.58974
0.38546,1.0,0.58974
0.40884,1.0,0.58974
0.43221,1.0,0.58974
0.45558,1.0,0.58974
0.47895,1.0,0.58974
0.50232,1.0,0.58974
0.5257,1.0,0.58974
0.54907,1.0,0.58974
0.57244,1.0,0.58974
0.59581,1.0,0.58974
0.61918,1.0,0.58974
0.64256,1.0,0.58974
0.66593,1.0,0.58974
0.6893,1.0,0.58974
0.71267,1.0,0.58974
0.73604,1.0,0.58974
0.75942,1.0,0.58974
0.78279,1.0,0.58974
0.80616,1.0,0.58974
0.8297,0.98633,0.58974
0.85323,0.93936,0.58974
0.87677,0.86108,0.58974
0.9003,0.75149,0.58974
0.92384,0.61059,0.58974
0.94738,0.43837,0.58974
0.97091,0.23484,0.58974
0.99445,0.0,0.58974
0.08099,0.0,0.61539
0.10471,0.21159,0.61539
0.12843,0.54987,0.61539
0.15214,0.86367,0.61539
0.17586,1.0,0.61539
0.19915,1.0,0.61539
0.22244,1.0,0.61539
0.24573,1.0,0.61539
0.26902,1.0,0.61539
0.29231,1.0,0.61539
0.3156,1.0,0.61539
0.33889,1.0,0.61539
0.36218,1.0,0.61539
0.38547,1.0,0.61539
0.40876,1.0,0.61539
0.43205,1.0,0.61539
0.45534,1.0,0.61539
0.47863,1.0,0.61539
0.50192,1.0,0.61539
0.52522,1.0,0.61539
0.5485,1.0,0.61539
0.5718,1.0,0.61539
0.59509,1.0,0.61539
0.61838,1.0,0.61539
0.64167,1.0,0.61539
0.66496,1.0,0.61539
0.68825,1.0,0.61539
0.71154,1.0,0.61539
0.73483,1.0,0.61539
0.75812,1.0,0.61539
0.78141,1.0,0.61539
0.8047,1.0,0.61539
0.82882,0.98621,0.61539
0.85294,0.93925,0.61539
0.87706,0.86098,0.61539
0.90118,0.7514,0.61539
0.9253,0.61052,0.61539
0.94942,0.43832,0.61539
0.97355,0.23481,0.61539
0.99767,0.0,0.61539
0.0799,0.0,0.64103
0.10415,0.2129,0.64103
0.12839,0.55099,0.64103
0.15264,0.86401,0.64103
0.17689,1.0,0.64103
0.20008,1.0,0.64103
0.22327,1.0,0.64103
0.24646,1.0,0.64103
0.26965,1.0,0.64103
0.29284,1.0,0.64103
0.31603,1.0,0.64103
0.33923,1.0,0.64103
0.36242,1.0,0.64103
0.38561,1.0,0.64103
0.4088,1.0,0.64103
0.43199,1.0,0.64103
0.45518,1.0,0.64103
0.47837,1.0,0.64103
0.50156,1.0,0.64103
0.52476,1.0,0.64103
0.54795,1.0,0.64103
0.57114,1.0,0.64103
0.59433,1.0,0.64103
0.61752,1.0,0.64103
0.64071,1.0,0.64103
0.6639,1.0,0.64103
0.68709,1.0,0.64103
0.71028,1.0,0.64103
0.73348,1.0,0.64103
0.75667,1.0,0.64103
0.77986,1.0,0.64103
0.80305,1.0,0.64103
0.82767,0.99389,0.64103
0.85229,0.96994,0.64103
0.87691,0.92866,0.64103
0.90152,0.86756,0.64103
0.92614,0.78204,0.64103
0.95076,0.66266,0.64103
0.97538,0.48507,0.64103
1.0,0.00021,0.64103
0.07866,0.0,0.66667
0.10355,0.21449,0.66667
0.12843,0.55236,0.66667
0.15332,0.86445,0.66667
0.1782,1.0,0.66667
0.20128,1.0,0.66667
0.22435,1.0,0.66667
0.24742,1.0,0.66667
0.2705,1.0,0.66667
0.29357,1.0,0.66667
0.31665,1.0,0.66667
0.33972,1.0,0.66667
0.3628,1.0,0.66667
0.38587,1.0,0.66667
0.40895,1.0,0.66667
0.43202,1.0,0.66667
0.45509,1.0,0.66667
0.47817,1.0,0.66667
0.50124,1.0,0.66667
0.52432,1.0,0.66667
0.54739,1.0,0.66667
0.57047,1.0,0.66667
0.59354,1.0,0.66667
0.61661,1.0,0.66667
0.63969,1.0,0.66667
0.66276,1.0,0.66667
0.68584,1.0,0.66667
0.70891,1.0,0.66667
0.73199,1.0,0.66667
0.75506,1.0,0.66667
0.77813,1.0,0.66667
0.80121,1.0,0.66667
0.82594,0.99383,0.66667
0.85067,0.97006,0.66667
0.8754,0.92908,0.66667
0.90013,0.86844,0.66667
0.92486,0.78355,0.66667
0.9496,0.66506,0.66667
0.97433,0.48879,0.66667
0.99906,0.00754,0.66667
0.07729,0.0,0.69231
0.10291,0.21637,0.69231
0.12854,0.55398,0.69231
0.15417,0.86498,0.69231
0.1798,1.0,0.69231
0.20274,1.0,0.69231
0.22568,1.0,0.69231
0.24862,1.0,0.69231
0.27156,1.0,0.69231
0.2945,1.0,0.69231
0.31744,1.0,0.69231
0.34038,1.0,0.69231
0.36332,1.0,0.69231
0.38626,1.0,0.69231
0.4092,1.0,0.69231
0.43214,1.0,0.69231
0.45508,1.0,0.69231
0.47802,1.0,0.69231
0.50096,1.0,0.69231
0.5239,1.0,0.69231
0.54684,1.0,0.69231
0.56978,1.0,0.69231
0.59272,1.0,0.69231
0.61566,1.0,0.69231
0.6386,1.0,0.69231
0.66154,1.0,0.69231
0.68448,1.0,0.69231
0.70742,1.0,0.69231
0.73036,1.0,0.69231
0.7533,1.0,0.69231
0.77624,1.0,0.69231
0.79918,1.0,0.69231
0.82405,0.99387,0.69231
0.84891,0.97058,0.69231
0.87378,0.93045,0.69231
0.89865,0.87105,0.69231
0.92351,0.78789,0.69231
0.94838,0.67184,0.69231
0.97325,0.49918,0.69231
0.99811,0.02778,0.69231
0.07577,0.0,0.71795
0.10225,0.21854,0.71795
0.12873,0.55588,0.71795
0.1552,0.86561,0.71795
0.18168,1.0,0.71795
0.20447,1.0,0.71795
0.22726,1.0,0.71795
0.25005,1.0,0.71795
0.27284,1.0,0.71795
0.29562,1.0,0.71795
0.31841,1.0,0.71795
0.3412,1.0,0.71795
0.36399,1.0,0.71795
0.38678,1.0,0.71795
0.40956,1.0,0.71795
0.43235,1.0,0.71795
0.45514,1.0,0.71795
0.47793,1.0,0.71795
0.50072,1.0,0.71795
0.5235,1.0,0.71795
0.54629,1.0,0.71795
0.56908,1.0,0.71795
0.59187,1.0,0.71795
0.61465,1.0,0.71795
0.63744,1.0,0.71795
0.66023,1.0,0.71795
0.68302,1.0,0.71795
0.70581,1.0,0.71795
0.72859,1.0,0.71795
0.75138,1.0,0.71795
0.77417,1.0,0.71795
0.79696,1.0,0.71795
0.82199,0.99413,0.71795
0.84701,0.97203,0.71795
0.87204,0.93392,0.71795
0.89707,0.87752,0.71795
0.92209,0.79857,0.71795
0.94712,0.68837,0.71795
0.97215,0.52445,0.71795
0.99717,0.07687,0.71795
0.07411,0.0,0.74359
0.10155,0.22102,0.74359
0.12898,0.55803,0.74359
0.15642,0.86634,0.74359
0.18385,1.0,0.74359
0.20647,1.0,0.74359
0.22909,1.0,0.74359
0.25171,1.0,0.74359
0.27433,1.0,0.74359
0.29694,1.0,0.74359
0.31956,1.0,0.74359
0.34218,1.0,0.74359
0.3648,1.0,0.74359
0.38742,1.0,0.74359
0.41004,1.0,0.74359
0.43265,1.0,0.74359
0.45527,1.0,0.74359
0.47789,1.0,0.74359
0.50051,1.0,0.74359
0.52313,1.0,0.74359
0.54575,1.0,0.74359
0.56836,1.0,0.74359
0.59098,1.0,0.74359
0.6136,1.0,0.74359
0.63622,1.0,0.74359
0.65884,1.0,0.74359
0.68146,1.0,0.74359
0.70407,1.0,0.74359
0.72669,1.0,0.74359
0.74931,1.0,0.74359
0.77193,1.0,0.74359
0.79455,1.0,0.74359
0.81976,0.99551,0.74359
0.84497,0.97799,0.74359
0.87018,0.94779,0.74359
0.89539,0.9031,0.74359
0.9206,0.84053,0.74359
0.94581,0.75319,0.74359
0.97102,0.62327,0.74359
0.99623,0.26856,0.74359
0.07231,0.0,0.76923
0.10081,0.22381,0.76923
0.12931,0.56046,0.76923
0.15781,0.86718,0.76923
0.18631,1.0,0.76923
0.20874,1.0,0.76923
0.23117,1.0,0.76923
0.2536,1.0,0.76923
0.27603,1.0,0.76923
0.29846,1.0,0.76923
0.32089,1.0,0.76923
0.34332,1.0,0.76923
0.36576,1.0,0.76923
0.38819,1.0,0.76923
0.41062,1.0,0.76923
0.43305,1.0,0.76923
0.45548,1.0,0.76923
0.47791,1.0,0.76923
0.50034,1.0,0.76923
0.52277,1.0,0.76923
0.5452,1.0,0.76923
0.56764,1.0,0.76923
0.59007,1.0,0.76923
0.6125,1.0,0.76923
0.63493,1.0,0.76923
0.65736,1.0,0.76923
0.67979,1.0,0.76923
0.70222,1.0,0.76923
0.72465,1.0,0.76923
0.74708,1.0,0.76923
0.76952,1.0,0.76923
0.79195,1.0,0.76923
0.81736,0.99617,0.76923
0.84278,0.98104,0.76923
0.8682,0.95495,0.76923
0.89362,0.91634,0.76923
0.91903,0.86229,0.76923
0.94445,0.78685,0.76923
0.96987,0.67462,0.76923
0.99529,0.3682,0.76923
0.07037,0.0,0.79487
0.09411,0.16829,0.79487
0.11784,0.42456,0.79487
0.14158,0.69679,0.79487
0.16531,0.91296,0.79487
0.18905,1.0,0.79487
0.21213,1.0,0.79487
0.23521,1.0,0.79487
0.25829,1.0,0.79487
0.28137,1.0,0.79487
0.30445,1.0,0.79487
0.32753,1.0,0.79487
0.35061,1.0,0.79487
0.3737,1.0,0.79487
0.39678,1.0,0.79487
0.41986,1.0,0.79487
0.44294,1.0,0.79487
0.46602,1.0,0.79487
0.4891,1.0,0.79487
0.51218,1.0,0.79487
0.53526,1.0,0.79487
0.55834,1.0,0.79487
0.58143,1.0,0.79487
0.60451,1.0,0.79487
0.62759,1.0,0.79487
0.65067,1.0,0.79487
0.67375,1.0,0.79487
0.69683,1.0,0.79487
0.71991,1.0,0.79487
0.74299,1.0,0.79487
0.76608,1.0,0.79487
0.78916,1.0,0.79487
0.8148,0.99632,0.79487
0.84045,0.982,0.79487
0.8661,0.95732,0.79487
0.89175,0.92079,0.79487
0.9174,0.86965,0.79487
0.94305,0.79827,0.79487
0.9687,0.69208,0.79487
0.99434,0.40216,0.79487
0.06829,0.0,0.82051
0.09305,0.17141,0.82051
0.1178,0.42805,0.82051
0.14256,0.69906,0.82051
0.16731,0.91363,0.82051
0.19207,1.0,0.82051
0.21492,1.0,0.82051
0.23777,1.0,0.82051
0.26062,1.0,0.82051
0.28347,1.0,0.82051
0.30632,1.0,0.82051
0.32917,1.0,0.82051
0.35202,1.0,0.82051
0.37487,1.0,0.82051
0.39772,1.0,0.82051
0.42057,1.0,0.82051
0.44342,1.0,0.82051
0.46627,1.0,0.82051
0.48912,1.0,0.82051
0.51197,1.0,0.82051
0.53482,1.0,0.82051
0.55767,1.0,0.82051
0.58052,1.0,0.82051
0.60337,1.0,0.82051
0.62622,1.0,0.82051
0.64907,1.0,0.82051
0.67192,1.0,0.82051
0.69478,1.0,0.82051
0.71763,1.0,0.82051
0.74048,1.0,0.82051
0.76333,1.0,0.82051
0.78618,1.0,0.82051
0.81208,0.99647,0.82051
0.83798,0.98296,0.82051
0.86389,0.95968,0.82051
0.88979,0.92523,0.82051
0.91569,0.877,0.82051
0.94159,0.80969,0.82051
0.9675,0.70955,0.82051
0.9934,0.43613,0.82051
0.06607,0.0,0.84616
0.09193,0.17484,0.84616
0.11779,0.43188,0.84616
0.14365,0.70158,0.84616
0.16952,0.91438,0.84616
0.19538,1.0,0.84616
0.21888,1.0,0.84616
0.24239,1.0,0.84616
0.26589,1.0,0.84616
0.2894,1.0,0.84616
0.3129,1.0,0.84616
0.33641,1.0,0.84616
0.35991,1.0,0.84616
0.38342,1.0,0.84616
0.40692,1.0,0.84616
0.43043,1.0,0.84616
0.45393,1.0,0.84616
0.47744,1.0,0.84616
0.50094,1.0,0.84616
0.52445,1.0,0.84616
0.54795,1.0,0.84616
0.57146,1.0,0.84616
0.59497,1.0,0.84616
0.61847,1.0,0.84616
0.64198,1.0,0.84616
0.66548,1.0,0.84616
0.68899,1.0,0.84616
0.71249,1.0,0.84616
0.736,1.0,0.84616
0.7595,1.0,0.84616
0.78301,1.0,0.84616
0.80628,0.99749,0.84616
0.82955,0.98751,0.84616
0.85282,0.97043,0.84616
0.8761,0.94549,0.84616
0.89937,0.91135,0.84616
0.92264,0.86564,0.84616
0.94591,0.80365,0.84616
0.96919,0.71321,0.84616
0.99246,0.4701,0.84616
0.06371,0.0,0.8718
0.09076,0.17859,0.8718
0.11781,0.43606,0.8718
0.14487,0.70432,0.8718
0.17192,0.91522,0.8718
0.19897,1.0,0.8718
0.2222,1.0,0.8718
0.24543,1.0,0.8718
0.26865,1.0,0.8718
0.29188,1.0,0.8718
0.31511,1.0,0.8718
0.33833,1.0,0.8718
0.36156,1.0,0.8718
0.38479,1.0,0.8718
0.40801,1.0,0.8718
0.43124,1.0,0.8718
0.45447,1.0,0.8718
0.4777,1.0,0.8718
0.50092,1.0,0.8718
0.52415,1.0,0.8718
0.54738,1.0,0.8718
0.5706,1.0,0.8718
0.59383,1.0,0.8718
0.61706,1.0,0.8718
0.64028,1.0,0.8718
0.66351,1.0,0.8718
0.68674,1.0,0.8718
0.70996,1.0,0.8718
0.73319,1.0,0.8718
0.75642,1.0,0.8718
0.77965,1.0,0.8718
0.80319,0.99758,0.8718
0.82673,0.98824,0.8718
0.85027,0.97226,0.8718
0.87381,0.94891,0.8718
0.89735,0.91697,0.8718
0.92089,0.8742,0.8718
0.94443,0.81619,0.8718
0.96798,0.73156,0.8718
0.99152,0.50407,0.8718
0.0612,0.0,0.89744
0.08481,0.14519,0.89744
0.10842,0.35038,0.89744
0.13203,0.57703,0.89744
0.15564,0.78663,0.89744
0.17924,0.94064,0.89744
0.20285,1.0,0.89744
0.22674,1.0,0.89744
0.25062,1.0,0.89744
0.27451,1.0,0.89744
0.29839,1.0,0.89744
0.32228,1.0,0.89744
0.34616,1.0,0.89744
0.37005,1.0,0.89744
0.39393,1.0,0.89744
0.41782,1.0,0.89744
0.4417,1.0,0.89744
0.46559,1.0,0.89744
0.48947,1.0,0.89744
0.51336,1.0,0.89744
0.53724,1.0,0.89744
0.56113,1.0,0.89744
0.58501,1.0,0.89744
0.6089,1.0,0.89744
0.63278,1.0,0.89744
0.65667,1.0,0.89744
0.68055,1.0,0.89744
0.70444,1.0,0.89744
0.72833,1.0,0.89744
0.75221,1.0,0.89744
0.77609,1.0,0.89744
0.79993,0.99767,0.89744
0.82376,0.98897,0.89744
0.84759,0.97409,0.89744
0.87142,0.95234,0.89744
0.89525,0.92259,0.89744
0.91908,0.88276,0.89744
0.94291,0.82873,0.89744
0.96674,0.74992,0.89744
0.99057,0.53803,0.89744
0.05856,0.0,0.92308
0.0833,0.14919,0.92308
0.10805,0.35547,0.92308
0.13279,0.5813,0.92308
0.15753,0.7891,0.92308
0.18227,0.94133,0.92308
0.20702,1.0,0.92308
0.23057,1.0,0.92308
0.25413,1.0,0.92308
0.27768,1.0,0.92308
0.30124,1.0,0.92308
0.32479,1.0,0.92308
0.34835,1.0,0.92308
0.37191,1.0,0.92308
0.39546,1.0,0.92308
0.41902,1.0,0.92308
0.44257,1.0,0.92308
0.46613,1.0,0.92308
0.48968,1.0,0.92308
0.51324,1.0,0.92308
0.5368,1.0,0.92308
0.56035,1.0,0.92308
0.58391,1.0,0.92308
0.60746,1.0,0.92308
0.63102,1.0,0.92308
0.65458,1.0,0.92308
0.67813,1.0,0.92308
0.70169,1.0,0.92308
0.72524,1.0,0.92308
0.7488,1.0,0.92308
0.77235,1.0,0.92308
0.7965,0.99776,0.92308
0.82064,0.9897,0.92308
0.84478,0.97591,0.92308
0.86892,0.95577,0.92308
0.89306,0.92822,0.92308
0.9172,0.89132,0.92308
0.94135,0.84127,0.92308
0.96549,0.76826,0.92308
0.98963,0.57199,0.92308
0.05577,0.0,0.94872
0.08172,0.1535,0.94872
0.10767,0.36097,0.94872
0.13362,0.5859,0.94872
0.15957,0.79177,0.94872
0.18552,0.94208,0.94872
0.21147,1.0,0.94872
0.23467,1.0,0.94872
0.25788,1.0,0.94872
0.28108,1.0,0.94872
0.30429,1.0,0.94872
0.3275,1.0,0.94872
0.3507,1.0,0.94872
0.37391,1.0,0.94872
0.39712,1.0,0.94872
0.42032,1.0,0.94872
0.44353,1.0,0.94872
0.46674,1.0,0.94872
0.48994,1.0,0.94872
0.51315,1.0,0.94872
0.53636,1.0,0.94872
0.55956,1.0,0.94872
0.58277,1.0,0.94872
0.60598,1.0,0.94872
0.62918,1.0,0.94872
0.65239,1.0,0.94872
0.6756,1.0,0.94872
0.6988,1.0,0.94872
0.72201,1.0,0.94872
0.74522,1.0,0.94872
0.76842,1.0,0.94872
0.7929,0.99785,0.94872
0.81737,0.99044,0.94872
0.84185,0.97774,0.94872
0.86632,0.9592,0.94872
0.89079,0.93384,0.94872
0.91527,0.89988,0.94872
0.93974,0.85382,0.94872
0.96421,0.78662,0.94872
0.98869,0.60596,0.94872
0.05285,0.0,0.97436
0.08007,0.15814,0.97436
0.1073,0.36689,0.97436
0.13452,0.59086,0.97436
0.16175,0.79466,0.97436
0.18897,0.9429,0.97436
0.2162,1.0,0.97436
0.23904,1.0,0.97436
0.26187,1.0,0.97436
0.28471,1.0,0.97436
0.30755,1.0,0.97436
0.33039,1.0,0.97436
0.35323,1.0,0.97436
0.37606,1.0,0.97436
0.3989,1.0,0.97436
0.42174,1.0,0.97436
0.44458,1.0,0.97436
0.46741,1.0,0.97436
0.49025,1.0,0.97436
0.51309,1.0,0.97436
0.53593,1.0,0.97436
0.55876,1.0,0.97436
0.5816,1.0,0.97436
0.60444,1.0,0.97436
0.62728,1.0,0.97436
0.65012,1.0,0.97436
0.67295,1.0,0.97436
0.69579,1.0,0.97436
0.71863,1.0,0.97436
0.74147,1.0,0.97436
0.7643,1.0,0.97436
0.78913,0.99794,0.97436
0.81396,0.99116,0.97436
0.83878,0.97957,0.97436
0.86361,0.96264,0.97436
0.88844,0.93946,0.97436
0.91326,0.90844,0.97436
0.93809,0.86635,0.97436
0.96292,0.80496,0.97436
0.98775,0.63992,0.97436
0.04978,0.0,1.0
0.07427,0.13614,1.0
0.09876,0.31041,1.0
0.12325,0.50128,1.0
0.14774,0.68719,1.0
0.17224,0.84665,1.0
0.19673,0.95811,1.0
0.22122,1.0,1.0
0.24464,1.0,1.0
0.26807,1.0,1.0
0.29149,1.0,1.0
0.31492,1.0,1.0
0.33834,1.0,1.0
0.36177,1.0,1.0
0.38519,1.0,1.0
0.40862,1.0,1.0
0.43204,1.0,1.0
0.45547,1.0,1.0
0.47889,1.0,1.0
0.50232,1.0,1.0
0.52574,1.0,1.0
0.54917,1.0,1.0
0.57259,1.0,1.0
0.59602,1.0,1.0
0.61944,1.0,1.0
0.64287,1.0,1.0
0.66629,1.0,1.0
0.68972,1.0,1.0
0.71314,1.0,1.0
0.73657,1.0,1.0
0.75999,1.0,1.0
0.78519,0.99803,1.0
0.8104,0.99189,1.0
0.8356,0.98139,1.0
0.8608,0.96607,1.0
0.886,0.94508,1.0
0.9112,0.917,1.0
0.9364,0.8789,1.0
0.9616,0.82331,1.0
0.9868,0.67389,1.0
