0.13275,0.0,0.0
0.14751,0.0,0.0
0.16228,0.0,0.0
0.17704,0.0,0.0
0.1918,0.0,0.0
0.20657,0.0,0.0
0.22133,0.0,0.0
0.2361,0.0,0.0
0.25086,0.0,0.0
0.26563,0.0,0.0
0.28039,0.0,0.0
0.29515,0.0,0.0
0.30992,0.0,0.0
0.32468,0.0,0.0
0.33945,0.0,0.0
0.35421,0.0,0.0
0.36897,0.0,0.0
0.38374,0.0,0.0
0.3985,0.0,0.0
0.41327,0.0,0.0
0.42803,0.0,0.0
0.44279,0.0,0.0
0.45756,0.0,0.0
0.47232,0.0,0.0
0.48709,0.0,0.0
0.50185,0.0,0.0
0.51662,0.0,0.0
0.53138,0.0,0.0
0.54614,0.0,0.0
0.56091,0.0,0.0
0.57567,0.0,0.0
0.59044,0.0,0.0
0.6052,0.0,0.0
0.61996,0.0,0.0
0.63473,0.0,0.0
0.64949,0.0,0.0
0.66426,0.0,0.0
0.67902,0.0,0.0
0.69378,0.0,0.0
0.70855,0.0,0.0
0.09475,0.0,0.02564
0.11364,0.13903,0.02564
0.13254,0.19009,0.02564
0.15144,0.18597,0.02564
0.17034,0.15945,0.02564
0.18924,0.14332,0.02564
0.20579,0.14332,0.02564
0.22235,0.14332,0.02564
0.2389,0.14332,0.02564
0.25546,0.14332,0.02564
0.27201,0.14332,0.02564
0.28857,0.14332,0.02564
0.30512,0.14332,0.02564
0.32168,0.14332,0.02564
0.33823,0.14332,0.02564
0.35479,0.14332,0.02564
0.37135,0.14332,0.02564
0.3879,0.14332,0.02564
0.40446,0.14332,0.02564
0.42101,0.14332,0.02564
0.43757,0.14332,0.02564
0.45412,0.14332,0.02564
0.47068,0.14332,0.02564
0.48723,0.14332,0.02564
0.50379,0.14332,0.02564
0.52034,0.14332,0.02564
0.5369,0.14332,0.02564
0.55345,0.14332,0.02564
0.57001,0.14332,0.02564
0.5873,0.14214,0.02564
0.6046,0.13859,0.02564
0.62189,0.13266,0.02564
0.63918,0.12437,0.02564
0.65648,0.11371,0.02564
0.67377,0.10068,0.02564
0.69107,0.08528,0.02564
0.70836,0.06752,0.02564
0.72566,0.04738,0.02564
0.74295,0.02487,0.02564
0.76024,0.0,0.02564
0.07901,0.0,0.05128
0.09713,0.14856,0.05128
0.11526,0.23258,0.05128
0.13338,0.26879,0.05128
0.15151,0.27392,0.05128
0.16964,0.26472,0.05128
0.18776,0.25794,0.05128
0.20591,0.25794,0.05128
0.22405,0.25794,0.05128
0.2422,0.25794,0.05128
0.26034,0.25794,0.05128
0.27848,0.25794,0.05128
0.29663,0.25794,0.05128
0.31477,0.25794,0.05128
0.33292,0.25794,0.05128
0.35106,0.25794,0.05128
0.36921,0.25794,0.05128
0.38735,0.25794,0.05128
0.40549,0.25794,0.05128
0.42364,0.25794,0.05128
0.44178,0.25794,0.05128
0.45993,0.25794,0.05128
0.47807,0.25794,0.05128
0.49622,0.25794,0.05128
0.51436,0.25794,0.05128
0.5325,0.25794,0.05128
0.55065,0.25794,0.05128
0.56879,0.25794,0.05128
0.58694,0.25794,0.05128
0.60464,0.2558,0.05128
0.62234,0.24941,0.05128
0.64004,0.23876,0.05128
0.65774,0.22383,0.05128
0.67545,0.20465,0.05128
0.69315,0.1812,0.05128
0.71085,0.15348,0.05128
0.72855,0.12151,0.05128
0.74625,0.08527,0.05128
0.76396,0.04476,0.05128
0.78166,0.0,0.05128
0.06693,0.0,0.07692
0.08684,0.17026,0.07692
0.10675,0.2792,0.07692
0.12665,0.34035,0.07692
0.14656,0.36728,0.07692
0.16647,0.3735,0.07692
0.18638,0.37256,0.07692
0.20449,0.37256,0.07692
0.2226,0.37256,0.07692
0.24071,0.37256,0.07692
0.25882,0.37256,0.07692
0.27693,0.37256,0.07692
0.29504,0.37256,0.07692
0.31316,0.37256,0.07692
0.33127,0.37256,0.07692
0.34938,0.37256,0.07692
0.36749,0.37256,0.07692
0.3856,0.37256,0.07692
0.40371,0.37256,0.07692
0.42182,0.37256,0.07692
0.43993,0.37256,0.07692
0.45804,0.37256,0.07692
0.47615,0.37256,0.07692
0.49426,0.37256,0.07692
0.51237,0.37256,0.07692
0.53048,0.37256,0.07692
0.54859,0.37256,0.07692
0.5667,0.37256,0.07692
0.58481,0.37256,0.07692
0.60292,0.37256,0.07692
0.62244,0.36883,0.07692
0.64196,0.35765,0.07692
0.66147,0.33903,0.07692
0.68099,0.31295,0.07692
0.70051,0.27942,0.07692
0.72002,0.23844,0.07692
0.73954,0.19,0.07692
0.75906,0.13412,0.07692
0.77857,0.07079,0.07692
0.79809,0.0,0.07692
0.05675,0.0,0.10256
0.07814,0.19005,0.10256
0.09953,0.32338,0.10256
0.12092,0.40987,0.10256
0.14231,0.45941,0.10256
0.1637,0.48188,0.10256
0.18509,0.48718,0.10256
0.20391,0.48718,0.10256
0.22273,0.48718,0.10256
0.24156,0.48718,0.10256
0.26038,0.48718,0.10256
0.2792,0.48718,0.10256
0.29802,0.48718,0.10256
0.31684,0.48718,0.10256
0.33566,0.48718,0.10256
0.35448,0.48718,0.10256
0.3733,0.48718,0.10256
0.39212,0.48718,0.10256
0.41094,0.48718,0.10256
0.42976,0.48718,0.10256
0.44858,0.48718,0.10256
0.4674,0.48718,0.10256
0.48622,0.48718,0.10256
0.50504,0.48718,0.10256
0.52387,0.48718,0.10256
0.54269,0.48718,0.10256
0.56151,0.48718,0.10256
0.58033,0.48718,0.10256
0.59915,0.48718,0.10256
0.61797,0.48718,0.10256
0.63737,0.4823,0.10256
0.65676,0.46769,0.10256
0.67616,0.44333,0.10256
0.69556,0.40922,0.10256
0.71495,0.36538,0.10256
0.73435,0.3118,0.10256
0.75375,0.24846,0.10256
0.77315,0.17538,0.10256
0.79254,0.09256,0.10256
0.81194,0.0,0.10256
0.04777,0.0,0.1282
0.06722,0.18223,0.1282
0.08667,0.32611,0.1282
0.10611,0.43539,0.1282
0.12556,0.51384,0.1282
0.145,0.56521,0.1282
0.16445,0.59327,0.1282
0.1839,0.60179,0.1282
0.20338,0.60179,0.1282
0.22287,0.60179,0.1282
0.24235,0.60179,0.1282
0.26184,0.60179,0.1282
0.28133,0.60179,0.1282
0.30081,0.60179,0.1282
0.3203,0.60179,0.1282
0.33978,0.60179,0.1282
0.35927,0.60179,0.1282
0.37876,0.60179,0.1282
0.39824,0.60179,0.1282
0.41773,0.60179,0.1282
0.43721,0.60179,0.1282
0.4567,0.60179,0.1282
0.47618,0.60179,0.1282
0.49567,0.60179,0.1282
0.51516,0.60179,0.1282
0.53464,0.60179,0.1282
0.55413,0.60179,0.1282
0.57361,0.60179,0.1282
0.5931,0.60179,0.1282
0.61259,0.60179,0.1282
0.63207,0.60179,0.1282
0.65341,0.59436,0.1282
0.67475,0.57207,0.1282
0.6961,0.53492,0.1282
0.71744,0.48292,0.1282
0.73878,0.41606,0.1282
0.76012,0.33433,0.1282
0.78146,0.23775,0.1282
0.8028,0.12631,0.1282
0.82414,0.0,0.1282
0.03966,0.0,0.15384
0.06011,0.1973,0.15384
0.08056,0.36093,0.15384
0.10101,0.49212,0.15384
0.12145,0.59205,0.15384
0.1419,0.66195,0.15384
0.16235,0.703,0.15384
0.18279,0.71642,0.15384
0.2029,0.71642,0.15384
0.22301,0.71642,0.15384
0.24311,0.71642,0.15384
0.26322,0.71642,0.15384
0.28332,0.71642,0.15384
0.30343,0.71642,0.15384
0.32354,0.71642,0.15384
0.34364,0.71642,0.15384
0.36375,0.71642,0.15384
0.38386,0.71642,0.15384
0.40396,0.71642,0.15384
0.42407,0.71642,0.15384
0.44417,0.71642,0.15384
0.46428,0.71642,0.15384
0.48439,0.71642,0.15384
0.50449,0.71642,0.15384
0.5246,0.71642,0.15384
0.5447,0.71642,0.15384
0.56481,0.71642,0.15384
0.58492,0.71642,0.15384
0.60502,0.71642,0.15384
0.62513,0.71642,0.15384
0.64523,0.71642,0.15384
0.66634,0.70757,0.15384
0.68744,0.68103,0.15384
0.70855,0.63681,0.15384
0.72965,0.5749,0.15384
0.75076,0.4953,0.15384
0.77186,0.398,0.15384
0.79297,0.28303,0.15384
0.81407,0.15036,0.15384
0.83518,0.0,0.15384
0.03221,0.0,0.17949
0.05357,0.21165,0.17949
0.07494,0.3939,0.17949
0.09631,0.54564,0.17949
0.11768,0.66566,0.17949
0.13905,0.75284,0.17949
0.16042,0.806,0.17949
0.18178,0.82397,0.17949
0.20247,0.82397,0.17949
0.22315,0.82397,0.17949
0.24383,0.82397,0.17949
0.26451,0.82397,0.17949
0.28519,0.82397,0.17949
0.30587,0.82397,0.17949
0.32655,0.82397,0.17949
0.34724,0.82397,0.17949
0.36792,0.82397,0.17949
0.3886,0.82397,0.17949
0.40928,0.82397,0.17949
0.42996,0.82397,0.17949
0.45064,0.82397,0.17949
0.47132,0.82397,0.17949
0.492,0.82397,0.17949
0.51269,0.82397,0.17949
0.53337,0.82397,0.17949
0.55405,0.82397,0.17949
0.57473,0.82397,0.17949
0.59541,0.82397,0.17949
0.61609,0.82397,0.17949
0.63677,0.82397,0.17949
0.65746,0.82397,0.17949
0.67833,0.8138,0.17949
0.6992,0.78329,0.17949
0.72008,0.73242,0.17949
0.74095,0.66121,0.17949
0.76183,0.56966,0.17949
0.7827,0.45776,0.17949
0.80357,0.32552,0.17949
0.82445,0.17293,0.17949
0.84532,0.0,0.17949
0.02526,0.0,0.20513
0.04749,0.22376,0.20513
0.06972,0.41927,0.20513
0.09195,0.58425,0.20513
0.11418,0.71649,0.20513
0.13641,0.81371,0.20513
0.15864,0.87369,0.20513
0.18087,0.89419,0.20513
0.20119,0.89419,0.20513
0.22152,0.89419,0.20513
0.24185,0.89419,0.20513
0.26218,0.89419,0.20513
0.28251,0.89419,0.20513
0.30283,0.89419,0.20513
0.32316,0.89419,0.20513
0.34349,0.89419,0.20513
0.36382,0.89419,0.20513
0.38415,0.89419,0.20513
0.40447,0.89419,0.20513
0.4248,0.89419,0.20513
0.44513,0.89419,0.20513
0.46546,0.89419,0.20513
0.48579,0.89419,0.20513
0.50611,0.89419,0.20513
0.52644,0.89419,0.20513
0.54677,0.89419,0.20513
0.5671,0.89419,0.20513
0.58743,0.89419,0.20513
0.60775,0.89419,0.20513
0.62808,0.89419,0.20513
0.64841,0.89419,0.20513
0.66874,0.89419,0.20513
0.69199,0.88022,0.20513
0.71524,0.8383,0.20513
0.7385,0.76844,0.20513
0.76175,0.67064,0.20513
0.78501,0.5449,0.20513
0.80826,0.39121,0.20513
0.83151,0.20957,0.20513
0.85477,0.0,0.20513
0.01874,0.0,0.23077
0.04179,0.23475,0.23077
0.06483,0.44059,0.23077
0.08787,0.6149,0.23077
0.11091,0.75505,0.23077
0.13396,0.85843,0.23077
0.157,0.92237,0.23077
0.18004,0.94427,0.23077
0.20084,0.94427,0.23077
0.22163,0.94427,0.23077
0.24242,0.94427,0.23077
0.26321,0.94427,0.23077
0.28401,0.94427,0.23077
0.3048,0.94427,0.23077
0.32559,0.94427,0.23077
0.34639,0.94427,0.23077
0.36718,0.94427,0.23077
0.38797,0.94427,0.23077
0.40877,0.94427,0.23077
0.42956,0.94427,0.23077
0.45035,0.94427,0.23077
0.47115,0.94427,0.23077
0.49194,0.94427,0.23077
0.51273,0.94427,0.23077
0.53352,0.94427,0.23077
0.55432,0.94427,0.23077
0.57511,0.94427,0.23077
0.5959,0.94427,0.23077
0.6167,0.94427,0.23077
0.63749,0.94427,0.23077
0.65828,0.94427,0.23077
0.67908,0.94427,0.23077
0.70215,0.92952,0.23077
0.72522,0.88526,0.23077
0.74829,0.81148,0.23077
0.77136,0.70821,0.23077
0.79443,0.57542,0.23077
0.8175,0.41312,0.23077
0.84057,0.22131,0.23077
0.86363,0.0,0.23077
0.01258,0.0,0.25641
0.0364,0.24513,0.25641
0.06022,0.45964,0.25641
0.08403,0.64096,0.25641
0.10785,0.78649,0.25641
0.13167,0.89364,0.25641
0.15549,0.95983,0.25641
0.17931,0.98247,0.25641
0.20053,0.98247,0.25641
0.22174,0.98247,0.25641
0.24296,0.98247,0.25641
0.26417,0.98247,0.25641
0.28539,0.98247,0.25641
0.3066,0.98247,0.25641
0.32782,0.98247,0.25641
0.34903,0.98247,0.25641
0.37025,0.98247,0.25641
0.39146,0.98247,0.25641
0.41268,0.98247,0.25641
0.43389,0.98247,0.25641
0.45511,0.98247,0.25641
0.47632,0.98247,0.25641
0.49754,0.98247,0.25641
0.51875,0.98247,0.25641
0.53997,0.98247,0.25641
0.56118,0.98247,0.25641
0.5824,0.98247,0.25641
0.60361,0.98247,0.25641
0.62483,0.98247,0.25641
0.64604,0.98247,0.25641
0.66726,0.98247,0.25641
0.68847,0.98247,0.25641
0.71142,0.96712,0.25641
0.73436,0.92106,0.25641
0.7573,0.84431,0.25641
0.78025,0.73685,0.25641
0.80319,0.59869,0.25641
0.82614,0.42983,0.25641
0.84908,0.23027,0.25641
0.87202,0.0,0.25641
0.00671,0.0,0.28205
0.03128,0.2552,0.28205
0.05584,0.47723,0.28205
0.08041,0.66389,0.28205
0.10497,0.81293,0.28205
0.12954,0.92215,0.28205
0.15411,0.98932,0.28205
0.17867,1.0,0.28205
0.20027,1.0,0.28205
0.22186,1.0,0.28205
0.24345,1.0,0.28205
0.26505,1.0,0.28205
0.28664,1.0,0.28205
0.30824,1.0,0.28205
0.32983,1.0,0.28205
0.35143,1.0,0.28205
0.37302,1.0,0.28205
0.39461,1.0,0.28205
0.41621,1.0,0.28205
0.4378,1.0,0.28205
0.45939,1.0,0.28205
0.48099,1.0,0.28205
0.50258,1.0,0.28205
0.52418,1.0,0.28205
0.54577,1.0,0.28205
0.56737,1.0,0.28205
0.58896,1.0,0.28205
0.61055,1.0,0.28205
0.63215,1.0,0.28205
0.65374,1.0,0.28205
0.67534,1.0,0.28205
0.69693,1.0,0.28205
0.71981,0.99637,0.28205
0.7427,0.94893,0.28205
0.76558,0.86986,0.28205
0.78847,0.75914,0.28205
0.81135,0.61681,0.28205
0.83424,0.44284,0.28205
0.85712,0.23723,0.28205
0.88,0.0,0.28205
0.00111,0.0,0.30769
0.0264,0.26511,0.30769
0.05168,0.49379,0.30769
0.07697,0.68448,0.30769
0.10226,0.83554,0.30769
0.12755,0.94543,0.30769
0.15284,1.0,0.30769
0.17813,1.0,0.30769
0.20006,1.0,0.30769
0.22199,1.0,0.30769
0.24392,1.0,0.30769
0.26585,1.0,0.30769
0.28778,1.0,0.30769
0.30971,1.0,0.30769
0.33164,1.0,0.30769
0.35357,1.0,0.30769
0.3755,1.0,0.30769
0.39743,1.0,0.30769
0.41936,1.0,0.30769
0.44129,1.0,0.30769
0.46322,1.0,0.30769
0.48515,1.0,0.30769
0.50708,1.0,0.30769
0.52901,1.0,0.30769
0.55094,1.0,0.30769
0.57287,1.0,0.30769
0.5948,1.0,0.30769
0.61673,1.0,0.30769
0.63866,1.0,0.30769
0.66059,1.0,0.30769
0.68252,1.0,0.30769
0.70445,1.0,0.30769
0.72734,1.0,0.30769
0.75024,0.97053,0.30769
0.77314,0.88966,0.30769
0.79604,0.77643,0.30769
0.81893,0.63085,0.30769
0.84183,0.45292,0.30769
0.86473,0.24264,0.30769
0.88763,0.0,0.30769
0.0,0.0,0.33333
0.02538,0.26991,0.33333
0.05076,0.50258,0.33333
0.07615,0.69645,0.33333
0.10153,0.84994,0.33333
0.12691,0.96152,0.33333
0.15229,1.0,0.33333
0.17767,1.0,0.33333
0.1999,1.0,0.33333
0.22212,1.0,0.33333
0.24434,1.0,0.33333
0.26656,1.0,0.33333
0.28879,1.0,0.33333
0.31101,1.0,0.33333
0.33323,1.0,0.33333
0.35545,1.0,0.33333
0.37768,1.0,0.33333
0.3999,1.0,0.33333
0.42212,1.0,0.33333
0.44435,1.0,0.33333
0.46657,1.0,0.33333
0.48879,1.0,0.33333
0.51101,1.0,0.33333
0.53324,1.0,0.33333
0.55546,1.0,0.33333
0.57768,1.0,0.33333
0.59991,1.0,0.33333
0.62213,1.0,0.33333
0.64435,1.0,0.33333
0.66657,1.0,0.33333
0.6888,1.0,0.33333
0.71102,1.0,0.33333
0.73401,1.0,0.33333
0.757,0.98686,0.33333
0.77999,0.90462,0.33333
0.80298,0.78949,0.33333
0.82597,0.64146,0.33333
0.84896,0.46053,0.33333
0.87195,0.24672,0.33333
0.89494,0.0,0.33333
0.0007,0.0,0.35897
0.02593,0.27268,0.35897
0.05116,0.50793,0.35897
0.07639,0.70411,0.35897
0.10162,0.85956,0.35897
0.12685,0.97263,0.35897
0.15208,1.0,0.35897
0.17731,1.0,0.35897
0.19978,1.0,0.35897
0.22226,1.0,0.35897
0.24473,1.0,0.35897
0.2672,1.0,0.35897
0.28967,1.0,0.35897
0.31215,1.0,0.35897
0.33462,1.0,0.35897
0.35709,1.0,0.35897
0.37957,1.0,0.35897
0.40204,1.0,0.35897
0.42451,1.0,0.35897
0.44698,1.0,0.35897
0.46945,1.0,0.35897
0.49193,1.0,0.35897
0.5144,1.0,0.35897
0.53687,1.0,0.35897
0.55935,1.0,0.35897
0.58182,1.0,0.35897
0.60429,1.0,0.35897
0.62676,1.0,0.35897
0.64923,1.0,0.35897
0.67171,1.0,0.35897
0.69418,1.0,0.35897
0.71665,1.0,0.35897
0.73982,1.0,0.35897
0.76298,0.99852,0.35897
0.78615,0.9153,0.35897
0.80931,0.79881,0.35897
0.83248,0.64903,0.35897
0.85564,0.46597,0.35897
0.87881,0.24962,0.35897
0.90198,0.0,0.35897
0.00151,0.0,0.38461
0.02658,0.27545,0.38461
0.05166,0.51274,0.38461
0.07674,0.71032,0.38461
0.10181,0.86666,0.38461
0.12689,0.98023,0.38461
0.15197,1.0,0.38461
0.17704,1.0,0.38461
0.19972,1.0,0.38461
0.2224,1.0,0.38461
0.24508,1.0,0.38461
0.26776,1.0,0.38461
0.29044,1.0,0.38461
0.31312,1.0,0.38461
0.3358,1.0,0.38461
0.35848,1.0,0.38461
0.38116,1.0,0.38461
0.40384,1.0,0.38461
0.42652,1.0,0.38461
0.44919,1.0,0.38461
0.47187,1.0,0.38461
0.49455,1.0,0.38461
0.51723,1.0,0.38461
0.53991,1.0,0.38461
0.56259,1.0,0.38461
0.58527,1.0,0.38461
0.60795,1.0,0.38461
0.63063,1.0,0.38461
0.65331,1.0,0.38461
0.67599,1.0,0.38461
0.69867,1.0,0.38461
0.72134,1.0,0.38461
0.74477,1.0,0.38461
0.7682,1.0,0.38461
0.79163,0.92204,0.38461
0.81505,0.80469,0.38461
0.83848,0.65382,0.38461
0.86191,0.46941,0.38461
0.88534,0.25147,0.38461
0.90876,0.0,0.38461
0.0024,0.0,0.41026
0.02733,0.27826,0.41026
0.05225,0.51706,0.41026
0.07717,0.71517,0.41026
0.1021,0.87139,0.41026
0.12702,0.98449,0.41026
0.15195,1.0,0.41026
0.17687,1.0,0.41026
0.19971,1.0,0.41026
0.22256,1.0,0.41026
0.2454,1.0,0.41026
0.26824,1.0,0.41026
0.29108,1.0,0.41026
0.31393,1.0,0.41026
0.33677,1.0,0.41026
0.35961,1.0,0.41026
0.38245,1.0,0.41026
0.4053,1.0,0.41026
0.42814,1.0,0.41026
0.45098,1.0,0.41026
0.47383,1.0,0.41026
0.49667,1.0,0.41026
0.51951,1.0,0.41026
0.54235,1.0,0.41026
0.5652,1.0,0.41026
0.58804,1.0,0.41026
0.61088,1.0,0.41026
0.63372,1.0,0.41026
0.65657,1.0,0.41026
0.67941,1.0,0.41026
0.70225,1.0,0.41026
0.72509,1.0,0.41026
0.74887,1.0,0.41026
0.77265,1.0,0.41026
0.79643,0.92505,0.41026
0.82021,0.80732,0.41026
0.84399,0.65595,0.41026
0.86777,0.47093,0.41026
0.89155,0.25229,0.41026
0.91533,0.0,0.41026
0.0034,0.0,0.4359
0.02817,0.28111,0.4359
0.05294,0.52093,0.4359
0.07771,0.71874,0.4359
0.10248,0.87383,0.4359
0.12725,0.98549,0.4359
0.15202,1.0,0.4359
0.17679,1.0,0.4359
0.19975,1.0,0.4359
0.22271,1.0,0.4359
0.24568,1.0,0.4359
0.26864,1.0,0.4359
0.2916,1.0,0.4359
0.31457,1.0,0.4359
0.33753,1.0,0.4359
0.36049,1.0,0.4359
0.38346,1.0,0.4359
0.40642,1.0,0.4359
0.42938,1.0,0.4359
0.45235,1.0,0.4359
0.47531,1.0,0.4359
0.49827,1.0,0.4359
0.52124,1.0,0.4359
0.5442,1.0,0.4359
0.56716,1.0,0.4359
0.59012,1.0,0.4359
0.61309,1.0,0.4359
0.63605,1.0,0.4359
0.65901,1.0,0.4359
0.68198,1.0,0.4359
0.70494,1.0,0.4359
0.7279,1.0,0.4359
0.75213,1.0,0.4359
0.77635,1.0,0.4359
0.80058,0.92441,0.4359
0.8248,0.80675,0.4359
0.84902,0.65548,0.4359
0.87325,0.47061,0.4359
0.89747,0.25211,0.4359
0.92169,0.0,0.4359
0.00449,0.0,0.46154
0.0291,0.28412,0.46154
0.05372,0.5247,0.46154
0.07833,0.72168,0.46154
0.10295,0.875,0.46154
0.12757,0.98458,0.46154
0.15218,1.0,0.46154
0.1768,1.0,0.46154
0.19984,1.0,0.46154
0.22288,1.0,0.46154
0.24592,1.0,0.46154
0.26896,1.0,0.46154
0.292,1.0,0.46154
0.31504,1.0,0.46154
0.33808,1.0,0.46154
0.36112,1.0,0.46154
0.38416,1.0,0.46154
0.4072,1.0,0.46154
0.43025,1.0,0.46154
0.45329,1.0,0.46154
0.47633,1.0,0.46154
0.49937,1.0,0.46154
0.52241,1.0,0.46154
0.54545,1.0,0.46154
0.56849,1.0,0.46154
0.59153,1.0,0.46154
0.61457,1.0,0.46154
0.63761,1.0,0.46154
0.66065,1.0,0.46154
0.68369,1.0,0.46154
0.70673,1.0,0.46154
0.72977,1.0,0.46154
0.75453,1.0,0.46154
0.7793,1.0,0.46154
0.80406,0.92153,0.46154
0.82882,0.80424,0.46154
0.85359,0.65344,0.46154
0.87835,0.46914,0.46154
0.90311,0.25132,0.46154
0.92787,0.0,0.46154
0.00567,0.0,0.48718
0.03013,0.28744,0.48718
0.05459,0.52891,0.48718
0.07906,0.72503,0.48718
0.10352,0.87645,0.48718
0.12798,0.98381,0.48718
0.15244,1.0,0.48718
0.1769,1.0,0.48718
0.19998,1.0,0.48718
0.22305,1.0,0.48718
0.24613,1.0,0.48718
0.2692,1.0,0.48718
0.29228,1.0,0.48718
0.31535,1.0,0.48718
0.33843,1.0,0.48718
0.3615,1.0,0.48718
0.38458,1.0,0.48718
0.40765,1.0,0.48718
0.43073,1.0,0.48718
0.4538,1.0,0.48718
0.47688,1.0,0.48718
0.49995,1.0,0.48718
0.52303,1.0,0.48718
0.5461,1.0,0.48718
0.56917,1.0,0.48718
0.59225,1.0,0.48718
0.61532,1.0,0.48718
0.6384,1.0,0.48718
0.66147,1.0,0.48718
0.68455,1.0,0.48718
0.70762,1.0,0.48718
0.7307,1.0,0.48718
0.7561,1.0,0.48718
0.7815,1.0,0.48718
0.80689,0.91862,0.48718
0.83229,0.8017,0.48718
0.85769,0.65138,0.48718
0.88309,0.46766,0.48718
0.90849,0.25053,0.48718
0.93388,0.0,0.48718
0.00695,0.0,0.51282
0.03126,0.29111,0.51282
0.05557,0.53358,0.51282
0.07987,0.72883,0.51282
0.10418,0.87825,0.51282
0.12849,0.98325,0.51282
0.15279,1.0,0.51282
0.1771,1.0,0.51282
0.20017,1.0,0.51282
0.22323,1.0,0.51282
0.2463,1.0,0.51282
0.26936,1.0,0.51282
0.29243,1.0,0.51282
0.3155,1.0,0.51282
0.33856,1.0,0.51282
0.36163,1.0,0.51282
0.38469,1.0,0.51282
0.40776,1.0,0.51282
0.43083,1.0,0.51282
0.45389,1.0,0.51282
0.47696,1.0,0.51282
0.50002,1.0,0.51282
0.52309,1.0,0.51282
0.54616,1.0,0.51282
0.56922,1.0,0.51282
0.59229,1.0,0.51282
0.61535,1.0,0.51282
0.63842,1.0,0.51282
0.66149,1.0,0.51282
0.68455,1.0,0.51282
0.70762,1.0,0.51282
0.73068,1.0,0.51282
0.75682,1.0,0.51282
0.78295,0.99896,0.51282
0.80908,0.91571,0.51282
0.83521,0.79917,0.51282
0.86134,0.64932,0.51282
0.88747,0.46618,0.51282
0.91361,0.24975,0.51282
0.93974,0.0,0.51282
0.00833,0.0,0.53846
0.03248,0.29512,0.53846
0.05663,0.53875,0.53846
0.08078,0.7331,0.53846
0.10493,0.8804,0.53846
0.12909,0.98286,0.53846
0.15324,1.0,0.53846
0.17739,1.0,0.53846
0.2014,1.0,0.53846
0.22542,1.0,0.53846
0.24943,1.0,0.53846
0.27345,1.0,0.53846
0.29746,1.0,0.53846
0.32148,1.0,0.53846
0.34549,1.0,0.53846
0.36951,1.0,0.53846
0.39352,1.0,0.53846
0.41754,1.0,0.53846
0.44155,1.0,0.53846
0.46557,1.0,0.53846
0.48958,1.0,0.53846
0.5136,1.0,0.53846
0.53761,1.0,0.53846
0.56163,1.0,0.53846
0.58564,1.0,0.53846
0.60965,1.0,0.53846
0.63367,1.0,0.53846
0.65768,1.0,0.53846
0.6817,1.0,0.53846
0.70572,1.0,0.53846
0.72973,1.0,0.53846
0.7537,1.0,0.53846
0.77767,1.0,0.53846
0.80164,0.94416,0.53846
0.8256,0.85237,0.53846
0.84957,0.73434,0.53846
0.87354,0.5901,0.53846
0.89751,0.41962,0.53846
0.92148,0.22292,0.53846
0.94545,0.0,0.53846
0.0098,0.0,0.5641
0.0338,0.29952,0.5641
0.05779,0.54445,0.5641
0.08179,0.73788,0.5641
0.10578,0.88293,0.5641
0.12978,0.9827,0.5641
0.15378,1.0,0.5641
0.17777,1.0,0.5641
0.20169,1.0,0.5641
0.2256,1.0,0.5641
0.24952,1.0,0.5641
0.27343,1.0,0.5641
0.29735,1.0,0.5641
0.32127,1.0,0.5641
0.34518,1.0,0.5641
0.3691,1.0,0.5641
0.39301,1.0,0.5641
0.41693,1.0,0.5641
0.44084,1.0,0.5641
0.46476,1.0,0.5641
0.48868,1.0,0.5641
0.51259,1.0,0.5641
0.53651,1.0,0.5641
0.56042,1.0,0.5641
0.58434,1.0,0.5641
0.60825,1.0,0.5641
0.63217,1.0,0.5641
0.65609,1.0,0.5641
0.68,1.0,0.5641
0.70392,1.0,0.5641
0.72783,1.0,0.5641
0.75263,1.0,0.5641
0.77743,1.0,0.5641
0.80223,0.94115,0.5641
0.82703,0.84965,0.5641
0.85183,0.73201,0.5641
0.87663,0.58822,0.5641
0.90142,0.41829,0.5641
0.92622,0.22222,0.5641
0.95102,0.0,0.5641
0.01137,0.0,0.58974
0.03521,0.30434,0.58974
0.05905,0.55073,0.58974
0.08289,0.74323,0.58974
0.10673,0.88589,0.58974
0.13057,0.98277,0.58974
0.15441,1.0,0.58974
0.17825,1.0,0.58974
0.20202,1.0,0.58974
0.22579,1.0,0.58974
0.24956,1.0,0.58974
0.27333,1.0,0.58974
0.2971,1.0,0.58974
0.32088,1.0,0.58974
0.34465,1.0,0.58974
0.36842,1.0,0.58974
0.39219,1.0,0.58974
0.41596,1.0,0.58974
0.43973,1.0,0.58974
0.46351,1.0,0.58974
0.48728,1.0,0.58974
0.51105,1.0,0.58974
0.53482,1.0,0.58974
0.55859,1.0,0.58974
0.58236,1.0,0.58974
0.60614,1.0,0.58974
0.62991,1.0,0.58974
0.65368,1.0,0.58974
0.67745,1.0,0.58974
0.70122,1.0,0.58974
0.72499,1.0,0.58974
0.75071,1.0,0.58974
0.77643,1.0,0.58974
0.80215,0.93815,0.58974
0.82787,0.84693,0.58974
0.85359,0.72967,0.58974
0.87931,0.58634,0.58974
0.90503,0.41695,0.58974
0.93075,0.22151,0.58974
0.95647,0.0,0.58974
0.01304,0.0,0.61539
0.04067,0.35507,0.61539
0.0683,0.62749,0.61539
0.09593,0.82533,0.61539
0.12356,0.95666,0.61539
0.15118,1.0,0.61539
0.17881,1.0,0.61539
0.2024,1.0,0.61539
0.22598,1.0,0.61539
0.24956,1.0,0.61539
0.27314,1.0,0.61539
0.29673,1.0,0.61539
0.32031,1.0,0.61539
0.34389,1.0,0.61539
0.36748,1.0,0.61539
0.39106,1.0,0.61539
0.41464,1.0,0.61539
0.43822,1.0,0.61539
0.46181,1.0,0.61539
0.48539,1.0,0.61539
0.50897,1.0,0.61539
0.53255,1.0,0.61539
0.55614,1.0,0.61539
0.57972,1.0,0.61539
0.6033,1.0,0.61539
0.62688,1.0,0.61539
0.65047,1.0,0.61539
0.67405,1.0,0.61539
0.69763,1.0,0.61539
0.72122,1.0,0.61539
0.74527,1.0,0.61539
0.76933,1.0,0.61539
0.79339,0.95735,0.61539
0.81745,0.88371,0.61539
0.84151,0.78902,0.61539
0.86557,0.6733,0.61539
0.88963,0.53654,0.61539
0.91369,0.37873,0.61539
0.93774,0.19989,0.61539
0.9618,0.0,0.61539
0.0148,0.0,0.64103
0.04225,0.36137,0.64103
0.06969,0.635,0.64103
0.09714,0.83071,0.64103
0.12458,0.95834,0.64103
0.15203,1.0,0.64103
0.17947,1.0,0.64103
0.20282,1.0,0.64103
0.22617,1.0,0.64103
0.24952,1.0,0.64103
0.27287,1.0,0.64103
0.29622,1.0,0.64103
0.31957,1.0,0.64103
0.34292,1.0,0.64103
0.36626,1.0,0.64103
0.38961,1.0,0.64103
0.41296,1.0,0.64103
0.43631,1.0,0.64103
0.45966,1.0,0.64103
0.48301,1.0,0.64103
0.50636,1.0,0.64103
0.52971,1.0,0.64103
0.55305,1.0,0.64103
0.5764,1.0,0.64103
0.59975,1.0,0.64103
0.6231,1.0,0.64103
0.64645,1.0,0.64103
0.6698,1.0,0.64103
0.69315,1.0,0.64103
0.7165,1.0,0.64103
0.74144,1.0,0.64103
0.76638,1.0,0.64103
0.79133,0.95988,0.64103
0.81627,0.89084,0.64103
0.84121,0.80207,0.64103
0.86616,0.69357,0.64103
0.8911,0.56535,0.64103
0.91604,0.4174,0.64103
0.94099,0.24972,0.64103
0.96593,0.06233,0.64103
0.01666,0.0,0.66667
0.04392,0.36826,0.66667
0.07118,0.64326,0.66667
0.09844,0.83672,0.66667
0.12571,0.96041,0.66667
0.15297,1.0,0.66667
0.18023,1.0,0.66667
0.2033,1.0,0.66667
0.22637,1.0,0.66667
0.24944,1.0,0.66667
0.27251,1.0,0.66667
0.29558,1.0,0.66667
0.31865,1.0,0.66667
0.34172,1.0,0.66667
0.36479,1.0,0.66667
0.38786,1.0,0.66667
0.41093,1.0,0.66667
0.434,1.0,0.66667
0.45707,1.0,0.66667
0.48014,1.0,0.66667
0.50321,1.0,0.66667
0.52627,1.0,0.66667
0.54934,1.0,0.66667
0.57241,1.0,0.66667
0.59548,1.0,0.66667
0.61855,1.0,0.66667
0.64162,1.0,0.66667
0.66469,1.0,0.66667
0.68776,1.0,0.66667
0.71083,1.0,0.66667
0.73659,1.0,0.66667
0.76234,1.0,0.66667
0.78809,0.96865,0.66667
0.81385,0.90905,0.66667
0.8396,0.83242,0.66667
0.86535,0.73876,0.66667
0.89111,0.62808,0.66667
0.91686,0.50037,0.66667
0.94261,0.35563,0.66667
0.96837,0.19386,0.66667
0.01861,0.0,0.69231
0.04569,0.37579,0.69231
0.07277,0.65234,0.69231
0.09984,0.84345,0.69231
0.12692,0.96288,0.69231
0.154,1.0,0.69231
0.18107,1.0,0.69231
0.20485,1.0,0.69231
0.22863,1.0,0.69231
0.25241,1.0,0.69231
0.27619,1.0,0.69231
0.29997,1.0,0.69231
0.32375,1.0,0.69231
0.34753,1.0,0.69231
0.37131,1.0,0.69231
0.39509,1.0,0.69231
0.41887,1.0,0.69231
0.44265,1.0,0.69231
0.46643,1.0,0.69231
0.49021,1.0,0.69231
0.51399,1.0,0.69231
0.53777,1.0,0.69231
0.56155,1.0,0.69231
0.58533,1.0,0.69231
0.60911,1.0,0.69231
0.63289,1.0,0.69231
0.65667,1.0,0.69231
0.68045,1.0,0.69231
0.70423,1.0,0.69231
0.72846,1.0,0.69231
0.7527,1.0,0.69231
0.77693,0.9886,0.69231
0.80116,0.94715,0.69231
0.8254,0.89385,0.69231
0.84963,0.82872,0.69231
0.87386,0.75174,0.69231
0.8981,0.66292,0.69231
0.92233,0.56226,0.69231
0.94656,0.44975,0.69231
0.9708,0.3254,0.69231
0.02066,0.0,0.71795
0.04756,0.38405,0.71795
0.07445,0.66236,0.71795
0.10134,0.85094,0.71795
0.12823,0.96583,0.71795
0.15512,1.0,0.71795
0.18201,1.0,0.71795
0.20541,1.0,0.71795
0.2288,1.0,0.71795
0.2522,1.0,0.71795
0.27559,1.0,0.71795
0.29898,1.0,0.71795
0.32238,1.0,0.71795
0.34577,1.0,0.71795
0.36917,1.0,0.71795
0.39256,1.0,0.71795
0.41596,1.0,0.71795
0.43935,1.0,0.71795
0.46274,1.0,0.71795
0.48614,1.0,0.71795
0.50953,1.0,0.71795
0.53293,1.0,0.71795
0.55632,1.0,0.71795
0.57972,1.0,0.71795
0.60311,1.0,0.71795
0.6265,1.0,0.71795
0.6499,1.0,0.71795
0.67329,1.0,0.71795
0.69669,1.0,0.71795
0.72183,1.0,0.71795
0.74697,1.0,0.71795
0.77211,0.99242,0.71795
0.79725,0.95657,0.71795
0.82239,0.91048,0.71795
0.84753,0.85415,0.71795
0.87267,0.78758,0.71795
0.89781,0.71076,0.71795
0.92295,0.62371,0.71795
0.94809,0.52641,0.71795
0.97323,0.41887,0.71795
0.02281,0.0,0.74359
0.04952,0.39312,0.74359
0.07622,0.67341,0.74359
0.10293,0.85931,0.74359
0.12963,0.96928,0.74359
0.15634,1.0,0.74359
0.18304,1.0,0.74359
0.2071,1.0,0.74359
0.23115,1.0,0.74359
0.25521,1.0,0.74359
0.27927,1.0,0.74359
0.30332,1.0,0.74359
0.32737,1.0,0.74359
0.35143,1.0,0.74359
0.37549,1.0,0.74359
0.39954,1.0,0.74359
0.4236,1.0,0.74359
0.44765,1.0,0.74359
0.47171,1.0,0.74359
0.49576,1.0,0.74359
0.51982,1.0,0.74359
0.54387,1.0,0.74359
0.56793,1.0,0.74359
0.59198,1.0,0.74359
0.61604,1.0,0.74359
0.64009,1.0,0.74359
0.66415,1.0,0.74359
0.6882,1.0,0.74359
0.71216,1.0,0.74359
0.73611,1.0,0.74359
0.76007,0.9981,0.74359
0.78402,0.96931,0.74359
0.80798,0.93228,0.74359
0.83193,0.88703,0.74359
0.85589,0.83356,0.74359
0.87984,0.77185,0.74359
0.9038,0.70193,0.74359
0.92775,0.62377,0.74359
0.95171,0.53739,0.74359
0.97567,0.44278,0.74359
0.02505,0.0,0.76923
0.05157,0.40308,0.76923
0.07809,0.68561,0.76923
0.10461,0.86866,0.76923
0.13113,0.97331,0.76923
0.15765,1.0,0.76923
0.18417,1.0,0.76923
0.20772,1.0,0.76923
0.23127,1.0,0.76923
0.25483,1.0,0.76923
0.27838,1.0,0.76923
0.30193,1.0,0.76923
0.32549,1.0,0.76923
0.34904,1.0,0.76923
0.37259,1.0,0.76923
0.39614,1.0,0.76923
0.4197,1.0,0.76923
0.44325,1.0,0.76923
0.4668,1.0,0.76923
0.49035,1.0,0.76923
0.51391,1.0,0.76923
0.53746,1.0,0.76923
0.56101,1.0,0.76923
0.58456,1.0,0.76923
0.60812,1.0,0.76923
0.63167,1.0,0.76923
0.65522,1.0,0.76923
0.67877,1.0,0.76923
0.70372,1.0,0.76923
0.72866,1.0,0.76923
0.75361,0.99511,0.76923
0.77855,0.96663,0.76923
0.80349,0.92999,0.76923
0.82844,0.88523,0.76923
0.85338,0.83231,0.76923
0.87832,0.77126,0.76923
0.90327,0.70207,0.76923
0.92821,0.62474,0.76923
0.95316,0.53927,0.76923
0.9781,0.44565,0.76923
0.02739,0.0,0.79487
0.05373,0.41407,0.79487
0.08006,0.69912,0.79487
0.10639,0.87911,0.79487
0.13272,0.97801,0.79487
0.15905,1.0,0.79487
0.18539,1.0,0.79487
0.20954,1.0,0.79487
0.23369,1.0,0.79487
0.25784,1.0,0.79487
0.28199,1.0,0.79487
0.30614,1.0,0.79487
0.33029,1.0,0.79487
0.35444,1.0,0.79487
0.37859,1.0,0.79487
0.40275,1.0,0.79487
0.4269,1.0,0.79487
0.45105,1.0,0.79487
0.4752,1.0,0.79487
0.49935,1.0,0.79487
0.5235,1.0,0.79487
0.54765,1.0,0.79487
0.5718,1.0,0.79487
0.59595,1.0,0.79487
0.6201,1.0,0.79487
0.64426,1.0,0.79487
0.66841,1.0,0.79487
0.69242,1.0,0.79487
0.71643,1.0,0.79487
0.74044,0.99733,0.79487
0.76445,0.97319,0.79487
0.78845,0.94216,0.79487
0.81247,0.90423,0.79487
0.83647,0.8594,0.79487
0.86048,0.80768,0.79487
0.88449,0.74906,0.79487
0.9085,0.68355,0.79487
0.93251,0.61114,0.79487
0.95652,0.53183,0.79487
0.98053,0.44563,0.79487
0.02983,0.0,0.82051
0.05597,0.42623,0.82051
0.08212,0.71412,0.82051
0.10826,0.89082,0.82051
0.13441,0.98344,0.82051
0.16055,1.0,0.82051
0.1867,1.0,0.82051
0.21022,1.0,0.82051
0.23374,1.0,0.82051
0.25726,1.0,0.82051
0.28078,1.0,0.82051
0.3043,1.0,0.82051
0.32782,1.0,0.82051
0.35134,1.0,0.82051
0.37486,1.0,0.82051
0.39838,1.0,0.82051
0.4219,1.0,0.82051
0.44542,1.0,0.82051
0.46894,1.0,0.82051
0.49246,1.0,0.82051
0.51598,1.0,0.82051
0.5395,1.0,0.82051
0.56302,1.0,0.82051
0.58654,1.0,0.82051
0.61006,1.0,0.82051
0.63358,1.0,0.82051
0.6571,1.0,0.82051
0.68216,1.0,0.82051
0.70723,1.0,0.82051
0.7323,0.99412,0.82051
0.75736,0.97013,0.82051
0.78243,0.93928,0.82051
0.8075,0.90156,0.82051
0.83256,0.857,0.82051
0.85763,0.80557,0.82051
0.8827,0.7473,0.82051
0.90777,0.68215,0.82051
0.93283,0.61016,0.82051
0.9579,0.53132,0.82051
0.98297,0.44561,0.82051
0.03236,0.0,0.84616
0.05832,0.43972,0.84616
0.08427,0.73084,0.84616
0.11023,0.90397,0.84616
0.13619,0.98973,0.84616
0.16214,1.0,0.84616
0.1881,1.0,0.84616
0.21214,1.0,0.84616
0.23618,1.0,0.84616
0.26022,1.0,0.84616
0.28426,1.0,0.84616
0.3083,1.0,0.84616
0.33234,1.0,0.84616
0.35638,1.0,0.84616
0.38042,1.0,0.84616
0.40445,1.0,0.84616
0.42849,1.0,0.84616
0.45253,1.0,0.84616
0.47657,1.0,0.84616
0.50061,1.0,0.84616
0.52465,1.0,0.84616
0.54869,1.0,0.84616
0.57273,1.0,0.84616
0.59677,1.0,0.84616
0.62081,1.0,0.84616
0.64485,1.0,0.84616
0.66917,1.0,0.84616
0.6935,1.0,0.84616
0.71782,0.99515,0.84616
0.74215,0.97458,0.84616
0.76647,0.94813,0.84616
0.7908,0.9158,0.84616
0.81512,0.8776,0.84616
0.83945,0.83351,0.84616
0.86377,0.78356,0.84616
0.8881,0.72772,0.84616
0.91242,0.66601,0.84616
0.93675,0.59841,0.84616
0.96107,0.52494,0.84616
0.9854,0.44559,0.84616
0.03499,0.0,0.8718
0.06075,0.45476,0.8718
0.08652,0.74953,0.8718
0.11229,0.91879,0.8718
0.13806,0.99701,0.8718
0.16383,1.0,0.8718
0.1896,1.0,0.8718
0.21286,1.0,0.8718
0.23613,1.0,0.8718
0.2594,1.0,0.8718
0.28266,1.0,0.8718
0.30593,1.0,0.8718
0.32919,1.0,0.8718
0.35246,1.0,0.8718
0.37573,1.0,0.8718
0.39899,1.0,0.8718
0.42226,1.0,0.8718
0.44553,1.0,0.8718
0.46879,1.0,0.8718
0.49206,1.0,0.8718
0.51532,1.0,0.8718
0.53859,1.0,0.8718
0.56186,1.0,0.8718
0.58512,1.0,0.8718
0.60839,1.0,0.8718
0.63166,1.0,0.8718
0.6571,1.0,0.8718
0.68254,1.0,0.8718
0.70798,0.99192,0.8718
0.73342,0.97147,0.8718
0.75886,0.94518,0.8718
0.7843,0.91304,0.8718
0.80974,0.87506,0.8718
0.83519,0.83123,0.8718
0.86063,0.78156,0.8718
0.88607,0.72605,0.8718
0.91151,0.66469,0.8718
0.93695,0.5975,0.8718
0.96239,0.52445,0.8718
0.98783,0.44557,0.8718
0.03771,0.0,0.89744
0.06329,0.47161,0.89744
0.08887,0.77054,0.89744
0.11445,0.93556,0.89744
0.14003,1.0,0.89744
0.16561,1.0,0.89744
0.19118,1.0,0.89744
0.21487,1.0,0.89744
0.23856,1.0,0.89744
0.26224,1.0,0.89744
0.28593,1.0,0.89744
0.30961,1.0,0.89744
0.3333,1.0,0.89744
0.35698,1.0,0.89744
0.38067,1.0,0.89744
0.40435,1.0,0.89744
0.42804,1.0,0.89744
0.45173,1.0,0.89744
0.47541,1.0,0.89744
0.4991,1.0,0.89744
0.52278,1.0,0.89744
0.54647,1.0,0.89744
0.57015,1.0,0.89744
0.59384,1.0,0.89744
0.61752,1.0,0.89744
0.64237,1.0,0.89744
0.66722,1.0,0.89744
0.69207,0.99206,0.89744
0.71692,0.97435,0.89744
0.74177,0.95158,0.89744
0.76662,0.92375,0.89744
0.79147,0.89086,0.89744
0.81632,0.85291,0.89744
0.84117,0.80989,0.89744
0.86602,0.76182,0.89744
0.89087,0.70869,0.89744
0.91572,0.6505,0.89744
0.94057,0.58724,0.89744
0.96542,0.51893,0.89744
0.99027,0.44555,0.89744
0.04053,0.0,0.92308
0.06592,0.49059,0.92308
0.09131,0.79428,0.92308
0.1167,0.95465,0.92308
0.14209,1.0,0.92308
0.16748,1.0,0.92308
0.19287,1.0,0.92308
0.21696,1.0,0.92308
0.24105,1.0,0.92308
0.26515,1.0,0.92308
0.28924,1.0,0.92308
0.31333,1.0,0.92308
0.33743,1.0,0.92308
0.36152,1.0,0.92308
0.38561,1.0,0.92308
0.4097,1.0,0.92308
0.4338,1.0,0.92308
0.45789,1.0,0.92308
0.48198,1.0,0.92308
0.50608,1.0,0.92308
0.53017,1.0,0.92308
0.55426,1.0,0.92308
0.57836,1.0,0.92308
0.60245,1.0,0.92308
0.62684,1.0,0.92308
0.65123,1.0,0.92308
0.67562,0.99156,0.92308
0.70001,0.97609,0.92308
0.7244,0.95619,0.92308
0.74879,0.93187,0.92308
0.77318,0.90314,0.92308
0.79757,0.86998,0.92308
0.82197,0.83239,0.92308
0.84636,0.79039,0.92308
0.87075,0.74396,0.92308
0.89514,0.69312,0.92308
0.91953,0.63785,0.92308
0.94392,0.57816,0.92308
0.96831,0.51406,0.92308
0.9927,0.44553,0.92308
0.04344,0.0,0.94872
0.06864,0.51213,0.94872
0.09384,0.82129,0.94872
0.11904,0.97649,0.94872
0.14424,1.0,0.94872
0.16944,1.0,0.94872
0.19464,1.0,0.94872
0.21913,1.0,0.94872
0.24362,1.0,0.94872
0.2681,1.0,0.94872
0.29259,1.0,0.94872
0.31708,1.0,0.94872
0.34156,1.0,0.94872
0.36605,1.0,0.94872
0.39054,1.0,0.94872
0.41503,1.0,0.94872
0.43951,1.0,0.94872
0.464,1.0,0.94872
0.48849,1.0,0.94872
0.51297,1.0,0.94872
0.53746,1.0,0.94872
0.56195,1.0,0.94872
0.58643,1.0,0.94872
0.61048,1.0,0.94872
0.63452,1.0,0.94872
0.65856,0.99056,0.94872
0.6826,0.97693,0.94872
0.70664,0.95941,0.94872
0.73068,0.938,0.94872
0.75472,0.91269,0.94872
0.77876,0.88349,0.94872
0.8028,0.8504,0.94872
0.82685,0.81342,0.94872
0.85089,0.77254,0.94872
0.87493,0.72777,0.94872
0.89897,0.6791,0.94872
0.92301,0.62654,0.94872
0.94705,0.5701,0.94872
0.97109,0.50975,0.94872
0.99513,0.44551,0.94872
0.04646,0.0,0.97436
0.07147,0.53674,0.97436
0.09647,0.85225,0.97436
0.12148,1.0,0.97436
0.14649,1.0,0.97436
0.1715,1.0,0.97436
0.19651,1.0,0.97436
0.22137,1.0,0.97436
0.24624,1.0,0.97436
0.2711,1.0,0.97436
0.29597,1.0,0.97436
0.32083,1.0,0.97436
0.3457,1.0,0.97436
0.37056,1.0,0.97436
0.39543,1.0,0.97436
0.42029,1.0,0.97436
0.44515,1.0,0.97436
0.47002,1.0,0.97436
0.49488,1.0,0.97436
0.51975,1.0,0.97436
0.54461,1.0,0.97436
0.56948,1.0,0.97436
0.59326,1.0,0.97436
0.61704,0.99779,0.97436
0.64083,0.98916,0.97436
0.66461,0.97708,0.97436
0.68839,0.96155,0.97436
0.71217,0.94256,0.97436
0.73596,0.92012,0.97436
0.75974,0.89423,0.97436
0.78352,0.86489,0.97436
0.8073,0.8321,0.97436
0.83109,0.79586,0.97436
0.85487,0.75616,0.97436
0.87865,0.71301,0.97436
0.90244,0.66641,0.97436
0.92622,0.61635,0.97436
0.95,0.56286,0.97436
0.97378,0.50589,0.97436
0.99757,0.44549,0.97436
0.04956,0.0,1.0
0.07438,0.56513,1.0
0.0992,0.88802,1.0
0.12402,1.0,1.0
0.14883,1.0,1.0
0.17365,1.0,1.0
0.19847,1.0,1.0
0.22201,1.0,1.0
0.24555,1.0,1.0
0.26909,1.0,1.0
0.29263,1.0,1.0
0.31617,1.0,1.0
0.33971,1.0,1.0
0.36325,1.0,1.0
0.3868,1.0,1.0
0.41034,1.0,1.0
0.43388,1.0,1.0
0.45742,1.0,1.0
0.48096,1.0,1.0
0.5045,1.0,1.0
0.52804,1.0,1.0
0.55158,1.0,1.0
0.57649,0.9996,1.0
0.60141,0.99445,1.0
0.62632,0.98587,1.0
0.65123,0.97387,1.0
0.67614,0.95843,1.0
0.70105,0.93955,1.0
0.72597,0.91725,1.0
0.75088,0.89152,1.0
0.77579,0.86235,1.0
0.8007,0.82976,1.0
0.82562,0.79373,1.0
0.85053,0.75427,1.0
0.87544,0.71138,1.0
0.90035,0.66506,1.0
0.92526,0.61531,1.0
0.95018,0.56213,1.0
0.97509,0.50551,1.0
1.0,0.44547,1.0
