0.05639,0.0,0.0
0.07551,0.0,0.0
0.09463,0.0,0.0
0.11374,0.0,0.0
0.13286,0.0,0.0
0.15198,0.0,0.0
0.1711,0.0,0.0
0.19022,0.0,0.0
0.20933,0.0,0.0
0.22845,0.0,0.0
0.24757,0.0,0.0
0.26669,0.0,0.0
0.2858,0.0,0.0
0.30492,0.0,0.0
0.32404,0.0,0.0
0.34316,0.0,0.0
0.36227,0.0,0.0
0.38139,0.0,0.0
0.40051,0.0,0.0
0.41963,0.0,0.0
0.43875,0.0,0.0
0.45786,0.0,0.0
0.47698,0.0,0.0
0.4961,0.0,0.0
0.51522,0.0,0.0
0.53433,0.0,0.0
0.55345,0.0,0.0
0.57257,0.0,0.0
0.59169,0.0,0.0
0.61081,0.0,0.0
0.62992,0.0,0.0
0.64904,0.0,0.0
0.66816,0.0,0.0
0.68728,0.0,0.0
0.70639,0.0,0.0
0.72551,0.0,0.0
0.74463,0.0,0.0
0.76375,0.0,0.0
0.78286,0.0,0.0
0.80198,0.0,0.0
0.04759,0.0,0.02565
0.06754,0.07194,0.02565
0.0875,0.10027,0.02565
0.10745,0.09683,0.02565
0.12741,0.07351,0.02565
0.14736,0.04216,0.02565
0.16731,0.01465,0.02565
0.18727,0.00284,0.02565
0.2072,0.00284,0.02565
0.22713,0.00284,0.02565
0.24707,0.00284,0.02565
0.267,0.00284,0.02565
0.28693,0.00284,0.02565
0.30687,0.00284,0.02565
0.3268,0.00284,0.02565
0.34673,0.00284,0.02565
0.36667,0.00284,0.02565
0.3866,0.00284,0.02565
0.40653,0.00284,0.02565
0.42647,0.00284,0.02565
0.4464,0.00284,0.02565
0.46633,0.00284,0.02565
0.48626,0.00284,0.02565
0.5062,0.00284,0.02565
0.52613,0.00284,0.02565
0.54606,0.00284,0.02565
0.566,0.00284,0.02565
0.58737,0.00283,0.02565
0.60875,0.00281,0.02565
0.63012,0.00277,0.02565
0.6515,0.00271,0.02565
0.67287,0.00262,0.02565
0.69425,0.00252,0.02565
0.71562,0.0024,0.02565
0.737,0.00224,0.02565
0.75838,0.00205,0.02565
0.77975,0.00181,0.02565
0.80113,0.00151,0.02565
0.8225,0.0011,0.02565
0.84388,0.0,0.02565
0.04394,0.0,0.05128
0.06723,0.08005,0.05128
0.09052,0.10455,0.05128
0.11381,0.09177,0.05128
0.1371,0.06001,0.05128
0.16039,0.02754,0.05128
0.18368,0.01266,0.05128
0.20342,0.01266,0.05128
0.22316,0.01266,0.05128
0.2429,0.01266,0.05128
0.26264,0.01266,0.05128
0.28238,0.01266,0.05128
0.30212,0.01266,0.05128
0.32186,0.01266,0.05128
0.3416,0.01266,0.05128
0.36134,0.01266,0.05128
0.38108,0.01266,0.05128
0.40081,0.01266,0.05128
0.42055,0.01266,0.05128
0.44029,0.01266,0.05128
0.46003,0.01266,0.05128
0.47977,0.01266,0.05128
0.49951,0.01266,0.05128
0.51925,0.01266,0.05128
0.53899,0.01266,0.05128
0.55873,0.01266,0.05128
0.58033,0.01263,0.05128
0.60194,0.01253,0.05128
0.62355,0.01237,0.05128
0.64516,0.01213,0.05128
0.66677,0.01182,0.05128
0.68837,0.01144,0.05128
0.70998,0.01096,0.05128
0.73159,0.01039,0.05128
0.75319,0.00969,0.05128
0.7748,0.00886,0.05128
0.79641,0.00783,0.05128
0.81802,0.00652,0.05128
0.83962,0.0047,0.05128
0.86123,0.0,0.05128
0.04115,0.0,0.07693
0.06434,0.08167,0.07693
0.08753,0.11113,0.07693
0.11072,0.10502,0.07693
0.13391,0.08004,0.07693
0.1571,0.05282,0.07693
0.1803,0.04004,0.07693
0.20094,0.04004,0.07693
0.22159,0.04004,0.07693
0.24223,0.04004,0.07693
0.26288,0.04004,0.07693
0.28352,0.04004,0.07693
0.30417,0.04004,0.07693
0.32481,0.04004,0.07693
0.34546,0.04004,0.07693
0.36611,0.04004,0.07693
0.38675,0.04004,0.07693
0.4074,0.04004,0.07693
0.42804,0.04004,0.07693
0.44869,0.04004,0.07693
0.46933,0.04004,0.07693
0.48998,0.04004,0.07693
0.51062,0.04004,0.07693
0.53127,0.04004,0.07693
0.55192,0.04004,0.07693
0.57342,0.03995,0.07693
0.59493,0.03969,0.07693
0.61644,0.03924,0.07693
0.63795,0.0386,0.07693
0.65946,0.03775,0.07693
0.68097,0.0367,0.07693
0.70248,0.03541,0.07693
0.72399,0.03387,0.07693
0.7455,0.03204,0.07693
0.767,0.02985,0.07693
0.78851,0.02723,0.07693
0.81002,0.02403,0.07693
0.83153,0.01998,0.07693
0.85304,0.01437,0.07693
0.87455,0.0,0.07693
0.03879,0.0,0.10256
0.06184,0.08417,0.10256
0.08489,0.1211,0.10256
0.10794,0.12503,0.10256
0.131,0.11019,0.10256
0.15405,0.09085,0.10256
0.1771,0.08123,0.10256
0.19878,0.08123,0.10256
0.22045,0.08123,0.10256
0.24212,0.08123,0.10256
0.2638,0.08123,0.10256
0.28547,0.08123,0.10256
0.30715,0.08123,0.10256
0.32882,0.08123,0.10256
0.3505,0.08123,0.10256
0.37217,0.08123,0.10256
0.39384,0.08123,0.10256
0.41552,0.08123,0.10256
0.43719,0.08123,0.10256
0.45887,0.08123,0.10256
0.48054,0.08123,0.10256
0.50221,0.08123,0.10256
0.52389,0.08123,0.10256
0.54556,0.08123,0.10256
0.56683,0.08108,0.10256
0.58809,0.08059,0.10256
0.60935,0.07979,0.10256
0.63062,0.07865,0.10256
0.65188,0.07716,0.10256
0.67314,0.0753,0.10256
0.69441,0.07304,0.10256
0.71567,0.07035,0.10256
0.73693,0.06716,0.10256
0.7582,0.06341,0.10256
0.77946,0.05899,0.10256
0.80072,0.05373,0.10256
0.82198,0.04735,0.10256
0.84325,0.03933,0.10256
0.86451,0.02826,0.10256
0.88578,0.0,0.10256
0.03671,0.0,0.12821
0.05961,0.08662,0.12821
0.08251,0.13102,0.12821
0.10541,0.14498,0.12821
0.12831,0.14032,0.12821
0.15121,0.12886,0.12821
0.1741,0.12242,0.12821
0.19561,0.12242,0.12821
0.21711,0.12242,0.12821
0.23862,0.12242,0.12821
0.26012,0.12242,0.12821
0.28162,0.12242,0.12821
0.30313,0.12242,0.12821
0.32463,0.12242,0.12821
0.34614,0.12242,0.12821
0.36764,0.12242,0.12821
0.38914,0.12242,0.12821
0.41065,0.12242,0.12821
0.43215,0.12242,0.12821
0.45365,0.12242,0.12821
0.47516,0.12242,0.12821
0.49666,0.12242,0.12821
0.51817,0.12242,0.12821
0.53967,0.12242,0.12821
0.56192,0.12217,0.12821
0.58417,0.12146,0.12821
0.60642,0.12024,0.12821
0.62867,0.11853,0.12821
0.65092,0.11628,0.12821
0.67317,0.11348,0.12821
0.69542,0.11008,0.12821
0.71767,0.10602,0.12821
0.73992,0.10121,0.12821
0.76217,0.09556,0.12821
0.78442,0.0889,0.12821
0.80667,0.08097,0.12821
0.82892,0.07136,0.12821
0.85117,0.05926,0.12821
0.87342,0.0426,0.12821
0.89567,0.0,0.12821
0.03483,0.0,0.15384
0.05758,0.08908,0.15384
0.08032,0.14093,0.15384
0.10307,0.16492,0.15384
0.12581,0.17045,0.15384
0.14856,0.16688,0.15384
0.1713,0.16361,0.15384
0.19399,0.16361,0.15384
0.21667,0.16361,0.15384
0.23935,0.16361,0.15384
0.26204,0.16361,0.15384
0.28472,0.16361,0.15384
0.3074,0.16361,0.15384
0.33009,0.16361,0.15384
0.35277,0.16361,0.15384
0.37545,0.16361,0.15384
0.39814,0.16361,0.15384
0.42082,0.16361,0.15384
0.4435,0.16361,0.15384
0.46619,0.16361,0.15384
0.48887,0.16361,0.15384
0.51155,0.16361,0.15384
0.53424,0.16361,0.15384
0.55602,0.16332,0.15384
0.57781,0.16247,0.15384
0.5996,0.16104,0.15384
0.62138,0.15901,0.15384
0.64317,0.15637,0.15384
0.66496,0.15308,0.15384
0.68674,0.14909,0.15384
0.70853,0.14435,0.15384
0.73031,0.1388,0.15384
0.7521,0.1323,0.15384
0.77389,0.12474,0.15384
0.79567,0.11588,0.15384
0.81746,0.10542,0.15384
0.83925,0.09281,0.15384
0.86103,0.07699,0.15384
0.88282,0.05529,0.15384
0.90461,0.0,0.15384
0.0331,0.0,0.17949
0.0557,0.09156,0.17949
0.0783,0.15088,0.17949
0.1009,0.1849,0.17949
0.1235,0.20059,0.17949
0.1461,0.2049,0.17949
0.1687,0.20479,0.17949
0.19123,0.20479,0.17949
0.21377,0.20479,0.17949
0.2363,0.20479,0.17949
0.25884,0.20479,0.17949
0.28137,0.20479,0.17949
0.30391,0.20479,0.17949
0.32644,0.20479,0.17949
0.34898,0.20479,0.17949
0.37151,0.20479,0.17949
0.39405,0.20479,0.17949
0.41658,0.20479,0.17949
0.43912,0.20479,0.17949
0.46165,0.20479,0.17949
0.48419,0.20479,0.17949
0.50672,0.20479,0.17949
0.52926,0.20479,0.17949
0.55182,0.20444,0.17949
0.57439,0.20337,0.17949
0.59695,0.20158,0.17949
0.61951,0.19905,0.17949
0.64207,0.19573,0.17949
0.66464,0.19162,0.17949
0.6872,0.18663,0.17949
0.70976,0.1807,0.17949
0.73233,0.17374,0.17949
0.75489,0.16561,0.17949
0.77745,0.15614,0.17949
0.80002,0.14506,0.17949
0.82258,0.13196,0.17949
0.84514,0.11617,0.17949
0.8677,0.09637,0.17949
0.89027,0.0692,0.17949
0.91283,0.0,0.17949
0.03149,0.0,0.20512
0.05396,0.09409,0.20512
0.07643,0.16088,0.20512
0.09889,0.20493,0.20512
0.12136,0.23077,0.20512
0.14382,0.24293,0.20512
0.16629,0.24597,0.20512
0.18869,0.24597,0.20512
0.21109,0.24597,0.20512
0.2335,0.24597,0.20512
0.2559,0.24597,0.20512
0.2783,0.24597,0.20512
0.30071,0.24597,0.20512
0.32311,0.24597,0.20512
0.34551,0.24597,0.20512
0.36792,0.24597,0.20512
0.39032,0.24597,0.20512
0.41273,0.24597,0.20512
0.43513,0.24597,0.20512
0.45753,0.24597,0.20512
0.47994,0.24597,0.20512
0.50234,0.24597,0.20512
0.52474,0.24597,0.20512
0.54802,0.24555,0.20512
0.5713,0.24427,0.20512
0.59458,0.24212,0.20512
0.61786,0.23907,0.20512
0.64114,0.2351,0.20512
0.66442,0.23015,0.20512
0.68769,0.22416,0.20512
0.71097,0.21704,0.20512
0.73425,0.20868,0.20512
0.75753,0.19892,0.20512
0.78081,0.18755,0.20512
0.80409,0.17424,0.20512
0.82737,0.15851,0.20512
0.85065,0.13954,0.20512
0.87393,0.11576,0.20512
0.8972,0.08312,0.20512
0.92048,0.0,0.20512
0.02999,0.0,0.23077
0.0568,0.11325,0.23077
0.08362,0.19489,0.23077
0.11044,0.24862,0.23077
0.13725,0.27815,0.23077
0.16407,0.28717,0.23077
0.18636,0.28717,0.23077
0.20865,0.28717,0.23077
0.23094,0.28717,0.23077
0.25323,0.28717,0.23077
0.27551,0.28717,0.23077
0.2978,0.28717,0.23077
0.32009,0.28717,0.23077
0.34238,0.28717,0.23077
0.36467,0.28717,0.23077
0.38695,0.28717,0.23077
0.40924,0.28717,0.23077
0.43153,0.28717,0.23077
0.45382,0.28717,0.23077
0.47611,0.28717,0.23077
0.4984,0.28717,0.23077
0.52068,0.28717,0.23077
0.54329,0.28672,0.23077
0.5659,0.28539,0.23077
0.58851,0.28315,0.23077
0.61113,0.27998,0.23077
0.63374,0.27586,0.23077
0.65635,0.27074,0.23077
0.67896,0.26456,0.23077
0.70157,0.25724,0.23077
0.72418,0.24869,0.23077
0.74679,0.23877,0.23077
0.7694,0.2273,0.23077
0.79201,0.21404,0.23077
0.81462,0.19862,0.23077
0.83723,0.18049,0.23077
0.85984,0.15874,0.23077
0.88245,0.13155,0.23077
0.90506,0.09439,0.23077
0.92767,0.0,0.23077
0.02856,0.0,0.25641
0.05526,0.11708,0.25641
0.08196,0.20888,0.25641
0.10866,0.27498,0.25641
0.13536,0.31494,0.25641
0.16205,0.32835,0.25641
0.18424,0.32835,0.25641
0.20643,0.32835,0.25641
0.22862,0.32835,0.25641
0.25081,0.32835,0.25641
0.273,0.32835,0.25641
0.29519,0.32835,0.25641
0.31738,0.32835,0.25641
0.33957,0.32835,0.25641
0.36176,0.32835,0.25641
0.38395,0.32835,0.25641
0.40614,0.32835,0.25641
0.42833,0.32835,0.25641
0.45052,0.32835,0.25641
0.4727,0.32835,0.25641
0.49489,0.32835,0.25641
0.51708,0.32835,0.25641
0.54027,0.32785,0.25641
0.56346,0.32632,0.25641
0.58665,0.32376,0.25641
0.60984,0.32014,0.25641
0.63302,0.31543,0.25641
0.65621,0.30958,0.25641
0.6794,0.3025,0.25641
0.70259,0.29414,0.25641
0.72578,0.28436,0.25641
0.74897,0.27302,0.25641
0.77215,0.25991,0.25641
0.79534,0.24474,0.25641
0.81853,0.22711,0.25641
0.84172,0.20638,0.25641
0.86491,0.1815,0.25641
0.88809,0.15042,0.25641
0.91128,0.10792,0.25641
0.93447,0.0,0.25641
0.0272,0.0,0.28205
0.0538,0.12101,0.28205
0.08041,0.22297,0.28205
0.10702,0.30139,0.28205
0.13363,0.35175,0.28205
0.16023,0.36954,0.28205
0.18234,0.36954,0.28205
0.20445,0.36954,0.28205
0.22655,0.36954,0.28205
0.24866,0.36954,0.28205
0.27077,0.36954,0.28205
0.29287,0.36954,0.28205
0.31498,0.36954,0.28205
0.33709,0.36954,0.28205
0.35919,0.36954,0.28205
0.3813,0.36954,0.28205
0.40341,0.36954,0.28205
0.42551,0.36954,0.28205
0.44762,0.36954,0.28205
0.46973,0.36954,0.28205
0.49184,0.36954,0.28205
0.51394,0.36954,0.28205
0.53766,0.36897,0.28205
0.56139,0.36726,0.28205
0.58511,0.36437,0.28205
0.60883,0.3603,0.28205
0.63255,0.355,0.28205
0.65627,0.3484,0.28205
0.68,0.34045,0.28205
0.70372,0.33103,0.28205
0.72744,0.32003,0.28205
0.75116,0.30726,0.28205
0.77488,0.2925,0.28205
0.79861,0.27544,0.28205
0.82233,0.2556,0.28205
0.84605,0.23227,0.28205
0.86977,0.20427,0.28205
0.89349,0.16929,0.28205
0.91722,0.12146,0.28205
0.94094,0.0,0.28205
0.0259,0.0,0.30769
0.05244,0.12501,0.30769
0.07898,0.23716,0.30769
0.10552,0.32787,0.30769
0.13206,0.38858,0.30769
0.15861,0.41073,0.30769
0.18065,0.41073,0.30769
0.20269,0.41073,0.30769
0.22473,0.41073,0.30769
0.24677,0.41073,0.30769
0.26881,0.41073,0.30769
0.29085,0.41073,0.30769
0.31289,0.41073,0.30769
0.33493,0.41073,0.30769
0.35697,0.41073,0.30769
0.37901,0.41073,0.30769
0.40106,0.41073,0.30769
0.4231,0.41073,0.30769
0.44514,0.41073,0.30769
0.46718,0.41073,0.30769
0.48922,0.41073,0.30769
0.51126,0.41073,0.30769
0.53547,0.41009,0.30769
0.55969,0.40818,0.30769
0.5839,0.40498,0.30769
0.60812,0.40046,0.30769
0.63233,0.39457,0.30769
0.65654,0.38724,0.30769
0.68076,0.3784,0.30769
0.70497,0.36793,0.30769
0.72919,0.3557,0.30769
0.7534,0.34151,0.30769
0.77762,0.32511,0.30769
0.80183,0.30614,0.30769
0.82604,0.28409,0.30769
0.85026,0.25816,0.30769
0.87447,0.22704,0.30769
0.89869,0.18816,0.30769
0.9229,0.13499,0.30769
0.94712,0.0,0.30769
0.02465,0.0,0.33333
0.05116,0.12909,0.33333
0.07766,0.25144,0.33333
0.10417,0.35441,0.33333
0.13067,0.42544,0.33333
0.15717,0.45191,0.33333
0.18063,0.45191,0.33333
0.20409,0.45191,0.33333
0.22755,0.45191,0.33333
0.251,0.45191,0.33333
0.27446,0.45191,0.33333
0.29792,0.45191,0.33333
0.32138,0.45191,0.33333
0.34483,0.45191,0.33333
0.36829,0.45191,0.33333
0.39175,0.45191,0.33333
0.41521,0.45191,0.33333
0.43866,0.45191,0.33333
0.46212,0.45191,0.33333
0.48558,0.45191,0.33333
0.50904,0.45191,0.33333
0.5324,0.45128,0.33333
0.55577,0.4494,0.33333
0.57914,0.44624,0.33333
0.60251,0.44179,0.33333
0.62588,0.43598,0.33333
0.64925,0.42879,0.33333
0.67262,0.42012,0.33333
0.69599,0.4099,0.33333
0.71935,0.398,0.33333
0.74272,0.38426,0.33333
0.76609,0.36847,0.33333
0.78946,0.35038,0.33333
0.81283,0.32958,0.33333
0.8362,0.30553,0.33333
0.85957,0.27738,0.33333
0.88294,0.24372,0.33333
0.9063,0.20182,0.33333
0.92967,0.14468,0.33333
0.95304,0.0,0.33333
0.02346,0.0,0.35898
0.04995,0.13328,0.35898
0.07645,0.26582,0.35898
0.10295,0.38103,0.35898
0.12944,0.46232,0.35898
0.15594,0.4931,0.35898
0.17936,0.4931,0.35898
0.20278,0.4931,0.35898
0.22621,0.4931,0.35898
0.24963,0.4931,0.35898
0.27305,0.4931,0.35898
0.29647,0.4931,0.35898
0.31989,0.4931,0.35898
0.34332,0.4931,0.35898
0.36674,0.4931,0.35898
0.39016,0.4931,0.35898
0.41358,0.4931,0.35898
0.437,0.4931,0.35898
0.46043,0.4931,0.35898
0.48385,0.4931,0.35898
0.50727,0.4931,0.35898
0.53103,0.49242,0.35898
0.55479,0.49036,0.35898
0.57855,0.48692,0.35898
0.60232,0.48205,0.35898
0.62608,0.47572,0.35898
0.64984,0.46787,0.35898
0.6736,0.45842,0.35898
0.69736,0.44726,0.35898
0.72113,0.43427,0.35898
0.74489,0.41928,0.35898
0.76865,0.40206,0.35898
0.79241,0.38231,0.35898
0.81617,0.35961,0.35898
0.83993,0.33336,0.35898
0.8637,0.30266,0.35898
0.88746,0.26593,0.35898
0.91122,0.22021,0.35898
0.93498,0.15786,0.35898
0.95874,0.0,0.35898
0.0223,0.0,0.38461
0.04882,0.13756,0.38461
0.07534,0.28032,0.38461
0.10186,0.40772,0.38461
0.12838,0.49922,0.38461
0.1549,0.53429,0.38461
0.17831,0.53429,0.38461
0.20171,0.53429,0.38461
0.22511,0.53429,0.38461
0.24852,0.53429,0.38461
0.27192,0.53429,0.38461
0.29533,0.53429,0.38461
0.31873,0.53429,0.38461
0.34213,0.53429,0.38461
0.36554,0.53429,0.38461
0.38894,0.53429,0.38461
0.41235,0.53429,0.38461
0.43575,0.53429,0.38461
0.45915,0.53429,0.38461
0.48256,0.53429,0.38461
0.50596,0.53429,0.38461
0.53008,0.53355,0.38461
0.5542,0.53132,0.38461
0.57832,0.52758,0.38461
0.60244,0.52232,0.38461
0.62656,0.51546,0.38461
0.65068,0.50694,0.38461
0.6748,0.49671,0.38461
0.69892,0.48462,0.38461
0.72304,0.47054,0.38461
0.74716,0.4543,0.38461
0.77128,0.43564,0.38461
0.79541,0.41424,0.38461
0.81952,0.38965,0.38461
0.84365,0.36121,0.38461
0.86777,0.32793,0.38461
0.89189,0.28815,0.38461
0.91601,0.23861,0.38461
0.94013,0.17105,0.38461
0.96425,0.0,0.38461
0.02118,0.0,0.41026
0.04776,0.14194,0.41026
0.07433,0.29491,0.41026
0.10091,0.43447,0.41026
0.12748,0.53615,0.41026
0.15406,0.57547,0.41026
0.17746,0.57547,0.41026
0.20087,0.57547,0.41026
0.22427,0.57547,0.41026
0.24767,0.57547,0.41026
0.27108,0.57547,0.41026
0.29448,0.57547,0.41026
0.31789,0.57547,0.41026
0.34129,0.57547,0.41026
0.36469,0.57547,0.41026
0.3881,0.57547,0.41026
0.4115,0.57547,0.41026
0.4349,0.57547,0.41026
0.45831,0.57547,0.41026
0.48171,0.57547,0.41026
0.50511,0.57547,0.41026
0.52956,0.57467,0.41026
0.554,0.57227,0.41026
0.57845,0.56826,0.41026
0.60289,0.56258,0.41026
0.62734,0.55519,0.41026
0.65178,0.54603,0.41026
0.67623,0.535,0.41026
0.70067,0.52198,0.41026
0.72512,0.50682,0.41026
0.74956,0.48932,0.41026
0.77401,0.46922,0.41026
0.79845,0.44617,0.41026
0.8229,0.41968,0.41026
0.84734,0.38906,0.41026
0.87179,0.35322,0.41026
0.89623,0.31036,0.41026
0.92068,0.257,0.41026
0.94512,0.18424,0.41026
0.96957,0.0,0.41026
0.0201,0.0,0.4359
0.04676,0.14641,0.4359
0.07342,0.30963,0.4359
0.10009,0.46131,0.4359
0.12675,0.5731,0.4359
0.15341,0.61666,0.4359
0.17683,0.61666,0.4359
0.20025,0.61666,0.4359
0.22367,0.61666,0.4359
0.24709,0.61666,0.4359
0.27052,0.61666,0.4359
0.29394,0.61666,0.4359
0.31736,0.61666,0.4359
0.34078,0.61666,0.4359
0.3642,0.61666,0.4359
0.38762,0.61666,0.4359
0.41104,0.61666,0.4359
0.43446,0.61666,0.4359
0.45788,0.61666,0.4359
0.4813,0.61666,0.4359
0.50473,0.61666,0.4359
0.52946,0.61581,0.4359
0.5542,0.61324,0.4359
0.57894,0.60892,0.4359
0.60367,0.60284,0.4359
0.62841,0.59492,0.4359
0.65315,0.58511,0.4359
0.67788,0.57329,0.4359
0.70262,0.55934,0.4359
0.72736,0.54309,0.4359
0.75209,0.52434,0.4359
0.77683,0.50281,0.4359
0.80157,0.4781,0.4359
0.8263,0.44973,0.4359
0.85104,0.4169,0.4359
0.87578,0.3785,0.4359
0.90051,0.33257,0.4359
0.92525,0.2754,0.4359
0.94999,0.19742,0.4359
0.97473,0.0,0.4359
0.01905,0.0,0.46154
0.04583,0.15099,0.46154
0.07261,0.32446,0.46154
0.0994,0.48822,0.46154
0.12618,0.61008,0.46154
0.15296,0.65785,0.46154
0.17642,0.65785,0.46154
0.19987,0.65785,0.46154
0.22333,0.65785,0.46154
0.24678,0.65785,0.46154
0.27024,0.65785,0.46154
0.29369,0.65785,0.46154
0.31715,0.65785,0.46154
0.34061,0.65785,0.46154
0.36406,0.65785,0.46154
0.38752,0.65785,0.46154
0.41097,0.65785,0.46154
0.43443,0.65785,0.46154
0.45788,0.65785,0.46154
0.48134,0.65785,0.46154
0.50479,0.65785,0.46154
0.52979,0.65693,0.46154
0.55479,0.65419,0.46154
0.57978,0.6496,0.46154
0.60478,0.6431,0.46154
0.62978,0.63466,0.46154
0.65477,0.62418,0.46154
0.67977,0.61158,0.46154
0.70477,0.59669,0.46154
0.72977,0.57936,0.46154
0.75476,0.55936,0.46154
0.77976,0.53638,0.46154
0.80476,0.51003,0.46154
0.82975,0.47976,0.46154
0.85475,0.44475,0.46154
0.87975,0.40378,0.46154
0.90474,0.35479,0.46154
0.92974,0.29379,0.46154
0.95474,0.21061,0.46154
0.97973,0.0,0.46154
0.01802,0.0,0.48718
0.04496,0.15564,0.48718
0.0719,0.3393,0.48718
0.09883,0.515,0.48718
0.12577,0.6468,0.48718
0.1527,0.69871,0.48718
0.17621,0.69871,0.48718
0.19972,0.69871,0.48718
0.22323,0.69871,0.48718
0.24674,0.69871,0.48718
0.27024,0.69871,0.48718
0.29375,0.69871,0.48718
0.31726,0.69871,0.48718
0.34077,0.69871,0.48718
0.36428,0.69871,0.48718
0.38778,0.69871,0.48718
0.41129,0.69871,0.48718
0.4348,0.69871,0.48718
0.45831,0.69871,0.48718
0.48181,0.69871,0.48718
0.50532,0.69871,0.48718
0.53055,0.69775,0.48718
0.55577,0.69483,0.48718
0.581,0.68996,0.48718
0.60622,0.68306,0.48718
0.63145,0.67409,0.48718
0.65667,0.66297,0.48718
0.6819,0.64957,0.48718
0.70712,0.63376,0.48718
0.73235,0.61536,0.48718
0.75758,0.59411,0.48718
0.7828,0.56971,0.48718
0.80803,0.54172,0.48718
0.83325,0.50957,0.48718
0.85848,0.47238,0.48718
0.8837,0.42887,0.48718
0.90893,0.37683,0.48718
0.93415,0.31204,0.48718
0.95938,0.22369,0.48718
0.98461,0.0,0.48718
0.01703,0.0,0.51282
0.04415,0.15961,0.51282
0.07127,0.35158,0.51282
0.0984,0.53695,0.51282
0.12552,0.67675,0.51282
0.15265,0.73202,0.51282
0.17622,0.73202,0.51282
0.1998,0.73202,0.51282
0.22338,0.73202,0.51282
0.24696,0.73202,0.51282
0.27053,0.73202,0.51282
0.29411,0.73202,0.51282
0.31769,0.73202,0.51282
0.34127,0.73202,0.51282
0.36484,0.73202,0.51282
0.38842,0.73202,0.51282
0.412,0.73202,0.51282
0.43558,0.73202,0.51282
0.45915,0.73202,0.51282
0.48273,0.73202,0.51282
0.50631,0.73202,0.51282
0.53173,0.731,0.51282
0.55716,0.72795,0.51282
0.58258,0.72283,0.51282
0.608,0.71561,0.51282
0.63342,0.70621,0.51282
0.65885,0.69456,0.51282
0.68427,0.68053,0.51282
0.70969,0.66396,0.51282
0.73512,0.64469,0.51282
0.76054,0.62242,0.51282
0.78596,0.59686,0.51282
0.81139,0.56754,0.51282
0.83681,0.53385,0.51282
0.86223,0.49489,0.51282
0.88766,0.4493,0.51282
0.91308,0.39479,0.51282
0.9385,0.32691,0.51282
0.96393,0.23435,0.51282
0.98935,0.0,0.51282
0.01606,0.0,0.53846
0.0434,0.16296,0.53846
0.07075,0.36157,0.53846
0.09809,0.55455,0.53846
0.12544,0.70061,0.53846
0.15278,0.75847,0.53846
0.17645,0.75847,0.53846
0.20011,0.75847,0.53846
0.22378,0.75847,0.53846
0.24744,0.75847,0.53846
0.27111,0.75847,0.53846
0.29477,0.75847,0.53846
0.31844,0.75847,0.53846
0.3421,0.75847,0.53846
0.36577,0.75847,0.53846
0.38943,0.75847,0.53846
0.41309,0.75847,0.53846
0.43676,0.75847,0.53846
0.46042,0.75847,0.53846
0.48409,0.75847,0.53846
0.50775,0.75847,0.53846
0.53334,0.75742,0.53846
0.55894,0.75426,0.53846
0.58453,0.74895,0.53846
0.61012,0.74147,0.53846
0.63571,0.73174,0.53846
0.6613,0.71966,0.53846
0.68689,0.70512,0.53846
0.71248,0.68796,0.53846
0.73807,0.66798,0.53846
0.76366,0.64492,0.53846
0.78925,0.61843,0.53846
0.81484,0.58805,0.53846
0.84043,0.55314,0.53846
0.86602,0.51277,0.53846
0.89161,0.46554,0.53846
0.9172,0.40905,0.53846
0.94279,0.33873,0.53846
0.96838,0.24282,0.53846
0.99398,0.0,0.53846
0.01511,0.0,0.5641
0.04271,0.16597,0.5641
0.07031,0.37015,0.5641
0.09791,0.56939,0.5641
0.12551,0.72058,0.5641
0.15311,0.78055,0.5641
0.17688,0.78055,0.5641
0.20065,0.78055,0.5641
0.22442,0.78055,0.5641
0.24819,0.78055,0.5641
0.27196,0.78055,0.5641
0.29573,0.78055,0.5641
0.3195,0.78055,0.5641
0.34327,0.78055,0.5641
0.36704,0.78055,0.5641
0.39081,0.78055,0.5641
0.41458,0.78055,0.5641
0.43835,0.78055,0.5641
0.46212,0.78055,0.5641
0.48589,0.78055,0.5641
0.50966,0.78055,0.5641
0.53539,0.77947,0.5641
0.56111,0.77621,0.5641
0.58684,0.77077,0.5641
0.61257,0.76306,0.5641
0.6383,0.75304,0.5641
0.66403,0.74061,0.5641
0.68976,0.72565,0.5641
0.71548,0.70799,0.5641
0.74121,0.68743,0.5641
0.76694,0.6637,0.5641
0.79267,0.63644,0.5641
0.8184,0.60517,0.5641
0.84412,0.56924,0.5641
0.86985,0.5277,0.5641
0.89558,0.47909,0.5641
0.92131,0.42096,0.5641
0.94704,0.34859,0.5641
0.97277,0.24989,0.5641
0.99849,0.0,0.5641
0.01418,0.0,0.58974
0.04207,0.16875,0.58974
0.06996,0.37772,0.58974
0.09786,0.58227,0.58974
0.12575,0.73774,0.58974
0.15364,0.79947,0.58974
0.17753,0.79947,0.58974
0.20143,0.79947,0.58974
0.22532,0.79947,0.58974
0.24921,0.79947,0.58974
0.2731,0.79947,0.58974
0.29699,0.79947,0.58974
0.32089,0.79947,0.58974
0.34478,0.79947,0.58974
0.36867,0.79947,0.58974
0.39256,0.79947,0.58974
0.41645,0.79947,0.58974
0.44034,0.79947,0.58974
0.46424,0.79947,0.58974
0.48813,0.79947,0.58974
0.51202,0.79947,0.58974
0.5377,0.79842,0.58974
0.56339,0.79524,0.58974
0.58907,0.78992,0.58974
0.61475,0.78241,0.58974
0.64044,0.77263,0.58974
0.66612,0.7605,0.58974
0.6918,0.74591,0.58974
0.71748,0.72867,0.58974
0.74317,0.70861,0.58974
0.76885,0.68545,0.58974
0.79453,0.65886,0.58974
0.82022,0.62834,0.58974
0.8459,0.5933,0.58974
0.87158,0.55276,0.58974
0.89727,0.50533,0.58974
0.92295,0.4486,0.58974
0.94863,0.37799,0.58974
0.97431,0.28169,0.58974
1.0,0.03785,0.58974
0.01327,0.0,0.61539
0.04149,0.17139,0.61539
0.06971,0.38456,0.61539
0.09793,0.59363,0.61539
0.12615,0.75271,0.61539
0.15437,0.81594,0.61539
0.1784,0.81594,0.61539
0.20243,0.81594,0.61539
0.22646,0.81594,0.61539
0.25049,0.81594,0.61539
0.27452,0.81594,0.61539
0.29856,0.81594,0.61539
0.32259,0.81594,0.61539
0.34662,0.81594,0.61539
0.37065,0.81594,0.61539
0.39468,0.81594,0.61539
0.41871,0.81594,0.61539
0.44275,0.81594,0.61539
0.46678,0.81594,0.61539
0.49081,0.81594,0.61539
0.51484,0.81594,0.61539
0.54038,0.81492,0.61539
0.56591,0.81186,0.61539
0.59144,0.80673,0.61539
0.61698,0.79948,0.61539
0.64251,0.79006,0.61539
0.66805,0.77837,0.61539
0.69358,0.76429,0.61539
0.71912,0.74768,0.61539
0.74465,0.72833,0.61539
0.77019,0.70601,0.61539
0.79572,0.68036,0.61539
0.82126,0.65095,0.61539
0.84679,0.61715,0.61539
0.87232,0.57808,0.61539
0.89786,0.53234,0.61539
0.92339,0.47766,0.61539
0.94893,0.40957,0.61539
0.97446,0.31673,0.61539
1.0,0.08164,0.61539
0.01244,0.0,0.64102
0.04101,0.17389,0.64102
0.06958,0.39077,0.64102
0.09815,0.60374,0.64102
0.12672,0.76592,0.64102
0.15529,0.83039,0.64102
0.17947,0.83039,0.64102
0.20366,0.83039,0.64102
0.22785,0.83039,0.64102
0.25204,0.83039,0.64102
0.27623,0.83039,0.64102
0.30042,0.83039,0.64102
0.32461,0.83039,0.64102
0.3488,0.83039,0.64102
0.37299,0.83039,0.64102
0.39718,0.83039,0.64102
0.42137,0.83039,0.64102
0.44555,0.83039,0.64102
0.46974,0.83039,0.64102
0.49393,0.83039,0.64102
0.51812,0.83039,0.64102
0.54348,0.82942,0.64102
0.56884,0.82648,0.64102
0.59421,0.82155,0.64102
0.61957,0.8146,0.64102
0.64493,0.80554,0.64102
0.67029,0.79432,0.64102
0.69565,0.78081,0.64102
0.72102,0.76486,0.64102
0.74638,0.74629,0.64102
0.77174,0.72485,0.64102
0.7971,0.70024,0.64102
0.82246,0.672,0.64102
0.84783,0.63955,0.64102
0.87319,0.60203,0.64102
0.89855,0.55813,0.64102
0.92391,0.50563,0.64102
0.94927,0.44026,0.64102
0.97464,0.35112,0.64102
1.0,0.12543,0.64102
0.01173,0.0,0.66667
0.04067,0.17625,0.66667
0.0696,0.39642,0.66667
0.09853,0.61279,0.66667
0.12747,0.7776,0.66667
0.1564,0.84314,0.66667
0.18077,0.84314,0.66667
0.20513,0.84314,0.66667
0.22949,0.84314,0.66667
0.25386,0.84314,0.66667
0.27822,0.84314,0.66667
0.30259,0.84314,0.66667
0.32695,0.84314,0.66667
0.35131,0.84314,0.66667
0.37568,0.84314,0.66667
0.40004,0.84314,0.66667
0.4244,0.84314,0.66667
0.44877,0.84314,0.66667
0.47313,0.84314,0.66667
0.4975,0.84314,0.66667
0.52186,0.84314,0.66667
0.54702,0.84222,0.66667
0.57219,0.8394,0.66667
0.59736,0.83469,0.66667
0.62252,0.82805,0.66667
0.64769,0.81939,0.66667
0.67285,0.80866,0.66667
0.69802,0.79575,0.66667
0.72318,0.78049,0.66667
0.74835,0.76274,0.66667
0.77351,0.74226,0.66667
0.79868,0.71871,0.66667
0.82384,0.69173,0.66667
0.84901,0.6607,0.66667
0.87417,0.62484,0.66667
0.89934,0.58286,0.66667
0.9245,0.53268,0.66667
0.94967,0.47019,0.66667
0.97483,0.38497,0.66667
1.0,0.16922,0.66667
0.011,0.0,0.69231
0.04034,0.17868,0.69231
0.06969,0.40199,0.69231
0.09903,0.62148,0.69231
0.12837,0.78871,0.69231
0.15771,0.85521,0.69231
0.18227,0.85521,0.69231
0.20683,0.85521,0.69231
0.23138,0.85521,0.69231
0.25594,0.85521,0.69231
0.28049,0.85521,0.69231
0.30505,0.85521,0.69231
0.32961,0.85521,0.69231
0.35416,0.85521,0.69231
0.37872,0.85521,0.69231
0.40328,0.85521,0.69231
0.42783,0.85521,0.69231
0.45239,0.85521,0.69231
0.47694,0.85521,0.69231
0.5015,0.85521,0.69231
0.52606,0.85521,0.69231
0.551,0.8543,0.69231
0.57595,0.85156,0.69231
0.60089,0.84697,0.69231
0.62583,0.84048,0.69231
0.65078,0.83205,0.69231
0.67572,0.82158,0.69231
0.70067,0.80897,0.69231
0.72561,0.7941,0.69231
0.75056,0.77678,0.69231
0.7755,0.75679,0.69231
0.80044,0.73383,0.69231
0.82539,0.7075,0.69231
0.85033,0.67724,0.69231
0.87528,0.64226,0.69231
0.90022,0.60131,0.69231
0.92516,0.55236,0.69231
0.95011,0.4914,0.69231
0.97505,0.40828,0.69231
1.0,0.19781,0.69231
0.01024,0.0,0.71795
0.03507,0.14657,0.71795
0.0599,0.33022,0.71795
0.08473,0.52255,0.71795
0.10956,0.69511,0.71795
0.13439,0.8195,0.71795
0.15922,0.86728,0.71795
0.18399,0.86728,0.71795
0.20875,0.86728,0.71795
0.23352,0.86728,0.71795
0.25829,0.86728,0.71795
0.28305,0.86728,0.71795
0.30782,0.86728,0.71795
0.33258,0.86728,0.71795
0.35735,0.86728,0.71795
0.38212,0.86728,0.71795
0.40688,0.86728,0.71795
0.43165,0.86728,0.71795
0.45641,0.86728,0.71795
0.48118,0.86728,0.71795
0.50595,0.86728,0.71795
0.53071,0.86728,0.71795
0.55678,0.86628,0.71795
0.58286,0.86325,0.71795
0.60893,0.85817,0.71795
0.635,0.85101,0.71795
0.66107,0.84166,0.71795
0.68714,0.83005,0.71795
0.71321,0.81604,0.71795
0.73928,0.79946,0.71795
0.76535,0.78008,0.71795
0.79143,0.75759,0.71795
0.8175,0.7316,0.71795
0.84357,0.70153,0.71795
0.86964,0.66658,0.71795
0.89571,0.6255,0.71795
0.92178,0.57618,0.71795
0.94785,0.51458,0.71795
0.97393,0.43031,0.71795
1.0,0.21639,0.71795
0.00945,0.0,0.74359
0.03469,0.14876,0.74359
0.05994,0.33502,0.74359
0.08519,0.52999,0.74359
0.11043,0.70489,0.74359
0.13568,0.83093,0.74359
0.16092,0.87934,0.74359
0.18592,0.87934,0.74359
0.21091,0.87934,0.74359
0.2359,0.87934,0.74359
0.2609,0.87934,0.74359
0.28589,0.87934,0.74359
0.31089,0.87934,0.74359
0.33588,0.87934,0.74359
0.36087,0.87934,0.74359
0.38587,0.87934,0.74359
0.41086,0.87934,0.74359
0.43585,0.87934,0.74359
0.46085,0.87934,0.74359
0.48584,0.87934,0.74359
0.51083,0.87934,0.74359
0.53583,0.87934,0.74359
0.56161,0.87835,0.74359
0.5874,0.87536,0.74359
0.61319,0.87033,0.74359
0.63898,0.86323,0.74359
0.66476,0.85399,0.74359
0.69055,0.84249,0.74359
0.71634,0.82862,0.74359
0.74213,0.81221,0.74359
0.76791,0.79301,0.74359
0.7937,0.77075,0.74359
0.81949,0.74502,0.74359
0.84527,0.71526,0.74359
0.87106,0.68065,0.74359
0.89685,0.63998,0.74359
0.92264,0.59116,0.74359
0.94842,0.53017,0.74359
0.97421,0.44676,0.74359
1.0,0.23496,0.74359
0.00863,0.0,0.76923
0.03433,0.15109,0.76923
0.06003,0.33998,0.76923
0.08573,0.53757,0.76923
0.11143,0.71474,0.76923
0.13712,0.84239,0.76923
0.16282,0.89141,0.76923
0.18806,0.89141,0.76923
0.2133,0.89141,0.76923
0.23854,0.89141,0.76923
0.26378,0.89141,0.76923
0.28902,0.89141,0.76923
0.31425,0.89141,0.76923
0.33949,0.89141,0.76923
0.36473,0.89141,0.76923
0.38997,0.89141,0.76923
0.41521,0.89141,0.76923
0.44045,0.89141,0.76923
0.46568,0.89141,0.76923
0.49092,0.89141,0.76923
0.51616,0.89141,0.76923
0.5414,0.89141,0.76923
0.56688,0.89042,0.76923
0.59236,0.88746,0.76923
0.61783,0.88249,0.76923
0.64331,0.87546,0.76923
0.66879,0.86631,0.76923
0.69427,0.85493,0.76923
0.71974,0.8412,0.76923
0.74522,0.82495,0.76923
0.7707,0.80595,0.76923
0.79618,0.78392,0.76923
0.82165,0.75844,0.76923
0.84713,0.72898,0.76923
0.87261,0.69473,0.76923
0.89809,0.65446,0.76923
0.92357,0.60613,0.76923
0.94904,0.54576,0.76923
0.97452,0.46319,0.76923
1.0,0.25354,0.76923
0.00778,0.0,0.79488
0.03397,0.15353,0.79488
0.06016,0.34508,0.79488
0.08635,0.54527,0.79488
0.11254,0.72467,0.79488
0.13873,0.85388,0.79488
0.16492,0.90348,0.79488
0.19042,0.90348,0.79488
0.21592,0.90348,0.79488
0.24142,0.90348,0.79488
0.26692,0.90348,0.79488
0.29242,0.90348,0.79488
0.31792,0.90348,0.79488
0.34342,0.90348,0.79488
0.36893,0.90348,0.79488
0.39443,0.90348,0.79488
0.41993,0.90348,0.79488
0.44543,0.90348,0.79488
0.47093,0.90348,0.79488
0.49643,0.90348,0.79488
0.52193,0.90348,0.79488
0.54743,0.90348,0.79488
0.57257,0.9025,0.79488
0.59772,0.89956,0.79488
0.62286,0.89464,0.79488
0.648,0.88769,0.79488
0.67314,0.87863,0.79488
0.69829,0.86737,0.79488
0.72343,0.85377,0.79488
0.74857,0.83769,0.79488
0.77372,0.81889,0.79488
0.79886,0.79707,0.79488
0.824,0.77186,0.79488
0.84914,0.74271,0.79488
0.87429,0.7088,0.79488
0.89943,0.66895,0.79488
0.92457,0.62111,0.79488
0.94971,0.56136,0.79488
0.97486,0.47962,0.79488
1.0,0.27211,0.79488
0.00691,0.0,0.82051
0.03363,0.15609,0.82051
0.06034,0.35035,0.82051
0.08706,0.55311,0.82051
0.11378,0.73467,0.82051
0.14049,0.86537,0.82051
0.16721,0.91554,0.82051
0.19138,0.91554,0.82051
0.21555,0.91554,0.82051
0.23972,0.91554,0.82051
0.26389,0.91554,0.82051
0.28806,0.91554,0.82051
0.31223,0.91554,0.82051
0.3364,0.91554,0.82051
0.36057,0.91554,0.82051
0.38474,0.91554,0.82051
0.4089,0.91554,0.82051
0.43307,0.91554,0.82051
0.45724,0.91554,0.82051
0.48141,0.91554,0.82051
0.50558,0.91554,0.82051
0.52975,0.91554,0.82051
0.55392,0.91554,0.82051
0.58016,0.91446,0.82051
0.6064,0.91121,0.82051
0.63264,0.90573,0.82051
0.65888,0.898,0.82051
0.68512,0.8879,0.82051
0.71136,0.87533,0.82051
0.7376,0.86011,0.82051
0.76384,0.84203,0.82051
0.79008,0.82079,0.82051
0.81632,0.796,0.82051
0.84256,0.7671,0.82051
0.8688,0.73329,0.82051
0.89504,0.69333,0.82051
0.92128,0.64515,0.82051
0.94752,0.58473,0.82051
0.97376,0.50184,0.82051
1.0,0.29069,0.82051
0.00601,0.0,0.84616
0.03329,0.15877,0.84616
0.06057,0.35577,0.84616
0.08785,0.56107,0.84616
0.11513,0.74476,0.84616
0.14241,0.87691,0.84616
0.1697,0.92761,0.84616
0.19414,0.92761,0.84616
0.21859,0.92761,0.84616
0.24304,0.92761,0.84616
0.26749,0.92761,0.84616
0.29194,0.92761,0.84616
0.31639,0.92761,0.84616
0.34084,0.92761,0.84616
0.36528,0.92761,0.84616
0.38973,0.92761,0.84616
0.41418,0.92761,0.84616
0.43863,0.92761,0.84616
0.46308,0.92761,0.84616
0.48753,0.92761,0.84616
0.51197,0.92761,0.84616
0.53642,0.92761,0.84616
0.56087,0.92761,0.84616
0.5867,0.92653,0.84616
0.61253,0.92332,0.84616
0.63836,0.9179,0.84616
0.6642,0.91024,0.84616
0.69003,0.90026,0.84616
0.71586,0.88782,0.84616
0.74169,0.87275,0.84616
0.76752,0.85486,0.84616
0.79335,0.83384,0.84616
0.81918,0.80931,0.84616
0.84501,0.78072,0.84616
0.87084,0.74725,0.84616
0.89668,0.70771,0.84616
0.92251,0.66003,0.84616
0.94834,0.60025,0.84616
0.97417,0.51821,0.84616
1.0,0.30926,0.84616
0.00508,0.0,0.87179
0.03296,0.16158,0.87179
0.06084,0.36134,0.87179
0.08873,0.56917,0.87179
0.11661,0.75492,0.87179
0.1445,0.88846,0.87179
0.17238,0.93967,0.87179
0.19712,0.93967,0.87179
0.22187,0.93967,0.87179
0.24661,0.93967,0.87179
0.27135,0.93967,0.87179
0.2961,0.93967,0.87179
0.32084,0.93967,0.87179
0.34559,0.93967,0.87179
0.37033,0.93967,0.87179
0.39507,0.93967,0.87179
0.41982,0.93967,0.87179
0.44456,0.93967,0.87179
0.4693,0.93967,0.87179
0.49405,0.93967,0.87179
0.51879,0.93967,0.87179
0.54354,0.93967,0.87179
0.56828,0.93967,0.87179
0.59367,0.93861,0.87179
0.61907,0.93543,0.87179
0.64447,0.93007,0.87179
0.66986,0.9225,0.87179
0.69526,0.91261,0.87179
0.72065,0.9003,0.87179
0.74605,0.8854,0.87179
0.77144,0.86769,0.87179
0.79684,0.8469,0.87179
0.82223,0.82262,0.87179
0.84763,0.79432,0.87179
0.87302,0.76122,0.87179
0.89842,0.72209,0.87179
0.92381,0.67492,0.87179
0.94921,0.61576,0.87179
0.9746,0.53459,0.87179
1.0,0.32784,0.87179
0.00412,0.0,0.89744
0.03264,0.1645,0.89744
0.06116,0.36707,0.89744
0.08969,0.57739,0.89744
0.11821,0.76515,0.89744
0.14673,0.90004,0.89744
0.17526,0.95174,0.89744
0.20031,0.95174,0.89744
0.22537,0.95174,0.89744
0.25042,0.95174,0.89744
0.27548,0.95174,0.89744
0.30053,0.95174,0.89744
0.32559,0.95174,0.89744
0.35065,0.95174,0.89744
0.3757,0.95174,0.89744
0.40076,0.95174,0.89744
0.42581,0.95174,0.89744
0.45087,0.95174,0.89744
0.47592,0.95174,0.89744
0.50098,0.95174,0.89744
0.52603,0.95174,0.89744
0.55109,0.95174,0.89744
0.57615,0.95174,0.89744
0.60108,0.95069,0.89744
0.62601,0.94754,0.89744
0.65094,0.94224,0.89744
0.67588,0.93475,0.89744
0.70081,0.92497,0.89744
0.72574,0.91278,0.89744
0.75067,0.89804,0.89744
0.77561,0.88052,0.89744
0.80054,0.85995,0.89744
0.82547,0.83593,0.89744
0.8504,0.80793,0.89744
0.87534,0.77518,0.89744
0.90027,0.73648,0.89744
0.9252,0.6898,0.89744
0.95013,0.63127,0.89744
0.97507,0.55096,0.89744
1.0,0.34641,0.89744
0.00313,0.0,0.92307
0.02816,0.14058,0.92307
0.05319,0.31217,0.92307
0.07822,0.49559,0.92307
0.10325,0.67166,0.92307
0.12827,0.82117,0.92307
0.1533,0.92495,0.92307
0.17833,0.9638,0.92307
0.20372,0.9638,0.92307
0.2291,0.9638,0.92307
0.25448,0.9638,0.92307
0.27987,0.9638,0.92307
0.30525,0.9638,0.92307
0.33063,0.9638,0.92307
0.35602,0.9638,0.92307
0.3814,0.9638,0.92307
0.40678,0.9638,0.92307
0.43217,0.9638,0.92307
0.45755,0.9638,0.92307
0.48294,0.9638,0.92307
0.50832,0.9638,0.92307
0.5337,0.9638,0.92307
0.55909,0.9638,0.92307
0.58447,0.9638,0.92307
0.61044,0.96264,0.92307
0.63641,0.9591,0.92307
0.66238,0.95318,0.92307
0.68835,0.94479,0.92307
0.71432,0.93382,0.92307
0.74029,0.92011,0.92307
0.76626,0.90345,0.92307
0.79223,0.88358,0.92307
0.81821,0.86009,0.92307
0.84418,0.83244,0.92307
0.87015,0.79984,0.92307
0.89612,0.76106,0.92307
0.92209,0.71408,0.92307
0.94806,0.65489,0.92307
0.97403,0.57336,0.92307
1.0,0.36499,0.92307
0.00211,0.0,0.94872
0.02776,0.14331,0.94872
0.0534,0.31742,0.94872
0.07904,0.50309,0.94872
0.10468,0.68103,0.94872
0.13032,0.83199,0.94872
0.15596,0.93669,0.94872
0.1816,0.97587,0.94872
0.20733,0.97587,0.94872
0.23306,0.97587,0.94872
0.25879,0.97587,0.94872
0.28452,0.97587,0.94872
0.31024,0.97587,0.94872
0.33597,0.97587,0.94872
0.3617,0.97587,0.94872
0.38743,0.97587,0.94872
0.41316,0.97587,0.94872
0.43888,0.97587,0.94872
0.46461,0.97587,0.94872
0.49034,0.97587,0.94872
0.51607,0.97587,0.94872
0.5418,0.97587,0.94872
0.56753,0.97587,0.94872
0.59325,0.97587,0.94872
0.61868,0.97471,0.94872
0.6441,0.97122,0.94872
0.66952,0.96537,0.94872
0.69494,0.95706,0.94872
0.72036,0.94621,0.94872
0.74578,0.93264,0.94872
0.77121,0.91618,0.94872
0.79663,0.89652,0.94872
0.82205,0.87328,0.94872
0.84747,0.84594,0.94872
0.87289,0.81369,0.94872
0.89831,0.77534,0.94872
0.92374,0.72886,0.94872
0.94916,0.67031,0.94872
0.97458,0.58968,0.94872
1.0,0.38356,0.94872
0.00107,0.0,0.97435
0.02736,0.14614,0.97435
0.05364,0.32283,0.97435
0.07993,0.51072,0.97435
0.10621,0.69052,0.97435
0.1325,0.84286,0.97435
0.15878,0.94845,0.97435
0.18507,0.98794,0.97435
0.20962,0.98794,0.97435
0.23418,0.98794,0.97435
0.25873,0.98794,0.97435
0.28329,0.98794,0.97435
0.30784,0.98794,0.97435
0.3324,0.98794,0.97435
0.35695,0.98794,0.97435
0.38151,0.98794,0.97435
0.40606,0.98794,0.97435
0.43061,0.98794,0.97435
0.45517,0.98794,0.97435
0.47972,0.98794,0.97435
0.50428,0.98794,0.97435
0.52883,0.98794,0.97435
0.55339,0.98794,0.97435
0.57794,0.98794,0.97435
0.6025,0.98794,0.97435
0.629,0.98663,0.97435
0.6555,0.98271,0.97435
0.682,0.9761,0.97435
0.7085,0.96672,0.97435
0.735,0.95443,0.97435
0.7615,0.93903,0.97435
0.788,0.92024,0.97435
0.8145,0.89766,0.97435
0.841,0.87078,0.97435
0.8675,0.83877,0.97435
0.894,0.8004,0.97435
0.9205,0.75362,0.97435
0.947,0.69439,0.97435
0.9735,0.61245,0.97435
1.0,0.40214,0.97435
0.0,0.0,1.0
0.02696,0.14909,1.0
0.05392,0.32838,1.0
0.08088,0.5185,1.0
0.10785,0.70011,1.0
0.13481,0.8538,1.0
0.16177,0.96022,1.0
0.18873,1.0,1.0
0.21364,1.0,1.0
0.23855,1.0,1.0
0.26346,1.0,1.0
0.28837,1.0,1.0
0.31328,1.0,1.0
0.33819,1.0,1.0
0.3631,1.0,1.0
0.38801,1.0,1.0
0.41292,1.0,1.0
0.43783,1.0,1.0
0.46274,1.0,1.0
0.48765,1.0,1.0
0.51256,1.0,1.0
0.53747,1.0,1.0
0.56238,1.0,1.0
0.58729,1.0,1.0
0.6122,1.0,1.0
0.63805,0.99871,1.0
0.6639,0.99483,1.0
0.68976,0.9883,1.0
0.71561,0.97903,1.0
0.74147,0.96688,1.0
0.76732,0.95164,1.0
0.79317,0.93305,1.0
0.81903,0.91074,1.0
0.84488,0.88414,1.0
0.87073,0.85249,1.0
0.89659,0.81456,1.0
0.92244,0.76829,1.0
0.94829,0.70971,1.0
0.97415,0.62869,1.0
1.0,0.42071,1.0
