0.27507,0.0,0.0
0.29104,0.0,0.0
0.307,0.0,0.0
0.32297,0.0,0.0
0.33893,0.0,0.0
0.3549,0.0,0.0
0.37086,0.0,0.0
0.38683,0.0,0.0
0.40279,0.0,0.0
0.41876,0.0,0.0
0.43472,0.0,0.0
0.45069,0.0,0.0
0.46665,0.0,0.0
0.48262,0.0,0.0
0.49858,0.0,0.0
0.51455,0.0,0.0
0.53051,0.0,0.0
0.54648,0.0,0.0
0.56244,0.0,0.0
0.57841,0.0,0.0
0.59437,0.0,0.0
0.61034,0.0,0.0
0.6263,0.0,0.0
0.64227,0.0,0.0
0.65823,0.0,0.0
0.67419,0.0,0.0
0.69016,0.0,0.0
0.70612,0.0,0.0
0.72209,0.0,0.0
0.73805,0.0,0.0
0.75402,0.0,0.0
0.76998,0.0,0.0
0.78595,0.0,0.0
0.80191,0.0,0.0
0.81788,0.0,0.0
0.83384,0.0,0.0
0.84981,0.0,0.0
0.86577,0.0,0.0
0.88174,0.0,0.0
0.8977,0.0,0.0
0.23506,0.0,0.02564
0.25312,0.09418,0.02564
0.27118,0.15568,0.02564
0.28924,0.18918,0.02564
0.3073,0.19934,0.02564
0.32537,0.19081,0.02564
0.34343,0.16829,0.02564
0.36149,0.13643,0.02564
0.37955,0.09989,0.02564
0.39761,0.06335,0.02564
0.41568,0.03147,0.02564
0.43374,0.00892,0.02564
0.4518,0.00036,0.02564
0.46871,0.00036,0.02564
0.48562,0.00036,0.02564
0.50252,0.00036,0.02564
0.51943,0.00036,0.02564
0.53634,0.00036,0.02564
0.55324,0.00036,0.02564
0.57015,0.00036,0.02564
0.58706,0.00036,0.02564
0.60397,0.00036,0.02564
0.62088,0.00036,0.02564
0.63778,0.00036,0.02564
0.65469,0.00036,0.02564
0.6716,0.00036,0.02564
0.68851,0.00036,0.02564
0.70541,0.00036,0.02564
0.72232,0.00036,0.02564
0.73923,0.00036,0.02564
0.75613,0.00036,0.02564
0.77304,0.00036,0.02564
0.78995,0.00036,0.02564
0.80686,0.00036,0.02564
0.82377,0.00036,0.02564
0.84067,0.00036,0.02564
0.85972,0.00034,0.02564
0.87877,0.00028,0.02564
0.89782,0.00016,0.02564
0.91687,0.0,0.02564
0.21848,0.0,0.05129
0.2366,0.09015,0.05129
0.25473,0.15156,0.05129
0.27285,0.18797,0.05129
0.29098,0.20311,0.05129
0.3091,0.20076,0.05129
0.32722,0.18465,0.05129
0.34535,0.15854,0.05129
0.36347,0.12616,0.05129
0.3816,0.09126,0.05129
0.39972,0.05759,0.05129
0.41784,0.02891,0.05129
0.43597,0.00895,0.05129
0.45409,0.00147,0.05129
0.47156,0.00147,0.05129
0.48903,0.00147,0.05129
0.50649,0.00147,0.05129
0.52396,0.00147,0.05129
0.54143,0.00147,0.05129
0.55889,0.00147,0.05129
0.57636,0.00147,0.05129
0.59383,0.00147,0.05129
0.6113,0.00147,0.05129
0.62876,0.00147,0.05129
0.64623,0.00147,0.05129
0.6637,0.00147,0.05129
0.68117,0.00147,0.05129
0.69863,0.00147,0.05129
0.7161,0.00147,0.05129
0.73357,0.00147,0.05129
0.75103,0.00147,0.05129
0.7685,0.00147,0.05129
0.78597,0.00147,0.05129
0.80344,0.00147,0.05129
0.8209,0.00147,0.05129
0.83837,0.00147,0.05129
0.85998,0.00137,0.05129
0.88159,0.00109,0.05129
0.9032,0.00064,0.05129
0.92481,0.0,0.05129
0.20576,0.0,0.07692
0.22503,0.09027,0.07692
0.24429,0.15181,0.07692
0.26356,0.18838,0.07692
0.28283,0.20371,0.07692
0.30209,0.20155,0.07692
0.32136,0.18562,0.07692
0.34062,0.1597,0.07692
0.35989,0.1275,0.07692
0.37916,0.09276,0.07692
0.39842,0.05923,0.07692
0.41769,0.03065,0.07692
0.43696,0.01076,0.07692
0.45622,0.00329,0.07692
0.47431,0.00329,0.07692
0.49241,0.00329,0.07692
0.5105,0.00329,0.07692
0.52859,0.00329,0.07692
0.54668,0.00329,0.07692
0.56478,0.00329,0.07692
0.58287,0.00329,0.07692
0.60096,0.00329,0.07692
0.61905,0.00329,0.07692
0.63715,0.00329,0.07692
0.65524,0.00329,0.07692
0.67333,0.00329,0.07692
0.69142,0.00329,0.07692
0.70951,0.00329,0.07692
0.72761,0.00329,0.07692
0.7457,0.00329,0.07692
0.76379,0.00329,0.07692
0.78189,0.00329,0.07692
0.79998,0.00329,0.07692
0.81807,0.00329,0.07692
0.83616,0.00329,0.07692
0.85511,0.00316,0.07692
0.87406,0.00276,0.07692
0.89301,0.00211,0.07692
0.91195,0.00119,0.07692
0.9309,0.0,0.07692
0.19504,0.0,0.10256
0.21384,0.08403,0.10256
0.23263,0.14338,0.10256
0.25143,0.18101,0.10256
0.27023,0.19986,0.10256
0.28902,0.2029,0.10256
0.30782,0.19306,0.10256
0.32661,0.17333,0.10256
0.34541,0.14662,0.10256
0.36421,0.11593,0.10256
0.383,0.08419,0.10256
0.4018,0.05436,0.10256
0.4206,0.02939,0.10256
0.43939,0.01225,0.10256
0.45819,0.00587,0.10256
0.47698,0.00587,0.10256
0.49578,0.00587,0.10256
0.51457,0.00587,0.10256
0.53336,0.00587,0.10256
0.55216,0.00587,0.10256
0.57095,0.00587,0.10256
0.58974,0.00587,0.10256
0.60853,0.00587,0.10256
0.62733,0.00587,0.10256
0.64612,0.00587,0.10256
0.66491,0.00587,0.10256
0.68371,0.00587,0.10256
0.7025,0.00587,0.10256
0.72129,0.00587,0.10256
0.74008,0.00587,0.10256
0.75888,0.00587,0.10256
0.77767,0.00587,0.10256
0.79646,0.00587,0.10256
0.81526,0.00587,0.10256
0.83405,0.00587,0.10256
0.85445,0.00565,0.10256
0.87485,0.00494,0.10256
0.89524,0.00376,0.10256
0.91564,0.00211,0.10256
0.93604,0.0,0.10256
0.18559,0.0,0.12821
0.20519,0.08276,0.12821
0.22479,0.1413,0.12821
0.24439,0.17855,0.12821
0.26399,0.19737,0.12821
0.2836,0.20068,0.12821
0.3032,0.19135,0.12821
0.3228,0.17229,0.12821
0.3424,0.14638,0.12821
0.362,0.11652,0.12821
0.3816,0.08562,0.12821
0.4012,0.05653,0.12821
0.4208,0.03218,0.12821
0.4404,0.01545,0.12821
0.46,0.00922,0.12821
0.4786,0.00922,0.12821
0.4972,0.00922,0.12821
0.5158,0.00922,0.12821
0.53441,0.00922,0.12821
0.55301,0.00922,0.12821
0.57161,0.00922,0.12821
0.59021,0.00922,0.12821
0.60881,0.00922,0.12821
0.62741,0.00922,0.12821
0.64602,0.00922,0.12821
0.66462,0.00922,0.12821
0.68322,0.00922,0.12821
0.70182,0.00922,0.12821
0.72042,0.00922,0.12821
0.73902,0.00922,0.12821
0.75763,0.00922,0.12821
0.77623,0.00922,0.12821
0.79483,0.00922,0.12821
0.81343,0.00922,0.12821
0.83203,0.00922,0.12821
0.85374,0.00885,0.12821
0.87545,0.00775,0.12821
0.89715,0.0059,0.12821
0.91886,0.00332,0.12821
0.94056,0.0,0.12821
0.17705,0.0,0.15385
0.19738,0.08117,0.15385
0.21771,0.13874,0.15385
0.23804,0.17552,0.15385
0.25836,0.19432,0.15385
0.27869,0.19796,0.15385
0.29902,0.18926,0.15385
0.31935,0.17104,0.15385
0.33968,0.14611,0.15385
0.36001,0.11728,0.15385
0.38033,0.08737,0.15385
0.40066,0.05922,0.15385
0.42099,0.03561,0.15385
0.44132,0.01939,0.15385
0.46165,0.01334,0.15385
0.48007,0.01334,0.15385
0.49849,0.01334,0.15385
0.51692,0.01334,0.15385
0.53534,0.01334,0.15385
0.55376,0.01334,0.15385
0.57219,0.01334,0.15385
0.59061,0.01334,0.15385
0.60903,0.01334,0.15385
0.62746,0.01334,0.15385
0.64588,0.01334,0.15385
0.6643,0.01334,0.15385
0.68273,0.01334,0.15385
0.70115,0.01334,0.15385
0.71957,0.01334,0.15385
0.73799,0.01334,0.15385
0.75642,0.01334,0.15385
0.77484,0.01334,0.15385
0.79326,0.01334,0.15385
0.81169,0.01334,0.15385
0.83011,0.01334,0.15385
0.85302,0.01282,0.15385
0.87593,0.01121,0.15385
0.89884,0.00854,0.15385
0.92175,0.0048,0.15385
0.94466,0.0,0.15385
0.1692,0.0,0.17948
0.18879,0.07489,0.17948
0.20839,0.12964,0.17948
0.22798,0.16645,0.17948
0.24758,0.18757,0.17948
0.26718,0.1952,0.17948
0.28677,0.19156,0.17948
0.30637,0.17887,0.17948
0.32596,0.15937,0.17948
0.34556,0.13526,0.17948
0.36516,0.10876,0.17948
0.38475,0.08211,0.17948
0.40435,0.05751,0.17948
0.42394,0.0372,0.17948
0.44354,0.02337,0.17948
0.46314,0.01828,0.17948
0.48342,0.01828,0.17948
0.50371,0.01828,0.17948
0.52399,0.01828,0.17948
0.54428,0.01828,0.17948
0.56456,0.01828,0.17948
0.58485,0.01828,0.17948
0.60514,0.01828,0.17948
0.62542,0.01828,0.17948
0.64571,0.01828,0.17948
0.66599,0.01828,0.17948
0.68628,0.01828,0.17948
0.70657,0.01828,0.17948
0.72685,0.01828,0.17948
0.74714,0.01828,0.17948
0.76742,0.01828,0.17948
0.78771,0.01828,0.17948
0.808,0.01828,0.17948
0.82828,0.01828,0.17948
0.84831,0.01776,0.17948
0.86833,0.01625,0.17948
0.88835,0.01371,0.17948
0.90837,0.01015,0.17948
0.9284,0.00559,0.17948
0.94842,0.0,0.17948
0.16189,0.0,0.20512
0.18206,0.07319,0.20512
0.20223,0.12685,0.20512
0.2224,0.16314,0.20512
0.24257,0.1842,0.20512
0.26275,0.19216,0.20512
0.28292,0.18919,0.20512
0.30309,0.17742,0.20512
0.32326,0.159,0.20512
0.34343,0.13607,0.20512
0.3636,0.11078,0.20512
0.38377,0.08528,0.20512
0.40395,0.0617,0.20512
0.42412,0.04222,0.20512
0.44429,0.02895,0.20512
0.46446,0.02405,0.20512
0.48458,0.02405,0.20512
0.50469,0.02405,0.20512
0.52481,0.02405,0.20512
0.54492,0.02405,0.20512
0.56504,0.02405,0.20512
0.58516,0.02405,0.20512
0.60527,0.02405,0.20512
0.62539,0.02405,0.20512
0.64551,0.02405,0.20512
0.66562,0.02405,0.20512
0.68574,0.02405,0.20512
0.70585,0.02405,0.20512
0.72597,0.02405,0.20512
0.74609,0.02405,0.20512
0.7662,0.02405,0.20512
0.78632,0.02405,0.20512
0.80643,0.02405,0.20512
0.82655,0.02405,0.20512
0.84745,0.02337,0.20512
0.86834,0.02138,0.20512
0.88924,0.01803,0.20512
0.91013,0.01336,0.20512
0.93102,0.00735,0.20512
0.95192,0.0,0.20512
0.15502,0.0,0.23077
0.17573,0.07149,0.23077
0.19644,0.12411,0.23077
0.21714,0.15991,0.23077
0.23785,0.18096,0.23077
0.25856,0.18935,0.23077
0.27926,0.18711,0.23077
0.29997,0.17634,0.23077
0.32068,0.15909,0.23077
0.34138,0.13742,0.23077
0.36209,0.11342,0.23077
0.3828,0.08916,0.23077
0.40351,0.06668,0.23077
0.42421,0.04807,0.23077
0.44492,0.03537,0.23077
0.46563,0.03069,0.23077
0.48559,0.03069,0.23077
0.50555,0.03069,0.23077
0.52551,0.03069,0.23077
0.54547,0.03069,0.23077
0.56543,0.03069,0.23077
0.58539,0.03069,0.23077
0.60535,0.03069,0.23077
0.62531,0.03069,0.23077
0.64527,0.03069,0.23077
0.66523,0.03069,0.23077
0.68519,0.03069,0.23077
0.70515,0.03069,0.23077
0.72511,0.03069,0.23077
0.74507,0.03069,0.23077
0.76503,0.03069,0.23077
0.78499,0.03069,0.23077
0.80495,0.03069,0.23077
0.82491,0.03069,0.23077
0.84663,0.02984,0.23077
0.86835,0.02728,0.23077
0.89006,0.02301,0.23077
0.91178,0.01706,0.23077
0.93349,0.00938,0.23077
0.95521,0.0,0.23077
0.14853,0.0,0.25641
0.16973,0.06986,0.25641
0.19094,0.1215,0.25641
0.21215,0.15688,0.25641
0.23336,0.17802,0.25641
0.25456,0.18689,0.25641
0.27577,0.18548,0.25641
0.29698,0.17579,0.25641
0.31818,0.15979,0.25641
0.33939,0.13946,0.25641
0.3606,0.11682,0.25641
0.3818,0.09385,0.25641
0.40301,0.0725,0.25641
0.42422,0.05481,0.25641
0.44542,0.04272,0.25641
0.46663,0.03826,0.25641
0.48645,0.03826,0.25641
0.50627,0.03826,0.25641
0.52609,0.03826,0.25641
0.54591,0.03826,0.25641
0.56573,0.03826,0.25641
0.58555,0.03826,0.25641
0.60536,0.03826,0.25641
0.62518,0.03826,0.25641
0.645,0.03826,0.25641
0.66482,0.03826,0.25641
0.68464,0.03826,0.25641
0.70446,0.03826,0.25641
0.72428,0.03826,0.25641
0.7441,0.03826,0.25641
0.76392,0.03826,0.25641
0.78374,0.03826,0.25641
0.80355,0.03826,0.25641
0.82337,0.03826,0.25641
0.84586,0.0372,0.25641
0.86836,0.034,0.25641
0.89085,0.0287,0.25641
0.91334,0.02125,0.25641
0.93583,0.01169,0.25641
0.95832,0.0,0.25641
0.14553,0.0,0.28204
0.16699,0.06766,0.28204
0.18845,0.11794,0.28204
0.20992,0.1527,0.28204
0.23138,0.17383,0.28204
0.25284,0.18323,0.28204
0.27431,0.18278,0.28204
0.29577,0.17437,0.28204
0.31723,0.15987,0.28204
0.3387,0.14119,0.28204
0.36016,0.12022,0.28204
0.38162,0.09882,0.28204
0.40309,0.07889,0.28204
0.42455,0.06233,0.28204
0.44601,0.051,0.28204
0.46747,0.0468,0.28204
0.48717,0.0468,0.28204
0.50686,0.0468,0.28204
0.52655,0.0468,0.28204
0.54624,0.0468,0.28204
0.56593,0.0468,0.28204
0.58563,0.0468,0.28204
0.60532,0.0468,0.28204
0.62501,0.0468,0.28204
0.6447,0.0468,0.28204
0.66439,0.0468,0.28204
0.68408,0.0468,0.28204
0.70378,0.0468,0.28204
0.72347,0.0468,0.28204
0.74316,0.0468,0.28204
0.76285,0.0468,0.28204
0.78254,0.0468,0.28204
0.80224,0.0468,0.28204
0.82193,0.0468,0.28204
0.84515,0.0455,0.28204
0.86838,0.04161,0.28204
0.8916,0.0351,0.28204
0.91483,0.026,0.28204
0.93805,0.01431,0.28204
0.96128,0.0,0.28204
0.15053,0.0,0.3077
0.17171,0.06413,0.3077
0.19288,0.11209,0.3077
0.21406,0.14561,0.3077
0.23523,0.16647,0.3077
0.25641,0.17638,0.3077
0.27758,0.17707,0.3077
0.29876,0.17031,0.3077
0.31993,0.15783,0.3077
0.34111,0.14136,0.3077
0.36228,0.12265,0.3077
0.38346,0.10344,0.3077
0.40463,0.08547,0.3077
0.42581,0.07048,0.3077
0.44698,0.06021,0.3077
0.46816,0.05639,0.3077
0.48889,0.05639,0.3077
0.50962,0.05639,0.3077
0.53035,0.05639,0.3077
0.55108,0.05639,0.3077
0.57181,0.05639,0.3077
0.59254,0.05639,0.3077
0.61327,0.05639,0.3077
0.634,0.05639,0.3077
0.65473,0.05639,0.3077
0.67546,0.05639,0.3077
0.69619,0.05639,0.3077
0.71692,0.05639,0.3077
0.73765,0.05639,0.3077
0.75838,0.05639,0.3077
0.77912,0.05639,0.3077
0.79985,0.05639,0.3077
0.82058,0.05639,0.3077
0.84108,0.05525,0.3077
0.86158,0.05179,0.3077
0.88209,0.04604,0.3077
0.90259,0.03798,0.3077
0.9231,0.02763,0.3077
0.9436,0.01497,0.3077
0.9641,0.0,0.3077
0.15478,0.0,0.33333
0.17571,0.06111,0.33333
0.19663,0.10718,0.33333
0.21756,0.13979,0.33333
0.23849,0.16057,0.33333
0.25941,0.17111,0.33333
0.28034,0.17305,0.33333
0.30127,0.16794,0.33333
0.32219,0.15743,0.33333
0.34312,0.14312,0.33333
0.36405,0.12659,0.33333
0.38497,0.10947,0.33333
0.4059,0.09335,0.33333
0.42683,0.07986,0.33333
0.44775,0.07058,0.33333
0.46868,0.06713,0.33333
0.48931,0.06713,0.33333
0.50993,0.06713,0.33333
0.53056,0.06713,0.33333
0.55118,0.06713,0.33333
0.57181,0.06713,0.33333
0.59244,0.06713,0.33333
0.61306,0.06713,0.33333
0.63369,0.06713,0.33333
0.65431,0.06713,0.33333
0.67494,0.06713,0.33333
0.69557,0.06713,0.33333
0.71619,0.06713,0.33333
0.73682,0.06713,0.33333
0.75744,0.06713,0.33333
0.77807,0.06713,0.33333
0.7987,0.06713,0.33333
0.81932,0.06713,0.33333
0.84039,0.06576,0.33333
0.86146,0.06165,0.33333
0.88253,0.05481,0.33333
0.9036,0.04521,0.33333
0.92467,0.03289,0.33333
0.94574,0.01781,0.33333
0.96681,0.0,0.33333
0.15827,0.0,0.35897
0.17899,0.05859,0.35897
0.19971,0.10315,0.35897
0.22042,0.13515,0.35897
0.24114,0.15609,0.35897
0.26186,0.16742,0.35897
0.28258,0.17065,0.35897
0.3033,0.16724,0.35897
0.32402,0.15868,0.35897
0.34473,0.14647,0.35897
0.36545,0.13207,0.35897
0.38617,0.11696,0.35897
0.40689,0.10263,0.35897
0.42761,0.09055,0.35897
0.44832,0.08223,0.35897
0.46904,0.07912,0.35897
0.48958,0.07912,0.35897
0.51011,0.07912,0.35897
0.53065,0.07912,0.35897
0.55119,0.07912,0.35897
0.57172,0.07912,0.35897
0.59226,0.07912,0.35897
0.6128,0.07912,0.35897
0.63333,0.07912,0.35897
0.65387,0.07912,0.35897
0.67441,0.07912,0.35897
0.69494,0.07912,0.35897
0.71548,0.07912,0.35897
0.73601,0.07912,0.35897
0.75655,0.07912,0.35897
0.77709,0.07912,0.35897
0.79762,0.07912,0.35897
0.81816,0.07912,0.35897
0.83977,0.07751,0.35897
0.86138,0.07266,0.35897
0.88299,0.06459,0.35897
0.9046,0.05328,0.35897
0.92621,0.03875,0.35897
0.94781,0.021,0.35897
0.96942,0.0,0.35897
0.16101,0.0,0.38462
0.18156,0.05655,0.38462
0.2021,0.09998,0.38462
0.22265,0.13167,0.38462
0.2432,0.15297,0.38462
0.26375,0.16524,0.38462
0.2843,0.16987,0.38462
0.30485,0.16821,0.38462
0.3254,0.16161,0.38462
0.34595,0.15148,0.38462
0.3665,0.13915,0.38462
0.38705,0.126,0.38462
0.40759,0.11339,0.38462
0.42814,0.1027,0.38462
0.44869,0.09527,0.38462
0.46924,0.0925,0.38462
0.4897,0.0925,0.38462
0.51017,0.0925,0.38462
0.53063,0.0925,0.38462
0.55109,0.0925,0.38462
0.57155,0.0925,0.38462
0.59201,0.0925,0.38462
0.61248,0.0925,0.38462
0.63294,0.0925,0.38462
0.6534,0.0925,0.38462
0.67386,0.0925,0.38462
0.69432,0.0925,0.38462
0.71479,0.0925,0.38462
0.73525,0.0925,0.38462
0.75571,0.0925,0.38462
0.77617,0.0925,0.38462
0.79663,0.0925,0.38462
0.8171,0.0925,0.38462
0.83922,0.09061,0.38462
0.86134,0.08494,0.38462
0.88346,0.0755,0.38462
0.90558,0.06229,0.38462
0.9277,0.04531,0.38462
0.94982,0.02454,0.38462
0.97194,0.0,0.38462
0.16299,0.0,0.41026
0.18341,0.05496,0.41026
0.20383,0.09765,0.41026
0.22425,0.1293,0.41026
0.24467,0.1512,0.41026
0.26509,0.16458,0.41026
0.2855,0.17072,0.41026
0.30592,0.17087,0.41026
0.32634,0.16629,0.41026
0.34676,0.15823,0.41026
0.36718,0.14796,0.41026
0.3876,0.13674,0.41026
0.40802,0.12581,0.41026
0.42844,0.11645,0.41026
0.44886,0.10992,0.41026
0.46928,0.10745,0.41026
0.48968,0.10745,0.41026
0.51009,0.10745,0.41026
0.53049,0.10745,0.41026
0.55089,0.10745,0.41026
0.57129,0.10745,0.41026
0.5917,0.10745,0.41026
0.6121,0.10745,0.41026
0.6325,0.10745,0.41026
0.6529,0.10745,0.41026
0.67331,0.10745,0.41026
0.69371,0.10745,0.41026
0.71411,0.10745,0.41026
0.73451,0.10745,0.41026
0.75492,0.10745,0.41026
0.77532,0.10745,0.41026
0.79572,0.10745,0.41026
0.81612,0.10745,0.41026
0.83873,0.10526,0.41026
0.86134,0.09869,0.41026
0.88395,0.08772,0.41026
0.90655,0.07237,0.41026
0.92916,0.05263,0.41026
0.95177,0.0285,0.41026
0.97438,0.0,0.41026
0.16421,0.0,0.43589
0.18454,0.05382,0.43589
0.20487,0.09612,0.43589
0.2252,0.12805,0.43589
0.24553,0.15078,0.43589
0.26586,0.16546,0.43589
0.28619,0.17325,0.43589
0.30652,0.17531,0.43589
0.32685,0.1728,0.43589
0.34718,0.16685,0.43589
0.36751,0.15865,0.43589
0.38784,0.14935,0.43589
0.40817,0.1401,0.43589
0.4285,0.13205,0.43589
0.44883,0.12638,0.43589
0.46916,0.12423,0.43589
0.48952,0.12423,0.43589
0.50988,0.12423,0.43589
0.53024,0.12423,0.43589
0.55059,0.12423,0.43589
0.57095,0.12423,0.43589
0.59131,0.12423,0.43589
0.61167,0.12423,0.43589
0.63203,0.12423,0.43589
0.65238,0.12423,0.43589
0.67274,0.12423,0.43589
0.6931,0.12423,0.43589
0.71346,0.12423,0.43589
0.73382,0.12423,0.43589
0.75418,0.12423,0.43589
0.77453,0.12423,0.43589
0.79489,0.12423,0.43589
0.81525,0.12423,0.43589
0.83832,0.1217,0.43589
0.86139,0.1141,0.43589
0.88446,0.10141,0.43589
0.90753,0.08367,0.43589
0.9306,0.06085,0.43589
0.95367,0.03296,0.43589
0.97674,0.0,0.43589
0.16468,0.0,0.46155
0.18641,0.05647,0.46155
0.20814,0.10061,0.46155
0.22987,0.13371,0.46155
0.2516,0.1571,0.46155
0.27332,0.17206,0.46155
0.29505,0.17992,0.46155
0.31678,0.18196,0.46155
0.33851,0.1795,0.46155
0.36024,0.17384,0.46155
0.38197,0.16629,0.46155
0.40369,0.15813,0.46155
0.42542,0.1507,0.46155
0.44715,0.14528,0.46155
0.46888,0.14318,0.46155
0.48921,0.14318,0.46155
0.50954,0.14318,0.46155
0.52987,0.14318,0.46155
0.55019,0.14318,0.46155
0.57052,0.14318,0.46155
0.59085,0.14318,0.46155
0.61118,0.14318,0.46155
0.63151,0.14318,0.46155
0.65184,0.14318,0.46155
0.67217,0.14318,0.46155
0.6925,0.14318,0.46155
0.71283,0.14318,0.46155
0.73315,0.14318,0.46155
0.75348,0.14318,0.46155
0.77381,0.14318,0.46155
0.79414,0.14318,0.46155
0.81447,0.14318,0.46155
0.83504,0.14094,0.46155
0.85561,0.13423,0.46155
0.87618,0.12305,0.46155
0.89675,0.10738,0.46155
0.91732,0.08725,0.46155
0.93789,0.06264,0.46155
0.95846,0.03356,0.46155
0.97903,0.0,0.46155
0.1644,0.0,0.48718
0.18611,0.05619,0.48718
0.20783,0.10079,0.48718
0.22955,0.13498,0.48718
0.25126,0.15998,0.48718
0.27298,0.17694,0.48718
0.2947,0.18708,0.48718
0.31642,0.19157,0.48718
0.33813,0.19159,0.48718
0.35985,0.18836,0.48718
0.38157,0.18305,0.48718
0.40328,0.17684,0.48718
0.425,0.17095,0.48718
0.44672,0.16654,0.48718
0.46844,0.1648,0.48718
0.48875,0.1648,0.48718
0.50907,0.1648,0.48718
0.52938,0.1648,0.48718
0.54969,0.1648,0.48718
0.57001,0.1648,0.48718
0.59032,0.1648,0.48718
0.61064,0.1648,0.48718
0.63095,0.1648,0.48718
0.65127,0.1648,0.48718
0.67158,0.1648,0.48718
0.6919,0.1648,0.48718
0.71221,0.1648,0.48718
0.73253,0.1648,0.48718
0.75284,0.1648,0.48718
0.77316,0.1648,0.48718
0.79347,0.1648,0.48718
0.81379,0.1648,0.48718
0.83472,0.16223,0.48718
0.85565,0.1545,0.48718
0.87659,0.14163,0.48718
0.89752,0.1236,0.48718
0.91845,0.10043,0.48718
0.93939,0.0721,0.48718
0.96032,0.03863,0.48718
0.98125,0.0,0.48718
0.16335,0.0,0.51282
0.1851,0.05637,0.51282
0.20685,0.10187,0.51282
0.2286,0.13757,0.51282
0.25035,0.16452,0.51282
0.2721,0.18382,0.51282
0.29384,0.19654,0.51282
0.31559,0.20374,0.51282
0.33734,0.2065,0.51282
0.35909,0.20589,0.51282
0.38084,0.20298,0.51282
0.40259,0.19886,0.51282
0.42434,0.19459,0.51282
0.44608,0.19123,0.51282
0.46783,0.18988,0.51282
0.48815,0.18988,0.51282
0.50846,0.18988,0.51282
0.52878,0.18988,0.51282
0.54909,0.18988,0.51282
0.56941,0.18988,0.51282
0.58973,0.18988,0.51282
0.61004,0.18988,0.51282
0.63036,0.18988,0.51282
0.65067,0.18988,0.51282
0.67099,0.18988,0.51282
0.6913,0.18988,0.51282
0.71162,0.18988,0.51282
0.73193,0.18988,0.51282
0.75225,0.18988,0.51282
0.77257,0.18988,0.51282
0.79288,0.18988,0.51282
0.8132,0.18988,0.51282
0.83448,0.18691,0.51282
0.85575,0.17801,0.51282
0.87703,0.16318,0.51282
0.89831,0.14241,0.51282
0.91959,0.11571,0.51282
0.94087,0.08307,0.51282
0.96215,0.0445,0.51282
0.98343,0.0,0.51282
0.16156,0.0,0.53845
0.18338,0.05704,0.53845
0.2052,0.10392,0.53845
0.22702,0.14159,0.53845
0.24885,0.17101,0.53845
0.27067,0.1931,0.53845
0.29249,0.20883,0.53845
0.31431,0.21916,0.53845
0.33614,0.22502,0.53845
0.35796,0.22738,0.53845
0.37978,0.22717,0.53845
0.4016,0.22536,0.53845
0.42342,0.2229,0.53845
0.44525,0.22071,0.53845
0.46707,0.21977,0.53845
0.4874,0.21977,0.53845
0.50773,0.21977,0.53845
0.52806,0.21977,0.53845
0.54839,0.21977,0.53845
0.56873,0.21977,0.53845
0.58906,0.21977,0.53845
0.60939,0.21977,0.53845
0.62972,0.21977,0.53845
0.65005,0.21977,0.53845
0.67038,0.21977,0.53845
0.69071,0.21977,0.53845
0.71105,0.21977,0.53845
0.73138,0.21977,0.53845
0.75171,0.21977,0.53845
0.77204,0.21977,0.53845
0.79237,0.21977,0.53845
0.8127,0.21977,0.53845
0.83431,0.21634,0.53845
0.85591,0.20604,0.53845
0.87752,0.18887,0.53845
0.89912,0.16483,0.53845
0.92073,0.13393,0.53845
0.94233,0.09615,0.53845
0.96394,0.05151,0.53845
0.98554,0.0,0.53845
0.159,0.0,0.56411
0.18094,0.05824,0.56411
0.20288,0.10712,0.56411
0.22482,0.14743,0.56411
0.24676,0.17998,0.56411
0.2687,0.2056,0.56411
0.29064,0.22508,0.56411
0.31257,0.23924,0.56411
0.33451,0.2489,0.56411
0.35645,0.25483,0.56411
0.37839,0.25789,0.56411
0.40033,0.25885,0.56411
0.42227,0.25853,0.56411
0.44421,0.25774,0.56411
0.46614,0.25731,0.56411
0.48651,0.25731,0.56411
0.50687,0.25731,0.56411
0.52723,0.25731,0.56411
0.54759,0.25731,0.56411
0.56795,0.25731,0.56411
0.58832,0.25731,0.56411
0.60868,0.25731,0.56411
0.62904,0.25731,0.56411
0.6494,0.25731,0.56411
0.66977,0.25731,0.56411
0.69013,0.25731,0.56411
0.71049,0.25731,0.56411
0.73085,0.25731,0.56411
0.75122,0.25731,0.56411
0.77158,0.25731,0.56411
0.79194,0.25731,0.56411
0.8123,0.25731,0.56411
0.83422,0.25329,0.56411
0.85613,0.24123,0.56411
0.87804,0.22112,0.56411
0.89996,0.19298,0.56411
0.92187,0.1568,0.56411
0.94378,0.11257,0.56411
0.9657,0.06031,0.56411
0.98761,0.0,0.56411
0.1557,0.0,0.58974
0.17779,0.06003,0.58974
0.19989,0.11166,0.58974
0.22199,0.1555,0.58974
0.24408,0.19221,0.58974
0.26618,0.22242,0.58974
0.28828,0.24674,0.58974
0.31038,0.26584,0.58974
0.33247,0.28032,0.58974
0.35457,0.29084,0.58974
0.37667,0.29803,0.58974
0.39877,0.30252,0.58974
0.42086,0.30493,0.58974
0.44296,0.30592,0.58974
0.46506,0.30611,0.58974
0.48547,0.30611,0.58974
0.50587,0.30611,0.58974
0.52628,0.30611,0.58974
0.54669,0.30611,0.58974
0.5671,0.30611,0.58974
0.58751,0.30611,0.58974
0.60792,0.30611,0.58974
0.62832,0.30611,0.58974
0.64873,0.30611,0.58974
0.66914,0.30611,0.58974
0.68955,0.30611,0.58974
0.70996,0.30611,0.58974
0.73037,0.30611,0.58974
0.75077,0.30611,0.58974
0.77118,0.30611,0.58974
0.79159,0.30611,0.58974
0.812,0.30611,0.58974
0.8342,0.30133,0.58974
0.85641,0.28698,0.58974
0.87861,0.26306,0.58974
0.90081,0.22959,0.58974
0.92302,0.18654,0.58974
0.94522,0.13393,0.58974
0.96743,0.07174,0.58974
0.98963,0.0,0.58974
0.15163,0.0,0.61538
0.17393,0.06228,0.61538
0.19623,0.11703,0.61538
0.21853,0.16471,0.61538
0.24083,0.20579,0.61538
0.26312,0.24075,0.61538
0.28542,0.27004,0.61538
0.30772,0.29414,0.61538
0.33002,0.3135,0.61538
0.35232,0.32861,0.61538
0.37462,0.33991,0.61538
0.39692,0.3479,0.61538
0.41921,0.35302,0.61538
0.44151,0.35575,0.61538
0.46381,0.35656,0.61538
0.48428,0.35656,0.61538
0.50475,0.35656,0.61538
0.52522,0.35656,0.61538
0.54569,0.35656,0.61538
0.56616,0.35656,0.61538
0.58663,0.35656,0.61538
0.6071,0.35656,0.61538
0.62757,0.35656,0.61538
0.64804,0.35656,0.61538
0.66851,0.35656,0.61538
0.68897,0.35656,0.61538
0.70944,0.35656,0.61538
0.72991,0.35656,0.61538
0.75038,0.35656,0.61538
0.77085,0.35656,0.61538
0.79132,0.35656,0.61538
0.81179,0.35656,0.61538
0.83427,0.35099,0.61538
0.85675,0.33428,0.61538
0.87922,0.30642,0.61538
0.9017,0.26742,0.61538
0.92418,0.21727,0.61538
0.94665,0.15599,0.61538
0.96913,0.08356,0.61538
0.99161,0.0,0.61538
0.14681,0.0,0.64103
0.16935,0.06498,0.64103
0.1919,0.12318,0.64103
0.21444,0.1749,0.64103
0.23698,0.22046,0.64103
0.25952,0.26017,0.64103
0.28207,0.29436,0.64103
0.30461,0.32336,0.64103
0.32715,0.34744,0.64103
0.34969,0.36696,0.64103
0.37223,0.38223,0.64103
0.39478,0.39354,0.64103
0.41732,0.40124,0.64103
0.43986,0.40563,0.64103
0.4624,0.40701,0.64103
0.48295,0.40701,0.64103
0.50349,0.40701,0.64103
0.52404,0.40701,0.64103
0.54459,0.40701,0.64103
0.56513,0.40701,0.64103
0.58568,0.40701,0.64103
0.60622,0.40701,0.64103
0.62677,0.40701,0.64103
0.64731,0.40701,0.64103
0.66786,0.40701,0.64103
0.6884,0.40701,0.64103
0.70895,0.40701,0.64103
0.7295,0.40701,0.64103
0.75004,0.40701,0.64103
0.77059,0.40701,0.64103
0.79113,0.40701,0.64103
0.81168,0.40701,0.64103
0.83441,0.40065,0.64103
0.85714,0.38158,0.64103
0.87988,0.34977,0.64103
0.90261,0.30526,0.64103
0.92534,0.24802,0.64103
0.94808,0.17807,0.64103
0.97081,0.09539,0.64103
0.99354,0.0,0.64103
0.14124,0.0,0.66667
0.16407,0.06816,0.66667
0.18689,0.13013,0.66667
0.20972,0.18609,0.66667
0.23255,0.23624,0.66667
0.25538,0.28073,0.66667
0.27821,0.31978,0.66667
0.30104,0.35353,0.66667
0.32386,0.3822,0.66667
0.34669,0.40596,0.66667
0.36952,0.42499,0.66667
0.39235,0.43947,0.66667
0.41518,0.44959,0.66667
0.43801,0.45552,0.66667
0.46083,0.45747,0.66667
0.48147,0.45747,0.66667
0.50211,0.45747,0.66667
0.52274,0.45747,0.66667
0.54338,0.45747,0.66667
0.56402,0.45747,0.66667
0.58466,0.45747,0.66667
0.60529,0.45747,0.66667
0.62593,0.45747,0.66667
0.64657,0.45747,0.66667
0.6672,0.45747,0.66667
0.68784,0.45747,0.66667
0.70848,0.45747,0.66667
0.72911,0.45747,0.66667
0.74975,0.45747,0.66667
0.77039,0.45747,0.66667
0.79102,0.45747,0.66667
0.81166,0.45747,0.66667
0.83463,0.45032,0.66667
0.85761,0.42887,0.66667
0.88058,0.39313,0.66667
0.90355,0.34309,0.66667
0.92652,0.27877,0.66667
0.9495,0.20015,0.66667
0.97247,0.10721,0.66667
0.99544,0.0,0.66667
0.13491,0.0,0.6923
0.15652,0.06723,0.6923
0.17813,0.12946,0.6923
0.19975,0.18674,0.6923
0.22136,0.23914,0.6923
0.24297,0.28668,0.6923
0.26459,0.32945,0.6923
0.2862,0.36748,0.6923
0.30781,0.40083,0.6923
0.32943,0.42956,0.6923
0.35104,0.45373,0.6923
0.37265,0.47338,0.6923
0.39427,0.48858,0.6923
0.41588,0.49935,0.6923
0.43749,0.50579,0.6923
0.45911,0.50792,0.6923
0.48114,0.50792,0.6923
0.50318,0.50792,0.6923
0.52522,0.50792,0.6923
0.54726,0.50792,0.6923
0.5693,0.50792,0.6923
0.59134,0.50792,0.6923
0.61338,0.50792,0.6923
0.63542,0.50792,0.6923
0.65746,0.50792,0.6923
0.6795,0.50792,0.6923
0.70154,0.50792,0.6923
0.72358,0.50792,0.6923
0.74562,0.50792,0.6923
0.76766,0.50792,0.6923
0.7897,0.50792,0.6923
0.81174,0.50792,0.6923
0.83493,0.49998,0.6923
0.85813,0.47617,0.6923
0.88133,0.4365,0.6923
0.90452,0.38094,0.6923
0.92772,0.30951,0.6923
0.95091,0.22221,0.6923
0.97411,0.11905,0.6923
0.9973,0.0,0.6923
0.12782,0.0,0.71796
0.14978,0.07114,0.71796
0.17174,0.13755,0.71796
0.1937,0.19921,0.71796
0.21566,0.25607,0.71796
0.23762,0.30812,0.71796
0.25958,0.35532,0.71796
0.28154,0.39767,0.71796
0.3035,0.43513,0.71796
0.32546,0.46768,0.71796
0.34742,0.49528,0.71796
0.36938,0.51793,0.71796
0.39134,0.53558,0.71796
0.4133,0.54823,0.71796
0.43526,0.55583,0.71796
0.45722,0.55836,0.71796
0.47938,0.55836,0.71796
0.50155,0.55836,0.71796
0.52372,0.55836,0.71796
0.54589,0.55836,0.71796
0.56806,0.55836,0.71796
0.59023,0.55836,0.71796
0.61239,0.55836,0.71796
0.63456,0.55836,0.71796
0.65673,0.55836,0.71796
0.6789,0.55836,0.71796
0.70107,0.55836,0.71796
0.72324,0.55836,0.71796
0.7454,0.55836,0.71796
0.76757,0.55836,0.71796
0.78974,0.55836,0.71796
0.81191,0.55836,0.71796
0.83531,0.54964,0.71796
0.85871,0.52347,0.71796
0.88212,0.47984,0.71796
0.90552,0.41878,0.71796
0.92892,0.34026,0.71796
0.95233,0.24429,0.71796
0.97573,0.13086,0.71796
0.99913,0.0,0.71796
0.11998,0.0,0.74359
0.14232,0.0756,0.74359
0.16467,0.14659,0.74359
0.18701,0.21285,0.74359
0.20936,0.27433,0.74359
0.23171,0.33092,0.74359
0.25405,0.38253,0.74359
0.2764,0.42908,0.74359
0.29874,0.4705,0.74359
0.32109,0.50667,0.74359
0.34344,0.53751,0.74359
0.36578,0.56295,0.74359
0.38813,0.58289,0.74359
0.41047,0.59723,0.74359
0.43282,0.6059,0.74359
0.45516,0.60882,0.74359
0.47748,0.60882,0.74359
0.49979,0.60882,0.74359
0.5221,0.60882,0.74359
0.54442,0.60882,0.74359
0.56673,0.60882,0.74359
0.58904,0.60882,0.74359
0.61136,0.60882,0.74359
0.63367,0.60882,0.74359
0.65599,0.60882,0.74359
0.6783,0.60882,0.74359
0.70061,0.60882,0.74359
0.72292,0.60882,0.74359
0.74524,0.60882,0.74359
0.76755,0.60882,0.74359
0.78986,0.60882,0.74359
0.81218,0.60882,0.74359
0.83566,0.60406,0.74359
0.85913,0.58951,0.74359
0.88261,0.56443,0.74359
0.90609,0.52733,0.74359
0.92957,0.47539,0.74359
0.95304,0.40289,0.74359
0.97652,0.29504,0.74359
1.0,0.00056,0.74359
0.11138,0.0,0.76923
0.13415,0.08063,0.76923
0.15692,0.15659,0.76923
0.17969,0.22776,0.76923
0.20247,0.294,0.76923
0.22524,0.35518,0.76923
0.24801,0.41116,0.76923
0.27078,0.46182,0.76923
0.29355,0.50701,0.76923
0.31632,0.5466,0.76923
0.3391,0.58048,0.76923
0.36187,0.60849,0.76923
0.38464,0.6305,0.76923
0.40741,0.6464,0.76923
0.43018,0.65603,0.76923
0.45295,0.65927,0.76923
0.47543,0.65927,0.76923
0.4979,0.65927,0.76923
0.52038,0.65927,0.76923
0.54285,0.65927,0.76923
0.56532,0.65927,0.76923
0.5878,0.65927,0.76923
0.61027,0.65927,0.76923
0.63275,0.65927,0.76923
0.65522,0.65927,0.76923
0.6777,0.65927,0.76923
0.70017,0.65927,0.76923
0.72264,0.65927,0.76923
0.74512,0.65927,0.76923
0.76759,0.65927,0.76923
0.79007,0.65927,0.76923
0.81254,0.65927,0.76923
0.83574,0.65438,0.76923
0.85894,0.63946,0.76923
0.88214,0.61376,0.76923
0.90535,0.57571,0.76923
0.92855,0.52244,0.76923
0.95175,0.4481,0.76923
0.97495,0.3375,0.76923
0.99815,0.03553,0.76923
0.10203,0.0,0.79488
0.12526,0.08625,0.79488
0.1485,0.16761,0.79488
0.17174,0.2439,0.79488
0.19497,0.31499,0.79488
0.21821,0.3807,0.79488
0.24145,0.44089,0.79488
0.26469,0.49541,0.79488
0.28792,0.54409,0.79488
0.31116,0.58678,0.79488
0.3344,0.62333,0.79488
0.35763,0.65358,0.79488
0.38087,0.67738,0.79488
0.40411,0.69457,0.79488
0.42734,0.705,0.79488
0.45058,0.70851,0.79488
0.47323,0.70851,0.79488
0.49588,0.70851,0.79488
0.51853,0.70851,0.79488
0.54119,0.70851,0.79488
0.56384,0.70851,0.79488
0.58649,0.70851,0.79488
0.60914,0.70851,0.79488
0.63179,0.70851,0.79488
0.65444,0.70851,0.79488
0.67709,0.70851,0.79488
0.69974,0.70851,0.79488
0.72239,0.70851,0.79488
0.74505,0.70851,0.79488
0.7677,0.70851,0.79488
0.79035,0.70851,0.79488
0.813,0.70851,0.79488
0.83591,0.70386,0.79488
0.85882,0.6897,0.79488
0.88174,0.66528,0.79488
0.90465,0.62913,0.79488
0.92756,0.57853,0.79488
0.95047,0.50792,0.79488
0.97339,0.40286,0.79488
0.9963,0.11602,0.79488
0.09192,0.0,0.82052
0.11566,0.09243,0.82052
0.1394,0.17929,0.82052
0.16314,0.26047,0.82052
0.18689,0.33585,0.82052
0.21063,0.4053,0.82052
0.23437,0.46871,0.82052
0.25811,0.52596,0.82052
0.28185,0.57692,0.82052
0.3056,0.62147,0.82052
0.32934,0.6595,0.82052
0.35308,0.69089,0.82052
0.37682,0.71551,0.82052
0.40056,0.73325,0.82052
0.42431,0.74398,0.82052
0.44805,0.74758,0.82052
0.47089,0.74758,0.82052
0.49374,0.74758,0.82052
0.51658,0.74758,0.82052
0.53942,0.74758,0.82052
0.56227,0.74758,0.82052
0.58511,0.74758,0.82052
0.60796,0.74758,0.82052
0.6308,0.74758,0.82052
0.65364,0.74758,0.82052
0.67649,0.74758,0.82052
0.69933,0.74758,0.82052
0.72218,0.74758,0.82052
0.74502,0.74758,0.82052
0.76786,0.74758,0.82052
0.79071,0.74758,0.82052
0.81355,0.74758,0.82052
0.83616,0.74303,0.82052
0.85878,0.72913,0.82052
0.88139,0.70518,0.82052
0.904,0.66972,0.82052
0.92661,0.6201,0.82052
0.94922,0.55084,0.82052
0.97184,0.4478,0.82052
0.99445,0.16648,0.82052
0.08105,0.0,0.84615
0.10534,0.09929,0.84615
0.12963,0.19207,0.84615
0.15391,0.27832,0.84615
0.1782,0.35796,0.84615
0.20249,0.43097,0.84615
0.22677,0.49726,0.84615
0.25106,0.5568,0.84615
0.27535,0.60954,0.84615
0.29963,0.65542,0.84615
0.32392,0.69438,0.84615
0.34821,0.72637,0.84615
0.37249,0.75135,0.84615
0.39678,0.76925,0.84615
0.42107,0.78003,0.84615
0.44535,0.78364,0.84615
0.46705,0.78364,0.84615
0.48875,0.78364,0.84615
0.51044,0.78364,0.84615
0.53214,0.78364,0.84615
0.55384,0.78364,0.84615
0.57553,0.78364,0.84615
0.59723,0.78364,0.84615
0.61893,0.78364,0.84615
0.64063,0.78364,0.84615
0.66232,0.78364,0.84615
0.68402,0.78364,0.84615
0.70572,0.78364,0.84615
0.72741,0.78364,0.84615
0.74911,0.78364,0.84615
0.77081,0.78364,0.84615
0.7925,0.78364,0.84615
0.8142,0.78364,0.84615
0.83969,0.77766,0.84615
0.86517,0.75931,0.84615
0.89066,0.72733,0.84615
0.91614,0.67897,0.84615
0.94163,0.60846,0.84615
0.96711,0.50062,0.84615
0.9926,0.2,0.84615
0.06943,0.0,0.87179
0.09275,0.10048,0.87179
0.11607,0.19422,0.87179
0.13938,0.2813,0.87179
0.1627,0.36172,0.87179
0.18602,0.43552,0.87179
0.20933,0.50274,0.87179
0.23265,0.5634,0.87179
0.25597,0.61753,0.87179
0.27928,0.66518,0.87179
0.3026,0.70637,0.87179
0.32592,0.74113,0.87179
0.34923,0.7695,0.87179
0.37255,0.79152,0.87179
0.39586,0.80719,0.87179
0.41918,0.81659,0.87179
0.4425,0.8197,0.87179
0.46578,0.8197,0.87179
0.48905,0.8197,0.87179
0.51233,0.8197,0.87179
0.53561,0.8197,0.87179
0.55889,0.8197,0.87179
0.58217,0.8197,0.87179
0.60544,0.8197,0.87179
0.62872,0.8197,0.87179
0.652,0.8197,0.87179
0.67528,0.8197,0.87179
0.69856,0.8197,0.87179
0.72183,0.8197,0.87179
0.74511,0.8197,0.87179
0.76839,0.8197,0.87179
0.79167,0.8197,0.87179
0.81494,0.8197,0.87179
0.84006,0.81369,0.87179
0.86517,0.79527,0.87179
0.89029,0.76315,0.87179
0.9154,0.71457,0.87179
0.94052,0.64376,0.87179
0.96563,0.53546,0.87179
0.99075,0.23354,0.87179
0.05706,0.0,0.89744
0.08096,0.1085,0.89744
0.10486,0.20905,0.89744
0.12876,0.3018,0.89744
0.15266,0.38686,0.89744
0.17657,0.46437,0.89744
0.20047,0.53446,0.89744
0.22437,0.59727,0.89744
0.24827,0.65291,0.89744
0.27217,0.7015,0.89744
0.29607,0.74321,0.89744
0.31997,0.77814,0.89744
0.34388,0.80644,0.89744
0.36778,0.82821,0.89744
0.39168,0.8436,0.89744
0.41558,0.85274,0.89744
0.43948,0.85577,0.89744
0.463,0.85577,0.89744
0.48652,0.85577,0.89744
0.51004,0.85577,0.89744
0.53356,0.85577,0.89744
0.55708,0.85577,0.89744
0.5806,0.85577,0.89744
0.60411,0.85577,0.89744
0.62763,0.85577,0.89744
0.65115,0.85577,0.89744
0.67467,0.85577,0.89744
0.69819,0.85577,0.89744
0.72171,0.85577,0.89744
0.74523,0.85577,0.89744
0.76875,0.85577,0.89744
0.79226,0.85577,0.89744
0.81578,0.85577,0.89744
0.84051,0.84972,0.89744
0.86524,0.83123,0.89744
0.88998,0.79895,0.89744
0.91471,0.75017,0.89744
0.93944,0.67907,0.89744
0.96417,0.57029,0.89744
0.9889,0.26706,0.89744
0.04393,0.0,0.92308
0.06845,0.11742,0.92308
0.09297,0.22544,0.92308
0.1175,0.32432,0.92308
0.14202,0.4143,0.92308
0.16655,0.49564,0.92308
0.19107,0.56859,0.92308
0.21559,0.6334,0.92308
0.24012,0.69031,0.92308
0.26464,0.73959,0.92308
0.28916,0.78149,0.92308
0.31369,0.81625,0.92308
0.33821,0.84413,0.92308
0.36274,0.86538,0.92308
0.38726,0.88023,0.92308
0.41178,0.88897,0.92308
0.43631,0.89183,0.92308
0.46008,0.89183,0.92308
0.48386,0.89183,0.92308
0.50763,0.89183,0.92308
0.53141,0.89183,0.92308
0.55518,0.89183,0.92308
0.57896,0.89183,0.92308
0.60274,0.89183,0.92308
0.62651,0.89183,0.92308
0.65029,0.89183,0.92308
0.67406,0.89183,0.92308
0.69784,0.89183,0.92308
0.72161,0.89183,0.92308
0.74539,0.89183,0.92308
0.76917,0.89183,0.92308
0.79294,0.89183,0.92308
0.81672,0.89183,0.92308
0.84105,0.88576,0.92308
0.86538,0.86718,0.92308
0.88972,0.83477,0.92308
0.91405,0.78579,0.92308
0.93838,0.71437,0.92308
0.96272,0.60512,0.92308
0.98705,0.3006,0.92308
0.03004,0.0,0.94871
0.05522,0.12733,0.94871
0.08041,0.24356,0.94871
0.10559,0.34906,0.94871
0.13077,0.44427,0.94871
0.15595,0.52956,0.94871
0.18114,0.60535,0.94871
0.20632,0.67202,0.94871
0.2315,0.72998,0.94871
0.25669,0.77963,0.94871
0.28187,0.82135,0.94871
0.30705,0.85556,0.94871
0.33224,0.88266,0.94871
0.35742,0.90304,0.94871
0.3826,0.91711,0.94871
0.40779,0.92525,0.94871
0.43297,0.92788,0.94871
0.45702,0.92788,0.94871
0.48107,0.92788,0.94871
0.50512,0.92788,0.94871
0.52916,0.92788,0.94871
0.55321,0.92788,0.94871
0.57726,0.92788,0.94871
0.60131,0.92788,0.94871
0.62536,0.92788,0.94871
0.64941,0.92788,0.94871
0.67345,0.92788,0.94871
0.6975,0.92788,0.94871
0.72155,0.92788,0.94871
0.7456,0.92788,0.94871
0.76965,0.92788,0.94871
0.7937,0.92788,0.94871
0.81775,0.92788,0.94871
0.84167,0.92179,0.94871
0.86559,0.90313,0.94871
0.88951,0.87059,0.94871
0.91343,0.82139,0.94871
0.93735,0.74967,0.94871
0.96128,0.63996,0.94871
0.9852,0.33412,0.94871
0.0154,0.0,0.97436
0.03975,0.13056,0.97436
0.06411,0.24949,0.97436
0.08847,0.35727,0.97436
0.11283,0.45437,0.97436
0.13718,0.54128,0.97436
0.16154,0.61847,0.97436
0.1859,0.68644,0.97436
0.21026,0.74565,0.97436
0.23461,0.79659,0.97436
0.25897,0.83973,0.97436
0.28333,0.87557,0.97436
0.30768,0.90457,0.97436
0.33204,0.92722,0.97436
0.3564,0.94401,0.97436
0.38076,0.9554,0.97436
0.40511,0.96189,0.97436
0.42947,0.96394,0.97436
0.45381,0.96394,0.97436
0.47815,0.96394,0.97436
0.50248,0.96394,0.97436
0.52682,0.96394,0.97436
0.55116,0.96394,0.97436
0.5755,0.96394,0.97436
0.59983,0.96394,0.97436
0.62417,0.96394,0.97436
0.64851,0.96394,0.97436
0.67285,0.96394,0.97436
0.69718,0.96394,0.97436
0.72152,0.96394,0.97436
0.74586,0.96394,0.97436
0.7702,0.96394,0.97436
0.79453,0.96394,0.97436
0.81887,0.96394,0.97436
0.84628,0.95561,0.97436
0.8737,0.92984,0.97436
0.90111,0.88405,0.97436
0.92852,0.81211,0.97436
0.95593,0.69726,0.97436
0.98335,0.36766,0.97436
0.0,0.0,1.0
0.02505,0.14212,1.0
0.0501,0.27056,1.0
0.07514,0.38596,1.0
0.10019,0.48899,1.0
0.12524,0.5803,1.0
0.15029,0.66053,1.0
0.17533,0.73037,1.0
0.20038,0.79044,1.0
0.22543,0.8414,1.0
0.25048,0.88392,1.0
0.27553,0.91865,1.0
0.30057,0.94624,1.0
0.32562,0.96734,1.0
0.35067,0.98261,1.0
0.37572,0.99271,1.0
0.40076,0.99829,1.0
0.42581,1.0,1.0
0.45045,1.0,1.0
0.4751,1.0,1.0
0.49974,1.0,1.0
0.52438,1.0,1.0
0.54902,1.0,1.0
0.57367,1.0,1.0
0.59831,1.0,1.0
0.62295,1.0,1.0
0.64759,1.0,1.0
0.67224,1.0,1.0
0.69688,1.0,1.0
0.72152,1.0,1.0
0.74616,1.0,1.0
0.77081,1.0,1.0
0.79545,1.0,1.0
0.82009,1.0,1.0
0.84699,0.99163,1.0
0.87389,0.96576,1.0
0.90079,0.91978,1.0
0.9277,0.84751,1.0
0.9546,0.73219,1.0
0.9815,0.40118,1.0
