0.06581,0.0,0.0
0.08678,0.0,0.0
0.10776,0.0,0.0
0.12873,0.0,0.0
0.1497,0.0,0.0
0.17068,0.0,0.0
0.19165,0.0,0.0
0.21262,0.0,0.0
0.2336,0.0,0.0
0.25457,0.0,0.0
0.27554,0.0,0.0
0.29652,0.0,0.0
0.31749,0.0,0.0
0.33846,0.0,0.0
0.35944,0.0,0.0
0.38041,0.0,0.0
0.40138,0.0,0.0
0.42236,0.0,0.0
0.44333,0.0,0.0
0.4643,0.0,0.0
0.48528,0.0,0.0
0.50625,0.0,0.0
0.52722,0.0,0.0
0.54819,0.0,0.0
0.56917,0.0,0.0
0.59014,0.0,0.0
0.61111,0.0,0.0
0.63209,0.0,0.0
0.65306,0.0,0.0
0.67403,0.0,0.0
0.69501,0.0,0.0
0.71598,0.0,0.0
0.73695,0.0,0.0
0.75793,0.0,0.0
0.7789,0.0,0.0
0.79987,0.0,0.0
0.82085,0.0,0.0
0.84182,0.0,0.0
0.86279,0.0,0.0
0.88377,0.0,0.0
0.05776,0.0,0.02564
0.08072,0.09357,0.02564
0.10369,0.1669,0.02564
0.12665,0.22239,0.02564
0.14962,0.26242,0.02564
0.17258,0.2894,0.02564
0.19555,0.30571,0.02564
0.21851,0.31374,0.02564
0.24148,0.31589,0.02564
0.26272,0.31589,0.02564
0.28396,0.31589,0.02564
0.30521,0.31589,0.02564
0.32645,0.31589,0.02564
0.34769,0.31589,0.02564
0.36894,0.31589,0.02564
0.39018,0.31589,0.02564
0.41142,0.31589,0.02564
0.43235,0.31529,0.02564
0.45328,0.3135,0.02564
0.47421,0.31051,0.02564
0.49514,0.30633,0.02564
0.51608,0.30095,0.02564
0.53701,0.29439,0.02564
0.55794,0.28662,0.02564
0.57887,0.27767,0.02564
0.5998,0.26751,0.02564
0.62073,0.25617,0.02564
0.64166,0.24363,0.02564
0.66259,0.22989,0.02564
0.68352,0.21497,0.02564
0.70445,0.19884,0.02564
0.72538,0.18153,0.02564
0.74631,0.16302,0.02564
0.76724,0.14331,0.02564
0.78817,0.12241,0.02564
0.8091,0.10032,0.02564
0.83003,0.07703,0.02564
0.85096,0.05255,0.02564
0.87189,0.02687,0.02564
0.89282,0.0,0.02564
0.05442,0.0,0.05128
0.07735,0.10561,0.05128
0.10028,0.19786,0.05128
0.12322,0.27655,0.05128
0.14615,0.34144,0.05128
0.16908,0.39229,0.05128
0.19201,0.42891,0.05128
0.21495,0.45103,0.05128
0.23788,0.45846,0.05128
0.25779,0.45846,0.05128
0.2777,0.45846,0.05128
0.29761,0.45846,0.05128
0.31752,0.45846,0.05128
0.33743,0.45846,0.05128
0.35734,0.45846,0.05128
0.37725,0.45846,0.05128
0.39717,0.45846,0.05128
0.41708,0.45846,0.05128
0.43699,0.45846,0.05128
0.45887,0.45742,0.05128
0.48076,0.45431,0.05128
0.50264,0.44911,0.05128
0.52453,0.44183,0.05128
0.54641,0.43247,0.05128
0.5683,0.42104,0.05128
0.59018,0.40752,0.05128
0.61207,0.39193,0.05128
0.63395,0.37425,0.05128
0.65584,0.3545,0.05128
0.67772,0.33267,0.05128
0.69961,0.30876,0.05128
0.72149,0.28277,0.05128
0.74338,0.2547,0.05128
0.76527,0.22455,0.05128
0.78715,0.19233,0.05128
0.80904,0.15802,0.05128
0.83092,0.12163,0.05128
0.85281,0.08317,0.05128
0.87469,0.04263,0.05128
0.89658,0.0,0.05128
0.05186,0.0,0.07692
0.07469,0.11727,0.07692
0.09752,0.22821,0.07692
0.12035,0.32993,0.07692
0.14318,0.41959,0.07692
0.16601,0.49431,0.07692
0.18884,0.55122,0.07692
0.21167,0.58748,0.07692
0.2345,0.6002,0.07692
0.25511,0.6002,0.07692
0.27572,0.6002,0.07692
0.29634,0.6002,0.07692
0.31695,0.6002,0.07692
0.33757,0.6002,0.07692
0.35818,0.6002,0.07692
0.37879,0.6002,0.07692
0.39941,0.6002,0.07692
0.42002,0.6002,0.07692
0.44063,0.6002,0.07692
0.46125,0.6002,0.07692
0.48316,0.5987,0.07692
0.50507,0.59419,0.07692
0.52698,0.58669,0.07692
0.54889,0.57619,0.07692
0.5708,0.56268,0.07692
0.59271,0.54618,0.07692
0.61462,0.52667,0.07692
0.63653,0.50416,0.07692
0.65844,0.47866,0.07692
0.68035,0.45014,0.07692
0.70226,0.41864,0.07692
0.72417,0.38412,0.07692
0.74608,0.34661,0.07692
0.76799,0.3061,0.07692
0.7899,0.26259,0.07692
0.81181,0.21607,0.07692
0.83372,0.16655,0.07692
0.85564,0.11404,0.07692
0.87755,0.05852,0.07692
0.89946,0.0,0.07692
0.0497,0.0,0.10256
0.07241,0.12874,0.10256
0.09511,0.25826,0.10256
0.11781,0.38301,0.10256
0.14052,0.49748,0.10256
0.16322,0.59613,0.10256
0.18593,0.67345,0.10256
0.20863,0.72388,0.10256
0.23134,0.74193,0.10256
0.25241,0.74193,0.10256
0.27348,0.74193,0.10256
0.29455,0.74193,0.10256
0.31563,0.74193,0.10256
0.3367,0.74193,0.10256
0.35777,0.74193,0.10256
0.37884,0.74193,0.10256
0.39991,0.74193,0.10256
0.42099,0.74193,0.10256
0.44206,0.74193,0.10256
0.46313,0.74193,0.10256
0.4842,0.74193,0.10256
0.50619,0.73987,0.10256
0.52817,0.73371,0.10256
0.55015,0.72343,0.10256
0.57214,0.70904,0.10256
0.59412,0.69055,0.10256
0.6161,0.66794,0.10256
0.63809,0.64122,0.10256
0.66007,0.6104,0.10256
0.68205,0.57546,0.10256
0.70403,0.53641,0.10256
0.72602,0.49324,0.10256
0.748,0.44598,0.10256
0.76998,0.3946,0.10256
0.79197,0.33911,0.10256
0.81395,0.27951,0.10256
0.83593,0.2158,0.10256
0.85792,0.14797,0.10256
0.8799,0.07605,0.10256
0.90188,0.0,0.10256
0.0478,0.0,0.1282
0.07037,0.14008,0.1282
0.09295,0.28811,0.1282
0.11552,0.43589,0.1282
0.1381,0.5752,0.1282
0.16067,0.69784,0.1282
0.18325,0.7956,0.1282
0.20582,0.86028,0.1282
0.2284,0.88366,0.1282
0.24974,0.88366,0.1282
0.27108,0.88366,0.1282
0.29243,0.88366,0.1282
0.31377,0.88366,0.1282
0.33511,0.88366,0.1282
0.35646,0.88366,0.1282
0.3778,0.88366,0.1282
0.39914,0.88366,0.1282
0.42048,0.88366,0.1282
0.44183,0.88366,0.1282
0.46317,0.88366,0.1282
0.48451,0.88366,0.1282
0.50586,0.88366,0.1282
0.52798,0.88093,0.1282
0.5501,0.87275,0.1282
0.57222,0.85911,0.1282
0.59434,0.84003,0.1282
0.61646,0.81547,0.1282
0.63858,0.78548,0.1282
0.6607,0.75002,0.1282
0.68282,0.70911,0.1282
0.70494,0.66275,0.1282
0.72706,0.61093,0.1282
0.74918,0.55365,0.1282
0.7713,0.49092,0.1282
0.79342,0.42274,0.1282
0.81554,0.3491,0.1282
0.83766,0.27001,0.1282
0.85978,0.18546,0.1282
0.8819,0.09545,0.1282
0.90402,0.0,0.1282
0.04608,0.0,0.15385
0.06853,0.15132,0.15385
0.09098,0.31782,0.15385
0.11343,0.48861,0.15385
0.13588,0.65279,0.15385
0.15833,0.79945,0.15385
0.18078,0.91771,0.15385
0.20323,0.99666,0.15385
0.22568,1.0,0.15385
0.24714,1.0,0.15385
0.26861,1.0,0.15385
0.29008,1.0,0.15385
0.31154,1.0,0.15385
0.33301,1.0,0.15385
0.35447,1.0,0.15385
0.37594,1.0,0.15385
0.39741,1.0,0.15385
0.41887,1.0,0.15385
0.44034,1.0,0.15385
0.46181,1.0,0.15385
0.48327,1.0,0.15385
0.50474,1.0,0.15385
0.5262,1.0,0.15385
0.54854,1.0,0.15385
0.57088,1.0,0.15385
0.59322,0.99346,0.15385
0.61556,0.96862,0.15385
0.6379,0.93669,0.15385
0.66023,0.89767,0.15385
0.68257,0.85154,0.15385
0.70491,0.79832,0.15385
0.72725,0.738,0.15385
0.74959,0.67059,0.15385
0.77193,0.59607,0.15385
0.79426,0.51447,0.15385
0.8166,0.42577,0.15385
0.83894,0.32997,0.15385
0.86128,0.22708,0.15385
0.88362,0.11709,0.15385
0.90596,0.0,0.15385
0.0445,0.0,0.17949
0.06683,0.16147,0.17949
0.08917,0.34375,0.17949
0.1115,0.53379,0.17949
0.13384,0.71852,0.17949
0.15617,0.88492,0.17949
0.17851,1.0,0.17949
0.20084,1.0,0.17949
0.22318,1.0,0.17949
0.24465,1.0,0.17949
0.26612,1.0,0.17949
0.28759,1.0,0.17949
0.30906,1.0,0.17949
0.33054,1.0,0.17949
0.35201,1.0,0.17949
0.37348,1.0,0.17949
0.39495,1.0,0.17949
0.41642,1.0,0.17949
0.43789,1.0,0.17949
0.45936,1.0,0.17949
0.48084,1.0,0.17949
0.50231,1.0,0.17949
0.52378,1.0,0.17949
0.54525,1.0,0.17949
0.5679,1.0,0.17949
0.59056,1.0,0.17949
0.61322,1.0,0.17949
0.63587,1.0,0.17949
0.65853,1.0,0.17949
0.68118,0.98278,0.17949
0.70384,0.92471,0.17949
0.72649,0.8577,0.17949
0.74915,0.78175,0.17949
0.7718,0.69688,0.17949
0.79446,0.60307,0.17949
0.81711,0.50032,0.17949
0.83977,0.38864,0.17949
0.86242,0.26803,0.17949
0.88508,0.13849,0.17949
0.90773,0.0,0.17949
0.04303,0.0,0.20513
0.06526,0.16936,0.20513
0.0875,0.36152,0.20513
0.10973,0.56251,0.20513
0.13196,0.75831,0.20513
0.1542,0.93496,0.20513
0.17643,1.0,0.20513
0.19867,1.0,0.20513
0.2209,1.0,0.20513
0.24228,1.0,0.20513
0.26366,1.0,0.20513
0.28504,1.0,0.20513
0.30642,1.0,0.20513
0.3278,1.0,0.20513
0.34918,1.0,0.20513
0.37056,1.0,0.20513
0.39195,1.0,0.20513
0.41333,1.0,0.20513
0.43471,1.0,0.20513
0.45609,1.0,0.20513
0.47747,1.0,0.20513
0.49885,1.0,0.20513
0.52023,1.0,0.20513
0.54161,1.0,0.20513
0.56299,1.0,0.20513
0.58608,1.0,0.20513
0.60918,1.0,0.20513
0.63227,1.0,0.20513
0.65536,1.0,0.20513
0.67846,1.0,0.20513
0.70155,1.0,0.20513
0.72464,0.94651,0.20513
0.74774,0.86585,0.20513
0.77083,0.77442,0.20513
0.79392,0.67224,0.20513
0.81702,0.5593,0.20513
0.84011,0.43562,0.20513
0.8632,0.30117,0.20513
0.88629,0.15597,0.20513
0.90939,0.0,0.20513
0.04165,0.0,0.23077
0.06379,0.17625,0.23077
0.08594,0.37577,0.23077
0.10809,0.58415,0.23077
0.13024,0.78696,0.23077
0.15239,0.9698,0.23077
0.17454,1.0,0.23077
0.19669,1.0,0.23077
0.21884,1.0,0.23077
0.24138,1.0,0.23077
0.26391,1.0,0.23077
0.28645,1.0,0.23077
0.30899,1.0,0.23077
0.33152,1.0,0.23077
0.35406,1.0,0.23077
0.3766,1.0,0.23077
0.39913,1.0,0.23077
0.42167,1.0,0.23077
0.44421,1.0,0.23077
0.46674,1.0,0.23077
0.48928,1.0,0.23077
0.51182,1.0,0.23077
0.53435,1.0,0.23077
0.55689,1.0,0.23077
0.57943,1.0,0.23077
0.60153,1.0,0.23077
0.62363,1.0,0.23077
0.64573,1.0,0.23077
0.66783,1.0,0.23077
0.68993,1.0,0.23077
0.71203,1.0,0.23077
0.73413,0.98115,0.23077
0.75624,0.89753,0.23077
0.77834,0.80275,0.23077
0.80044,0.69684,0.23077
0.82254,0.57976,0.23077
0.84464,0.45155,0.23077
0.86674,0.31218,0.23077
0.88884,0.16167,0.23077
0.91094,0.0,0.23077
0.04034,0.0,0.25641
0.06242,0.18253,0.25641
0.0845,0.38784,0.25641
0.10659,0.60142,0.25641
0.12867,0.80872,0.25641
0.15075,0.99524,0.25641
0.17284,1.0,0.25641
0.19492,1.0,0.25641
0.217,1.0,0.25641
0.23921,1.0,0.25641
0.26142,1.0,0.25641
0.28363,1.0,0.25641
0.30584,1.0,0.25641
0.32805,1.0,0.25641
0.35026,1.0,0.25641
0.37247,1.0,0.25641
0.39468,1.0,0.25641
0.41689,1.0,0.25641
0.43909,1.0,0.25641
0.4613,1.0,0.25641
0.48351,1.0,0.25641
0.50572,1.0,0.25641
0.52793,1.0,0.25641
0.55014,1.0,0.25641
0.57235,1.0,0.25641
0.59456,1.0,0.25641
0.61726,1.0,0.25641
0.63997,1.0,0.25641
0.66267,1.0,0.25641
0.68537,1.0,0.25641
0.70808,1.0,0.25641
0.73078,1.0,0.25641
0.75349,0.96364,0.25641
0.77619,0.8653,0.25641
0.79889,0.75387,0.25641
0.8216,0.62931,0.25641
0.8443,0.49165,0.25641
0.86701,0.34088,0.25641
0.88971,0.177,0.25641
0.91241,0.0,0.25641
0.03909,0.0,0.28205
0.06113,0.18835,0.28205
0.08317,0.39828,0.28205
0.1052,0.61539,0.28205
0.12724,0.82529,0.28205
0.14927,1.0,0.28205
0.17131,1.0,0.28205
0.19335,1.0,0.28205
0.21538,1.0,0.28205
0.23722,1.0,0.28205
0.25905,1.0,0.28205
0.28088,1.0,0.28205
0.30272,1.0,0.28205
0.32455,1.0,0.28205
0.34639,1.0,0.28205
0.36822,1.0,0.28205
0.39005,1.0,0.28205
0.41189,1.0,0.28205
0.43372,1.0,0.28205
0.45555,1.0,0.28205
0.47739,1.0,0.28205
0.49922,1.0,0.28205
0.52105,1.0,0.28205
0.54289,1.0,0.28205
0.56472,1.0,0.28205
0.58656,1.0,0.28205
0.60839,1.0,0.28205
0.63188,1.0,0.28205
0.65538,1.0,0.28205
0.67887,1.0,0.28205
0.70237,1.0,0.28205
0.72586,1.0,0.28205
0.74935,1.0,0.28205
0.77285,0.92665,0.28205
0.79634,0.81083,0.28205
0.81983,0.67954,0.28205
0.84333,0.53283,0.28205
0.86682,0.37066,0.28205
0.89032,0.19305,0.28205
0.91381,0.0,0.28205
0.03791,0.0,0.30769
0.05992,0.1938,0.30769
0.08193,0.40734,0.30769
0.10394,0.6266,0.30769
0.12595,0.8375,0.30769
0.14796,1.0,0.30769
0.16997,1.0,0.30769
0.19198,1.0,0.30769
0.21398,1.0,0.30769
0.23659,1.0,0.30769
0.2592,1.0,0.30769
0.28181,1.0,0.30769
0.30441,1.0,0.30769
0.32702,1.0,0.30769
0.34963,1.0,0.30769
0.37224,1.0,0.30769
0.39484,1.0,0.30769
0.41745,1.0,0.30769
0.44006,1.0,0.30769
0.46266,1.0,0.30769
0.48527,1.0,0.30769
0.50788,1.0,0.30769
0.53049,1.0,0.30769
0.55309,1.0,0.30769
0.5757,1.0,0.30769
0.59831,1.0,0.30769
0.62091,1.0,0.30769
0.64355,1.0,0.30769
0.66618,1.0,0.30769
0.68881,1.0,0.30769
0.71145,1.0,0.30769
0.73408,1.0,0.30769
0.75671,1.0,0.30769
0.77935,0.9348,0.30769
0.80198,0.81796,0.30769
0.82461,0.68552,0.30769
0.84725,0.53752,0.30769
0.86988,0.37392,0.30769
0.89251,0.19475,0.30769
0.91515,0.0,0.30769
0.03677,0.0,0.33333
0.05877,0.1989,0.33333
0.08078,0.41517,0.33333
0.10278,0.6353,0.33333
0.12479,0.84574,0.33333
0.14679,1.0,0.33333
0.1688,1.0,0.33333
0.1908,1.0,0.33333
0.21281,1.0,0.33333
0.23488,1.0,0.33333
0.25695,1.0,0.33333
0.27902,1.0,0.33333
0.30109,1.0,0.33333
0.32316,1.0,0.33333
0.34523,1.0,0.33333
0.3673,1.0,0.33333
0.38937,1.0,0.33333
0.41144,1.0,0.33333
0.43351,1.0,0.33333
0.45558,1.0,0.33333
0.47765,1.0,0.33333
0.49972,1.0,0.33333
0.52179,1.0,0.33333
0.54386,1.0,0.33333
0.56593,1.0,0.33333
0.588,1.0,0.33333
0.61007,1.0,0.33333
0.63214,1.0,0.33333
0.65583,1.0,0.33333
0.67952,1.0,0.33333
0.70321,1.0,0.33333
0.7269,1.0,0.33333
0.75059,1.0,0.33333
0.77428,0.99005,0.33333
0.79797,0.87087,0.33333
0.82166,0.73337,0.33333
0.84536,0.57753,0.33333
0.86905,0.40336,0.33333
0.89274,0.21084,0.33333
0.91643,0.0,0.33333
0.03567,0.0,0.35897
0.06084,0.23425,0.35897
0.08601,0.48499,0.35897
0.11118,0.73307,0.35897
0.13634,0.95934,0.35897
0.16151,1.0,0.35897
0.18668,1.0,0.35897
0.21185,1.0,0.35897
0.23336,1.0,0.35897
0.25487,1.0,0.35897
0.27638,1.0,0.35897
0.29789,1.0,0.35897
0.3194,1.0,0.35897
0.34091,1.0,0.35897
0.36242,1.0,0.35897
0.38393,1.0,0.35897
0.40544,1.0,0.35897
0.42695,1.0,0.35897
0.44846,1.0,0.35897
0.46997,1.0,0.35897
0.49148,1.0,0.35897
0.51299,1.0,0.35897
0.5345,1.0,0.35897
0.55601,1.0,0.35897
0.57752,1.0,0.35897
0.59903,1.0,0.35897
0.62054,1.0,0.35897
0.64205,1.0,0.35897
0.66502,1.0,0.35897
0.68799,1.0,0.35897
0.71095,1.0,0.35897
0.73392,1.0,0.35897
0.75689,1.0,0.35897
0.77986,0.98692,0.35897
0.80282,0.86813,0.35897
0.82579,0.73105,0.35897
0.84876,0.57571,0.35897
0.87173,0.40208,0.35897
0.89469,0.21018,0.35897
0.91766,0.0,0.35897
0.03461,0.0,0.38462
0.05983,0.23907,0.38462
0.08504,0.4903,0.38462
0.11026,0.73587,0.38462
0.13547,0.95794,0.38462
0.16068,1.0,0.38462
0.1859,1.0,0.38462
0.21111,1.0,0.38462
0.23309,1.0,0.38462
0.25507,1.0,0.38462
0.27705,1.0,0.38462
0.29902,1.0,0.38462
0.321,1.0,0.38462
0.34298,1.0,0.38462
0.36496,1.0,0.38462
0.38693,1.0,0.38462
0.40891,1.0,0.38462
0.43089,1.0,0.38462
0.45287,1.0,0.38462
0.47484,1.0,0.38462
0.49682,1.0,0.38462
0.5188,1.0,0.38462
0.54078,1.0,0.38462
0.56276,1.0,0.38462
0.58473,1.0,0.38462
0.60671,1.0,0.38462
0.62869,1.0,0.38462
0.65067,1.0,0.38462
0.67301,1.0,0.38462
0.69536,1.0,0.38462
0.71771,1.0,0.38462
0.74006,1.0,0.38462
0.76241,1.0,0.38462
0.78476,0.97846,0.38462
0.80711,0.86068,0.38462
0.82946,0.72479,0.38462
0.8518,0.57077,0.38462
0.87415,0.39863,0.38462
0.8965,0.20838,0.38462
0.91885,0.0,0.38462
0.03359,0.0,0.41025
0.05888,0.24382,0.41025
0.08416,0.49539,0.41025
0.10945,0.73822,0.41025
0.13474,0.95581,0.41025
0.16002,1.0,0.41025
0.18531,1.0,0.41025
0.21059,1.0,0.41025
0.2319,1.0,0.41025
0.2532,1.0,0.41025
0.27451,1.0,0.41025
0.29581,1.0,0.41025
0.31711,1.0,0.41025
0.33842,1.0,0.41025
0.35972,1.0,0.41025
0.38103,1.0,0.41025
0.40233,1.0,0.41025
0.42363,1.0,0.41025
0.44494,1.0,0.41025
0.46624,1.0,0.41025
0.48755,1.0,0.41025
0.50885,1.0,0.41025
0.53015,1.0,0.41025
0.55146,1.0,0.41025
0.57276,1.0,0.41025
0.59406,1.0,0.41025
0.61537,1.0,0.41025
0.63667,1.0,0.41025
0.65798,1.0,0.41025
0.6818,1.0,0.41025
0.70562,1.0,0.41025
0.72944,1.0,0.41025
0.75326,1.0,0.41025
0.77708,1.0,0.41025
0.8009,0.90769,0.41025
0.82472,0.76887,0.41025
0.84854,0.60869,0.41025
0.87236,0.42715,0.41025
0.89618,0.22425,0.41025
0.92,0.0,0.41025
0.0326,0.0,0.4359
0.05798,0.24857,0.4359
0.08337,0.50047,0.4359
0.10876,0.74056,0.4359
0.13414,0.95368,0.4359
0.15953,1.0,0.4359
0.18491,1.0,0.4359
0.2103,1.0,0.4359
0.2319,1.0,0.4359
0.25351,1.0,0.4359
0.27511,1.0,0.4359
0.29671,1.0,0.4359
0.31832,1.0,0.4359
0.33992,1.0,0.4359
0.36153,1.0,0.4359
0.38313,1.0,0.4359
0.40473,1.0,0.4359
0.42634,1.0,0.4359
0.44794,1.0,0.4359
0.46955,1.0,0.4359
0.49115,1.0,0.4359
0.51275,1.0,0.4359
0.53436,1.0,0.4359
0.55596,1.0,0.4359
0.57757,1.0,0.4359
0.59917,1.0,0.4359
0.62077,1.0,0.4359
0.64238,1.0,0.4359
0.66398,1.0,0.4359
0.68736,1.0,0.4359
0.71073,1.0,0.4359
0.73411,1.0,0.4359
0.75749,1.0,0.4359
0.78086,1.0,0.4359
0.80424,0.89892,0.4359
0.82761,0.76144,0.4359
0.85099,0.60281,0.4359
0.87436,0.42302,0.4359
0.89774,0.22209,0.4359
0.92112,0.0,0.4359
0.03164,0.0,0.46154
0.05396,0.22142,0.46154
0.07628,0.44335,0.46154
0.09861,0.65652,0.46154
0.12093,0.85167,0.46154
0.14325,1.0,0.46154
0.16558,1.0,0.46154
0.1879,1.0,0.46154
0.21022,1.0,0.46154
0.23314,1.0,0.46154
0.25607,1.0,0.46154
0.27899,1.0,0.46154
0.30191,1.0,0.46154
0.32484,1.0,0.46154
0.34776,1.0,0.46154
0.37068,1.0,0.46154
0.39361,1.0,0.46154
0.41653,1.0,0.46154
0.43945,1.0,0.46154
0.46238,1.0,0.46154
0.4853,1.0,0.46154
0.50822,1.0,0.46154
0.53115,1.0,0.46154
0.55407,1.0,0.46154
0.57699,1.0,0.46154
0.59991,1.0,0.46154
0.62284,1.0,0.46154
0.64576,1.0,0.46154
0.66868,1.0,0.46154
0.69173,1.0,0.46154
0.71478,1.0,0.46154
0.73782,1.0,0.46154
0.76087,1.0,0.46154
0.78392,1.0,0.46154
0.80696,0.89014,0.46154
0.83001,0.75401,0.46154
0.85306,0.59692,0.46154
0.87611,0.41889,0.46154
0.89915,0.21992,0.46154
0.9222,0.0,0.46154
0.0307,0.0,0.48718
0.05316,0.22584,0.48718
0.07562,0.44866,0.48718
0.09807,0.66014,0.48718
0.12053,0.85188,0.48718
0.14299,1.0,0.48718
0.16545,1.0,0.48718
0.18791,1.0,0.48718
0.21036,1.0,0.48718
0.23345,1.0,0.48718
0.25654,1.0,0.48718
0.27962,1.0,0.48718
0.30271,1.0,0.48718
0.32579,1.0,0.48718
0.34888,1.0,0.48718
0.37197,1.0,0.48718
0.39505,1.0,0.48718
0.41814,1.0,0.48718
0.44122,1.0,0.48718
0.46431,1.0,0.48718
0.4874,1.0,0.48718
0.51048,1.0,0.48718
0.53357,1.0,0.48718
0.55665,1.0,0.48718
0.57974,1.0,0.48718
0.60282,1.0,0.48718
0.62591,1.0,0.48718
0.649,1.0,0.48718
0.67208,1.0,0.48718
0.69492,1.0,0.48718
0.71775,1.0,0.48718
0.74058,1.0,0.48718
0.76342,1.0,0.48718
0.78625,0.99544,0.48718
0.80908,0.88138,0.48718
0.83192,0.74658,0.48718
0.85475,0.59104,0.48718
0.87759,0.41477,0.48718
0.90042,0.21775,0.48718
0.92325,0.0,0.48718
0.02979,0.0,0.51282
0.05241,0.23022,0.51282
0.07502,0.45395,0.51282
0.09764,0.66372,0.51282
0.12026,0.85208,0.51282
0.14288,1.0,0.51282
0.16549,1.0,0.51282
0.18811,1.0,0.51282
0.21073,1.0,0.51282
0.2339,1.0,0.51282
0.25707,1.0,0.51282
0.28024,1.0,0.51282
0.30342,1.0,0.51282
0.32659,1.0,0.51282
0.34976,1.0,0.51282
0.37293,1.0,0.51282
0.39611,1.0,0.51282
0.41928,1.0,0.51282
0.44245,1.0,0.51282
0.46562,1.0,0.51282
0.4888,1.0,0.51282
0.51197,1.0,0.51282
0.53514,1.0,0.51282
0.55831,1.0,0.51282
0.58149,1.0,0.51282
0.60466,1.0,0.51282
0.62783,1.0,0.51282
0.651,1.0,0.51282
0.67418,1.0,0.51282
0.69691,1.0,0.51282
0.71965,1.0,0.51282
0.74239,1.0,0.51282
0.76512,1.0,0.51282
0.78786,0.98553,0.51282
0.8106,0.87261,0.51282
0.83333,0.73915,0.51282
0.85607,0.58515,0.51282
0.87881,0.41064,0.51282
0.90154,0.21559,0.51282
0.92428,0.0,0.51282
0.0289,0.0,0.53846
0.0517,0.23458,0.53846
0.0745,0.45918,0.53846
0.0973,0.66725,0.53846
0.1201,0.85221,0.53846
0.14291,1.0,0.53846
0.16571,1.0,0.53846
0.18851,1.0,0.53846
0.21131,1.0,0.53846
0.23449,1.0,0.53846
0.25768,1.0,0.53846
0.28086,1.0,0.53846
0.30404,1.0,0.53846
0.32723,1.0,0.53846
0.35041,1.0,0.53846
0.37359,1.0,0.53846
0.39677,1.0,0.53846
0.41996,1.0,0.53846
0.44314,1.0,0.53846
0.46632,1.0,0.53846
0.48951,1.0,0.53846
0.51269,1.0,0.53846
0.53587,1.0,0.53846
0.55905,1.0,0.53846
0.58224,1.0,0.53846
0.60542,1.0,0.53846
0.6286,1.0,0.53846
0.65178,1.0,0.53846
0.67497,1.0,0.53846
0.69772,1.0,0.53846
0.72048,1.0,0.53846
0.74323,1.0,0.53846
0.76599,1.0,0.53846
0.78875,0.97562,0.53846
0.8115,0.86383,0.53846
0.83426,0.73171,0.53846
0.85701,0.57927,0.53846
0.87977,0.40651,0.53846
0.90252,0.21342,0.53846
0.92528,0.0,0.53846
0.02803,0.0,0.5641
0.05104,0.23888,0.5641
0.07405,0.46435,0.5641
0.09706,0.67072,0.5641
0.12007,0.8523,0.5641
0.14308,1.0,0.5641
0.16609,1.0,0.5641
0.18911,1.0,0.5641
0.21212,1.0,0.5641
0.23523,1.0,0.5641
0.25835,1.0,0.5641
0.28147,1.0,0.5641
0.30458,1.0,0.5641
0.3277,1.0,0.5641
0.35082,1.0,0.5641
0.37393,1.0,0.5641
0.39705,1.0,0.5641
0.42017,1.0,0.5641
0.44328,1.0,0.5641
0.4664,1.0,0.5641
0.48952,1.0,0.5641
0.51263,1.0,0.5641
0.53575,1.0,0.5641
0.55887,1.0,0.5641
0.58199,1.0,0.5641
0.6051,1.0,0.5641
0.62822,1.0,0.5641
0.65134,1.0,0.5641
0.67445,1.0,0.5641
0.69734,1.0,0.5641
0.72024,1.0,0.5641
0.74313,1.0,0.5641
0.76602,1.0,0.5641
0.78891,0.96571,0.5641
0.8118,0.85506,0.5641
0.83469,0.72429,0.5641
0.85758,0.57339,0.5641
0.88047,0.40238,0.5641
0.90336,0.21125,0.5641
0.92626,0.0,0.5641
0.02718,0.0,0.58975
0.05042,0.24312,0.58975
0.07367,0.46942,0.58975
0.09691,0.67408,0.58975
0.12016,0.8523,0.58975
0.14341,0.99927,0.58975
0.16665,1.0,0.58975
0.1899,1.0,0.58975
0.21314,1.0,0.58975
0.23612,1.0,0.58975
0.25909,1.0,0.58975
0.28207,1.0,0.58975
0.30504,1.0,0.58975
0.32801,1.0,0.58975
0.35099,1.0,0.58975
0.37396,1.0,0.58975
0.39694,1.0,0.58975
0.41991,1.0,0.58975
0.44289,1.0,0.58975
0.46586,1.0,0.58975
0.48884,1.0,0.58975
0.51181,1.0,0.58975
0.53479,1.0,0.58975
0.55776,1.0,0.58975
0.58074,1.0,0.58975
0.60371,1.0,0.58975
0.62669,1.0,0.58975
0.64966,1.0,0.58975
0.67264,1.0,0.58975
0.69578,1.0,0.58975
0.71892,1.0,0.58975
0.74207,1.0,0.58975
0.76521,1.0,0.58975
0.78835,0.95581,0.58975
0.81149,0.84628,0.58975
0.83464,0.71685,0.58975
0.85778,0.56751,0.58975
0.88092,0.39826,0.58975
0.90407,0.20908,0.58975
0.92721,0.0,0.58975
0.02625,0.0,0.61538
0.04977,0.2474,0.61538
0.07328,0.47453,0.61538
0.0968,0.67748,0.61538
0.12032,0.85233,0.61538
0.14383,0.99515,0.61538
0.16735,1.0,0.61538
0.19087,1.0,0.61538
0.21439,1.0,0.61538
0.23714,1.0,0.61538
0.2599,1.0,0.61538
0.28265,1.0,0.61538
0.30541,1.0,0.61538
0.32817,1.0,0.61538
0.35092,1.0,0.61538
0.37368,1.0,0.61538
0.39644,1.0,0.61538
0.41919,1.0,0.61538
0.44195,1.0,0.61538
0.46471,1.0,0.61538
0.48746,1.0,0.61538
0.51022,1.0,0.61538
0.53298,1.0,0.61538
0.55573,1.0,0.61538
0.57849,1.0,0.61538
0.60124,1.0,0.61538
0.624,1.0,0.61538
0.64676,1.0,0.61538
0.66951,1.0,0.61538
0.69303,1.0,0.61538
0.71654,1.0,0.61538
0.74005,1.0,0.61538
0.76356,1.0,0.61538
0.78707,0.9459,0.61538
0.81059,0.83751,0.61538
0.8341,0.70942,0.61538
0.85761,0.56163,0.61538
0.88112,0.39412,0.61538
0.90463,0.20691,0.61538
0.92815,0.0,0.61538
0.02517,0.0,0.64103
0.04901,0.25174,0.64103
0.07284,0.47974,0.64103
0.09668,0.68099,0.64103
0.12051,0.85246,0.64103
0.14435,0.99109,0.64103
0.16818,1.0,0.64103
0.19202,1.0,0.64103
0.21585,1.0,0.64103
0.23831,1.0,0.64103
0.26077,1.0,0.64103
0.28324,1.0,0.64103
0.3057,1.0,0.64103
0.32816,1.0,0.64103
0.35062,1.0,0.64103
0.37308,1.0,0.64103
0.39555,1.0,0.64103
0.41801,1.0,0.64103
0.44047,1.0,0.64103
0.46293,1.0,0.64103
0.48539,1.0,0.64103
0.50786,1.0,0.64103
0.53032,1.0,0.64103
0.55278,1.0,0.64103
0.57524,1.0,0.64103
0.5977,1.0,0.64103
0.62017,1.0,0.64103
0.64263,1.0,0.64103
0.66509,1.0,0.64103
0.68909,1.0,0.64103
0.71308,1.0,0.64103
0.73708,1.0,0.64103
0.76108,1.0,0.64103
0.78508,0.93598,0.64103
0.80907,0.82874,0.64103
0.83307,0.70199,0.64103
0.85707,0.55574,0.64103
0.88106,0.38999,0.64103
0.90506,0.20475,0.64103
0.92906,0.0,0.64103
0.02401,0.0,0.66667
0.0482,0.25608,0.66667
0.07239,0.48497,0.66667
0.09658,0.68452,0.66667
0.12077,0.85259,0.66667
0.14496,0.98704,0.66667
0.16915,1.0,0.66667
0.19334,1.0,0.66667
0.21754,1.0,0.66667
0.23963,1.0,0.66667
0.26172,1.0,0.66667
0.28381,1.0,0.66667
0.3059,1.0,0.66667
0.32799,1.0,0.66667
0.35008,1.0,0.66667
0.37217,1.0,0.66667
0.39426,1.0,0.66667
0.41636,1.0,0.66667
0.43845,1.0,0.66667
0.46054,1.0,0.66667
0.48263,1.0,0.66667
0.50472,1.0,0.66667
0.52681,1.0,0.66667
0.5489,1.0,0.66667
0.57099,1.0,0.66667
0.59309,1.0,0.66667
0.61518,1.0,0.66667
0.63727,1.0,0.66667
0.65936,1.0,0.66667
0.68396,1.0,0.66667
0.70856,1.0,0.66667
0.73316,1.0,0.66667
0.75776,1.0,0.66667
0.78236,0.92608,0.66667
0.80696,0.81996,0.66667
0.83156,0.69455,0.66667
0.85616,0.54986,0.66667
0.88076,0.38587,0.66667
0.90536,0.20258,0.66667
0.92996,0.0,0.66667
0.02274,0.0,0.69231
0.04733,0.26041,0.69231
0.07191,0.49017,0.69231
0.0965,0.68801,0.69231
0.12109,0.8527,0.69231
0.14568,0.98297,0.69231
0.17027,1.0,0.69231
0.19485,1.0,0.69231
0.21944,1.0,0.69231
0.24222,1.0,0.69231
0.26501,1.0,0.69231
0.28779,1.0,0.69231
0.31057,1.0,0.69231
0.33336,1.0,0.69231
0.35614,1.0,0.69231
0.37892,1.0,0.69231
0.40171,1.0,0.69231
0.42449,1.0,0.69231
0.44728,1.0,0.69231
0.47006,1.0,0.69231
0.49284,1.0,0.69231
0.51563,1.0,0.69231
0.53841,1.0,0.69231
0.56119,1.0,0.69231
0.58398,1.0,0.69231
0.60676,1.0,0.69231
0.62954,1.0,0.69231
0.65233,1.0,0.69231
0.67554,1.0,0.69231
0.69875,1.0,0.69231
0.72195,1.0,0.69231
0.74516,1.0,0.69231
0.76837,0.95428,0.69231
0.79158,0.86606,0.69231
0.81479,0.76181,0.69231
0.838,0.64153,0.69231
0.86121,0.50521,0.69231
0.88442,0.35284,0.69231
0.90763,0.18444,0.69231
0.93084,0.0,0.69231
0.02138,0.0,0.71795
0.0464,0.26471,0.71795
0.07142,0.49532,0.71795
0.09645,0.69146,0.71795
0.12147,0.85277,0.71795
0.1465,0.97887,0.71795
0.17152,1.0,0.71795
0.19654,1.0,0.71795
0.22157,1.0,0.71795
0.2438,1.0,0.71795
0.26603,1.0,0.71795
0.28827,1.0,0.71795
0.3105,1.0,0.71795
0.33273,1.0,0.71795
0.35496,1.0,0.71795
0.3772,1.0,0.71795
0.39943,1.0,0.71795
0.42166,1.0,0.71795
0.44389,1.0,0.71795
0.46613,1.0,0.71795
0.48836,1.0,0.71795
0.51059,1.0,0.71795
0.53283,1.0,0.71795
0.55506,1.0,0.71795
0.57729,1.0,0.71795
0.59952,1.0,0.71795
0.62176,1.0,0.71795
0.64399,1.0,0.71795
0.66815,1.0,0.71795
0.6923,1.0,0.71795
0.71646,1.0,0.71795
0.74062,1.0,0.71795
0.76477,0.96732,0.71795
0.78893,0.89035,0.71795
0.81309,0.79938,0.71795
0.83725,0.69441,0.71795
0.8614,0.57544,0.71795
0.88556,0.44248,0.71795
0.90972,0.29552,0.71795
0.93387,0.13457,0.71795
0.01992,0.0,0.74359
0.04542,0.26894,0.74359
0.07092,0.50037,0.74359
0.09642,0.6948,0.74359
0.12192,0.85275,0.74359
0.14741,0.97471,0.74359
0.17291,1.0,0.74359
0.19841,1.0,0.74359
0.22391,1.0,0.74359
0.24671,1.0,0.74359
0.26952,1.0,0.74359
0.29232,1.0,0.74359
0.31512,1.0,0.74359
0.33792,1.0,0.74359
0.36072,1.0,0.74359
0.38353,1.0,0.74359
0.40633,1.0,0.74359
0.42913,1.0,0.74359
0.45193,1.0,0.74359
0.47474,1.0,0.74359
0.49754,1.0,0.74359
0.52034,1.0,0.74359
0.54314,1.0,0.74359
0.56594,1.0,0.74359
0.58874,1.0,0.74359
0.61155,1.0,0.74359
0.63435,1.0,0.74359
0.65785,1.0,0.74359
0.68135,1.0,0.74359
0.70486,1.0,0.74359
0.72836,1.0,0.74359
0.75186,0.98739,0.74359
0.77537,0.92473,0.74359
0.79887,0.85068,0.74359
0.82237,0.76525,0.74359
0.84587,0.66842,0.74359
0.86938,0.5602,0.74359
0.89288,0.44059,0.74359
0.91638,0.3096,0.74359
0.93988,0.1672,0.74359
0.01836,0.0,0.76923
0.04438,0.27308,0.76923
0.07039,0.50528,0.76923
0.09641,0.69801,0.76923
0.12242,0.85261,0.76923
0.14843,0.97047,0.76923
0.17445,1.0,0.76923
0.20046,1.0,0.76923
0.22648,1.0,0.76923
0.24853,1.0,0.76923
0.27058,1.0,0.76923
0.29263,1.0,0.76923
0.31468,1.0,0.76923
0.33674,1.0,0.76923
0.35879,1.0,0.76923
0.38084,1.0,0.76923
0.40289,1.0,0.76923
0.42494,1.0,0.76923
0.44699,1.0,0.76923
0.46904,1.0,0.76923
0.4911,1.0,0.76923
0.51315,1.0,0.76923
0.5352,1.0,0.76923
0.55725,1.0,0.76923
0.5793,1.0,0.76923
0.60135,1.0,0.76923
0.6234,1.0,0.76923
0.64821,1.0,0.76923
0.67302,1.0,0.76923
0.69783,1.0,0.76923
0.72263,1.0,0.76923
0.74744,0.97915,0.76923
0.77225,0.91838,0.76923
0.79705,0.84655,0.76923
0.82186,0.76367,0.76923
0.84667,0.66974,0.76923
0.87148,0.56476,0.76923
0.89628,0.44872,0.76923
0.92109,0.32164,0.76923
0.9459,0.18351,0.76923
0.01671,0.0,0.79487
0.04032,0.24853,0.79487
0.06394,0.46197,0.79487
0.08756,0.64189,0.79487
0.11118,0.78984,0.79487
0.13479,0.90739,0.79487
0.15841,0.9961,0.79487
0.18203,1.0,0.79487
0.20565,1.0,0.79487
0.22927,1.0,0.79487
0.25313,1.0,0.79487
0.277,1.0,0.79487
0.30087,1.0,0.79487
0.32474,1.0,0.79487
0.34861,1.0,0.79487
0.37247,1.0,0.79487
0.39634,1.0,0.79487
0.42021,1.0,0.79487
0.44408,1.0,0.79487
0.46795,1.0,0.79487
0.49181,1.0,0.79487
0.51568,1.0,0.79487
0.53955,1.0,0.79487
0.56342,1.0,0.79487
0.58729,1.0,0.79487
0.61116,1.0,0.79487
0.6355,1.0,0.79487
0.65983,1.0,0.79487
0.68417,1.0,0.79487
0.70851,1.0,0.79487
0.73285,0.98937,0.79487
0.75719,0.93858,0.79487
0.78153,0.87855,0.79487
0.80587,0.8093,0.79487
0.83021,0.7308,0.79487
0.85455,0.64307,0.79487
0.87889,0.54611,0.79487
0.90323,0.43991,0.79487
0.92757,0.32448,0.79487
0.95191,0.19982,0.79487
0.01496,0.0,0.82051
0.0391,0.25215,0.82051
0.06325,0.4666,0.82051
0.0874,0.64549,0.82051
0.11154,0.79097,0.82051
0.13569,0.90518,0.82051
0.15983,0.99027,0.82051
0.18398,1.0,0.82051
0.20813,1.0,0.82051
0.23227,1.0,0.82051
0.25663,1.0,0.82051
0.28098,1.0,0.82051
0.30534,1.0,0.82051
0.32969,1.0,0.82051
0.35405,1.0,0.82051
0.3784,1.0,0.82051
0.40276,1.0,0.82051
0.42711,1.0,0.82051
0.45147,1.0,0.82051
0.47583,1.0,0.82051
0.50018,1.0,0.82051
0.52454,1.0,0.82051
0.54889,1.0,0.82051
0.57325,1.0,0.82051
0.5976,1.0,0.82051
0.62162,1.0,0.82051
0.64564,1.0,0.82051
0.66967,1.0,0.82051
0.69369,1.0,0.82051
0.71771,0.99496,0.82051
0.74173,0.95212,0.82051
0.76575,0.9015,0.82051
0.78977,0.84309,0.82051
0.81379,0.77688,0.82051
0.83781,0.7029,0.82051
0.86184,0.62112,0.82051
0.88586,0.53155,0.82051
0.90988,0.4342,0.82051
0.9339,0.32905,0.82051
0.95792,0.21613,0.82051
0.01311,0.0,0.84615
0.03782,0.25562,0.84615
0.06253,0.47098,0.84615
0.08724,0.64881,0.84615
0.11195,0.79184,0.84615
0.13666,0.90276,0.84615
0.16137,0.9843,0.84615
0.18608,1.0,0.84615
0.21079,1.0,0.84615
0.2355,1.0,0.84615
0.2603,1.0,0.84615
0.28511,1.0,0.84615
0.30991,1.0,0.84615
0.33471,1.0,0.84615
0.35952,1.0,0.84615
0.38432,1.0,0.84615
0.40912,1.0,0.84615
0.43393,1.0,0.84615
0.45873,1.0,0.84615
0.48353,1.0,0.84615
0.50834,1.0,0.84615
0.53314,1.0,0.84615
0.55794,1.0,0.84615
0.58275,1.0,0.84615
0.60657,1.0,0.84615
0.63039,1.0,0.84615
0.65422,1.0,0.84615
0.67804,1.0,0.84615
0.70187,0.99707,0.84615
0.72569,0.96066,0.84615
0.74951,0.91762,0.84615
0.77334,0.86798,0.84615
0.79716,0.81171,0.84615
0.82099,0.74881,0.84615
0.84481,0.6793,0.84615
0.86863,0.60317,0.84615
0.89246,0.52041,0.84615
0.91628,0.43104,0.84615
0.94011,0.33504,0.84615
0.96393,0.23244,0.84615
0.01117,0.0,0.8718
0.03648,0.25889,0.8718
0.06179,0.47508,0.8718
0.08709,0.65182,0.8718
0.1124,0.79241,0.8718
0.13771,0.9001,0.8718
0.16302,0.97817,0.8718
0.18833,1.0,0.8718
0.21364,1.0,0.8718
0.23895,1.0,0.8718
0.26235,1.0,0.8718
0.28575,1.0,0.8718
0.30916,1.0,0.8718
0.33256,1.0,0.8718
0.35596,1.0,0.8718
0.37936,1.0,0.8718
0.40277,1.0,0.8718
0.42617,1.0,0.8718
0.44957,1.0,0.8718
0.47298,1.0,0.8718
0.49638,1.0,0.8718
0.51978,1.0,0.8718
0.54318,1.0,0.8718
0.56659,1.0,0.8718
0.5918,1.0,0.8718
0.61701,1.0,0.8718
0.64222,1.0,0.8718
0.66743,1.0,0.8718
0.69263,0.9874,0.8718
0.71784,0.95222,0.8718
0.74305,0.91065,0.8718
0.76826,0.86269,0.8718
0.79347,0.80833,0.8718
0.81868,0.74758,0.8718
0.84389,0.68042,0.8718
0.8691,0.60687,0.8718
0.89431,0.52694,0.8718
0.91952,0.4406,0.8718
0.94473,0.34787,0.8718
0.96994,0.24875,0.8718
0.00913,0.0,0.89744
0.03507,0.26195,0.89744
0.06101,0.47883,0.89744
0.08696,0.65447,0.89744
0.1129,0.79265,0.89744
0.13884,0.89718,0.89744
0.16478,0.97186,0.89744
0.19073,1.0,0.89744
0.21667,1.0,0.89744
0.24261,1.0,0.89744
0.26619,1.0,0.89744
0.28977,1.0,0.89744
0.31335,1.0,0.89744
0.33692,1.0,0.89744
0.3605,1.0,0.89744
0.38408,1.0,0.89744
0.40766,1.0,0.89744
0.43123,1.0,0.89744
0.45481,1.0,0.89744
0.47839,1.0,0.89744
0.50197,1.0,0.89744
0.52554,1.0,0.89744
0.54912,1.0,0.89744
0.57423,1.0,0.89744
0.59934,1.0,0.89744
0.62445,1.0,0.89744
0.64955,1.0,0.89744
0.67466,0.98653,0.89744
0.69977,0.95646,0.89744
0.72488,0.92093,0.89744
0.74998,0.87994,0.89744
0.77509,0.83348,0.89744
0.8002,0.78156,0.89744
0.82531,0.72417,0.89744
0.85042,0.66132,0.89744
0.87552,0.59299,0.89744
0.90063,0.5192,0.89744
0.92574,0.43995,0.89744
0.95085,0.35523,0.89744
0.97595,0.26505,0.89744
0.00699,0.0,0.92308
0.0336,0.26477,0.92308
0.06022,0.48223,0.92308
0.08683,0.65671,0.92308
0.11344,0.79251,0.92308
0.14005,0.89396,0.92308
0.16666,0.96535,0.92308
0.19328,1.0,0.92308
0.21989,1.0,0.92308
0.2465,1.0,0.92308
0.27016,1.0,0.92308
0.29381,1.0,0.92308
0.31746,1.0,0.92308
0.34112,1.0,0.92308
0.36477,1.0,0.92308
0.38843,1.0,0.92308
0.41208,1.0,0.92308
0.43574,1.0,0.92308
0.45939,1.0,0.92308
0.48305,1.0,0.92308
0.5067,1.0,0.92308
0.53035,1.0,0.92308
0.55544,1.0,0.92308
0.58053,1.0,0.92308
0.60562,1.0,0.92308
0.63071,1.0,0.92308
0.6558,0.98363,0.92308
0.68089,0.9578,0.92308
0.70598,0.92726,0.92308
0.73107,0.89203,0.92308
0.75616,0.85211,0.92308
0.78125,0.80748,0.92308
0.80634,0.75815,0.92308
0.83143,0.70414,0.92308
0.85652,0.64542,0.92308
0.88161,0.582,0.92308
0.9067,0.51389,0.92308
0.93179,0.44108,0.92308
0.95688,0.36357,0.92308
0.98197,0.28135,0.92308
0.00476,0.0,0.94872
0.02934,0.24288,0.94872
0.05393,0.44535,0.94872
0.07851,0.61091,0.94872
0.1031,0.74305,0.94872
0.12768,0.84525,0.94872
0.15227,0.92104,0.94872
0.17685,0.9739,0.94872
0.20144,1.0,0.94872
0.22602,1.0,0.94872
0.25061,1.0,0.94872
0.27658,1.0,0.94872
0.30254,1.0,0.94872
0.32851,1.0,0.94872
0.35448,1.0,0.94872
0.38045,1.0,0.94872
0.40641,1.0,0.94872
0.43238,1.0,0.94872
0.45835,1.0,0.94872
0.48431,1.0,0.94872
0.51028,1.0,0.94872
0.53542,1.0,0.94872
0.56057,1.0,0.94872
0.58571,1.0,0.94872
0.61085,0.99742,0.94872
0.63599,0.97916,0.94872
0.66113,0.95685,0.94872
0.68627,0.93049,0.94872
0.71142,0.90006,0.94872
0.73656,0.86558,0.94872
0.7617,0.82704,0.94872
0.78684,0.78445,0.94872
0.81198,0.7378,0.94872
0.83713,0.68709,0.94872
0.86227,0.63233,0.94872
0.88741,0.57351,0.94872
0.91255,0.51064,0.94872
0.93769,0.4437,0.94872
0.96284,0.37271,0.94872
0.98798,0.29766,0.94872
0.00243,0.0,0.97436
0.02768,0.24501,0.97436
0.05293,0.44797,0.97436
0.07818,0.61271,0.97436
0.10343,0.74306,0.97436
0.12868,0.84283,0.97436
0.15393,0.91588,0.97436
0.17918,0.96604,0.97436
0.20444,0.99712,0.97436
0.22969,1.0,0.97436
0.25494,1.0,0.97436
0.28093,1.0,0.97436
0.30693,1.0,0.97436
0.33293,1.0,0.97436
0.35892,1.0,0.97436
0.38492,1.0,0.97436
0.41092,1.0,0.97436
0.43691,1.0,0.97436
0.46291,1.0,0.97436
0.48891,1.0,0.97436
0.51416,1.0,0.97436
0.53941,1.0,0.97436
0.56467,1.0,0.97436
0.58992,0.98925,0.97436
0.61518,0.97341,0.97436
0.64043,0.95407,0.97436
0.66569,0.93121,0.97436
0.69094,0.90484,0.97436
0.71619,0.87494,0.97436
0.74145,0.84153,0.97436
0.7667,0.8046,0.97436
0.79196,0.76416,0.97436
0.81721,0.72019,0.97436
0.84246,0.67271,0.97436
0.86772,0.62171,0.97436
0.89297,0.5672,0.97436
0.91823,0.50917,0.97436
0.94348,0.44762,0.97436
0.96874,0.38256,0.97436
0.99399,0.31397,0.97436
0.0,0.0,1.0
0.02595,0.24684,1.0
0.0519,0.45012,1.0
0.07785,0.61397,1.0
0.10379,0.74253,1.0
0.12974,0.83996,1.0
0.15569,0.91037,1.0
0.18164,0.95794,1.0
0.20759,0.98679,1.0
0.23354,1.0,1.0
0.25949,1.0,1.0
0.28533,1.0,1.0
0.31117,1.0,1.0
0.33701,1.0,1.0
0.36286,1.0,1.0
0.3887,1.0,1.0
0.41454,1.0,1.0
0.44038,1.0,1.0
0.46623,1.0,1.0
0.49164,1.0,1.0
0.51706,0.99877,1.0
0.54248,0.99112,1.0
0.5679,0.98042,1.0
0.59332,0.96665,1.0
0.61873,0.94982,1.0
0.64415,0.92993,1.0
0.66957,0.90699,1.0
0.69499,0.88098,1.0
0.7204,0.85192,1.0
0.74582,0.8198,1.0
0.77124,0.78461,1.0
0.79666,0.74637,1.0
0.82208,0.70507,1.0
0.84749,0.66071,1.0
0.87291,0.61328,1.0
0.89833,0.5628,1.0
0.92375,0.50926,1.0
0.94917,0.45266,1.0
0.97458,0.393,1.0
1.0,0.33028,1.0
