0.19027,0.0,0.0
0.20796,0.0,0.0
0.22564,0.0,0.0
0.24332,0.0,0.0
0.261,0.0,0.0
0.27868,0.0,0.0
0.29636,0.0,0.0
0.31404,0.0,0.0
0.33172,0.0,0.0
0.3494,0.0,0.0
0.36708,0.0,0.0
0.38476,0.0,0.0
0.40244,0.0,0.0
0.42012,0.0,0.0
0.4378,0.0,0.0
0.45548,0.0,0.0
0.47316,0.0,0.0
0.49084,0.0,0.0
0.50852,0.0,0.0
0.5262,0.0,0.0
0.54388,0.0,0.0
0.56156,0.0,0.0
0.57924,0.0,0.0
0.59692,0.0,0.0
0.6146,0.0,0.0
0.63228,0.0,0.0
0.64996,0.0,0.0
0.66764,0.0,0.0
0.68532,0.0,0.0
0.703,0.0,0.0
0.72068,0.0,0.0
0.73836,0.0,0.0
0.75604,0.0,0.0
0.77372,0.0,0.0
0.79141,0.0,0.0
0.80909,0.0,0.0
0.82677,0.0,0.0
0.84445,0.0,0.0
0.86213,0.0,0.0
0.87981,0.0,0.0
0.14629,0.0,0.02564
0.16695,0.0476,0.02564
0.18761,0.06999,0.02564
0.20827,0.07299,0.02564
0.22894,0.06238,0.02564
0.2496,0.04402,0.02564
0.27026,0.02371,0.02564
0.29092,0.00724,0.02564
0.31158,0.00047,0.02564
0.33032,0.00047,0.02564
0.34907,0.00047,0.02564
0.36781,0.00047,0.02564
0.38655,0.00047,0.02564
0.40529,0.00047,0.02564
0.42403,0.00047,0.02564
0.44277,0.00047,0.02564
0.46152,0.00047,0.02564
0.48026,0.00047,0.02564
0.499,0.00047,0.02564
0.51774,0.00047,0.02564
0.53648,0.00047,0.02564
0.55522,0.00047,0.02564
0.57397,0.00047,0.02564
0.59271,0.00047,0.02564
0.61145,0.00047,0.02564
0.63019,0.00047,0.02564
0.64981,0.00047,0.02564
0.66943,0.00045,0.02564
0.68906,0.00045,0.02564
0.70868,0.00044,0.02564
0.7283,0.0004,0.02564
0.74792,0.00039,0.02564
0.76754,0.00035,0.02564
0.78716,0.00032,0.02564
0.80679,0.00027,0.02564
0.82641,0.00024,0.02564
0.84603,0.00018,0.02564
0.86565,0.00012,0.02564
0.88527,7e-05,0.02564
0.9049,0.0,0.02564
0.12807,0.0,0.05128
0.14777,0.04276,0.05128
0.16746,0.06563,0.05128
0.18716,0.07255,0.05128
0.20685,0.06749,0.05128
0.22655,0.05447,0.05128
0.24624,0.03742,0.05128
0.26594,0.02031,0.05128
0.28563,0.00714,0.05128
0.30533,0.00186,0.05128
0.32582,0.00186,0.05128
0.34631,0.00186,0.05128
0.3668,0.00186,0.05128
0.38729,0.00186,0.05128
0.40778,0.00186,0.05128
0.42827,0.00186,0.05128
0.44876,0.00186,0.05128
0.46925,0.00186,0.05128
0.48974,0.00186,0.05128
0.51023,0.00186,0.05128
0.53072,0.00186,0.05128
0.55122,0.00186,0.05128
0.57171,0.00186,0.05128
0.5922,0.00186,0.05128
0.61269,0.00186,0.05128
0.63286,0.00186,0.05128
0.65303,0.00183,0.05128
0.67321,0.0018,0.05128
0.69338,0.00173,0.05128
0.71355,0.00166,0.05128
0.73373,0.00156,0.05128
0.7539,0.00146,0.05128
0.77407,0.00134,0.05128
0.79425,0.00119,0.05128
0.81442,0.00104,0.05128
0.83459,0.00086,0.05128
0.85477,0.00067,0.05128
0.87494,0.00047,0.05128
0.89511,0.00024,0.05128
0.91529,0.0,0.05128
0.11409,0.0,0.07692
0.13468,0.04091,0.07692
0.15526,0.06294,0.07692
0.17585,0.06988,0.07692
0.19643,0.06544,0.07692
0.21702,0.05341,0.07692
0.2376,0.03752,0.07692
0.25819,0.02152,0.07692
0.27878,0.00916,0.07692
0.29936,0.00422,0.07692
0.32056,0.00422,0.07692
0.34175,0.00422,0.07692
0.36295,0.00422,0.07692
0.38415,0.00422,0.07692
0.40534,0.00422,0.07692
0.42654,0.00422,0.07692
0.44774,0.00422,0.07692
0.46893,0.00422,0.07692
0.49013,0.00422,0.07692
0.51133,0.00422,0.07692
0.53252,0.00422,0.07692
0.55372,0.00422,0.07692
0.57492,0.00422,0.07692
0.59611,0.00422,0.07692
0.61656,0.0042,0.07692
0.63701,0.00415,0.07692
0.65745,0.00407,0.07692
0.6779,0.00395,0.07692
0.69835,0.0038,0.07692
0.71879,0.00363,0.07692
0.73924,0.00341,0.07692
0.75969,0.00316,0.07692
0.78013,0.00287,0.07692
0.80058,0.00257,0.07692
0.82103,0.00222,0.07692
0.84147,0.00185,0.07692
0.86192,0.00143,0.07692
0.88237,0.00099,0.07692
0.90281,0.0005,0.07692
0.92326,0.0,0.07692
0.1023,0.0,0.10256
0.12357,0.03879,0.10256
0.14483,0.05995,0.10256
0.1661,0.06697,0.10256
0.18736,0.06334,0.10256
0.20863,0.05255,0.10256
0.22989,0.03807,0.10256
0.25116,0.02342,0.10256
0.27242,0.01208,0.10256
0.29369,0.00751,0.10256
0.31417,0.00751,0.10256
0.33466,0.00751,0.10256
0.35514,0.00751,0.10256
0.37562,0.00751,0.10256
0.39611,0.00751,0.10256
0.41659,0.00751,0.10256
0.43708,0.00751,0.10256
0.45756,0.00751,0.10256
0.47805,0.00751,0.10256
0.49853,0.00751,0.10256
0.51902,0.00751,0.10256
0.5395,0.00751,0.10256
0.55998,0.00751,0.10256
0.58047,0.00751,0.10256
0.60231,0.00749,0.10256
0.62416,0.00739,0.10256
0.646,0.00726,0.10256
0.66785,0.00704,0.10256
0.68969,0.00679,0.10256
0.71154,0.00645,0.10256
0.73338,0.00608,0.10256
0.75523,0.00563,0.10256
0.77707,0.00514,0.10256
0.79892,0.00459,0.10256
0.82076,0.00397,0.10256
0.84261,0.00329,0.10256
0.86445,0.00255,0.10256
0.8863,0.00176,0.10256
0.90814,0.00091,0.10256
0.92998,0.0,0.10256
0.09192,0.0,0.12821
0.11374,0.03671,0.12821
0.13556,0.05709,0.12821
0.15738,0.06433,0.12821
0.1792,0.06164,0.12821
0.20102,0.05225,0.12821
0.22284,0.03937,0.12821
0.24466,0.02619,0.12821
0.26648,0.01593,0.12821
0.2883,0.01179,0.12821
0.30964,0.01179,0.12821
0.33099,0.01179,0.12821
0.35233,0.01179,0.12821
0.37367,0.01179,0.12821
0.39501,0.01179,0.12821
0.41636,0.01179,0.12821
0.4377,0.01179,0.12821
0.45904,0.01179,0.12821
0.48038,0.01179,0.12821
0.50173,0.01179,0.12821
0.52307,0.01179,0.12821
0.54441,0.01179,0.12821
0.56576,0.01179,0.12821
0.58753,0.01174,0.12821
0.6093,0.01163,0.12821
0.63108,0.01142,0.12821
0.65285,0.01114,0.12821
0.67462,0.01077,0.12821
0.6964,0.01032,0.12821
0.71817,0.0098,0.12821
0.73994,0.00917,0.12821
0.76172,0.00848,0.12821
0.78349,0.00771,0.12821
0.80527,0.00685,0.12821
0.82704,0.00591,0.12821
0.84881,0.00489,0.12821
0.87059,0.0038,0.12821
0.89236,0.0026,0.12821
0.91413,0.00134,0.12821
0.93591,0.0,0.12821
0.08253,0.0,0.15385
0.10483,0.03483,0.15385
0.12713,0.05459,0.15385
0.14942,0.0622,0.15385
0.17172,0.06062,0.15385
0.19402,0.05274,0.15385
0.21632,0.04152,0.15385
0.23861,0.02989,0.15385
0.26091,0.02075,0.15385
0.28321,0.01705,0.15385
0.3056,0.01705,0.15385
0.328,0.01705,0.15385
0.3504,0.01705,0.15385
0.3728,0.01705,0.15385
0.39519,0.01705,0.15385
0.41759,0.01705,0.15385
0.43999,0.01705,0.15385
0.46238,0.01705,0.15385
0.48478,0.01705,0.15385
0.50718,0.01705,0.15385
0.52957,0.01705,0.15385
0.55197,0.01705,0.15385
0.5736,0.017,0.15385
0.59522,0.01685,0.15385
0.61685,0.01658,0.15385
0.63848,0.01621,0.15385
0.66011,0.01574,0.15385
0.68173,0.01515,0.15385
0.70336,0.01448,0.15385
0.72499,0.01369,0.15385
0.74662,0.01279,0.15385
0.76824,0.01179,0.15385
0.78987,0.01069,0.15385
0.8115,0.00948,0.15385
0.83313,0.00817,0.15385
0.85475,0.00674,0.15385
0.87638,0.00521,0.15385
0.89801,0.00358,0.15385
0.91963,0.00185,0.15385
0.94126,0.0,0.15385
0.0739,0.0,0.17949
0.09662,0.03322,0.17949
0.11934,0.05259,0.17949
0.14207,0.06077,0.17949
0.16479,0.0604,0.17949
0.18751,0.05413,0.17949
0.21024,0.04466,0.17949
0.23296,0.03459,0.17949
0.25568,0.0266,0.17949
0.2784,0.02335,0.17949
0.30013,0.02335,0.17949
0.32186,0.02335,0.17949
0.34358,0.02335,0.17949
0.36531,0.02335,0.17949
0.38703,0.02335,0.17949
0.40876,0.02335,0.17949
0.43049,0.02335,0.17949
0.45221,0.02335,0.17949
0.47394,0.02335,0.17949
0.49566,0.02335,0.17949
0.51739,0.02335,0.17949
0.53912,0.02335,0.17949
0.56173,0.02327,0.17949
0.58435,0.02307,0.17949
0.60696,0.0227,0.17949
0.62958,0.02219,0.17949
0.65219,0.02156,0.17949
0.67481,0.02075,0.17949
0.69742,0.01983,0.17949
0.72004,0.01873,0.17949
0.74265,0.01751,0.17949
0.76527,0.01615,0.17949
0.78788,0.01463,0.17949
0.8105,0.01297,0.17949
0.83311,0.01117,0.17949
0.85573,0.00922,0.17949
0.87834,0.00714,0.17949
0.90096,0.00491,0.17949
0.92357,0.00252,0.17949
0.94619,0.0,0.17949
0.06587,0.0,0.20513
0.08898,0.03196,0.20513
0.11209,0.05121,0.20513
0.13521,0.06012,0.20513
0.15832,0.06111,0.20513
0.18144,0.05654,0.20513
0.20455,0.04882,0.20513
0.22766,0.04036,0.20513
0.25078,0.03352,0.20513
0.27389,0.03071,0.20513
0.29692,0.03071,0.20513
0.31995,0.03071,0.20513
0.34297,0.03071,0.20513
0.366,0.03071,0.20513
0.38903,0.03071,0.20513
0.41205,0.03071,0.20513
0.43508,0.03071,0.20513
0.45811,0.03071,0.20513
0.48114,0.03071,0.20513
0.50416,0.03071,0.20513
0.52719,0.03071,0.20513
0.54949,0.03063,0.20513
0.57178,0.03036,0.20513
0.59407,0.02994,0.20513
0.61637,0.02935,0.20513
0.63866,0.02858,0.20513
0.66095,0.02764,0.20513
0.68325,0.02655,0.20513
0.70554,0.02527,0.20513
0.72783,0.02382,0.20513
0.75013,0.02219,0.20513
0.77242,0.02041,0.20513
0.79471,0.01846,0.20513
0.81701,0.01633,0.20513
0.8393,0.01403,0.20513
0.8616,0.01158,0.20513
0.88389,0.00894,0.20513
0.90618,0.00613,0.20513
0.92848,0.00314,0.20513
0.95077,0.0,0.20513
0.05832,0.0,0.23077
0.0818,0.0311,0.23077
0.10528,0.0505,0.23077
0.12877,0.06037,0.23077
0.15225,0.06282,0.23077
0.17574,0.06003,0.23077
0.19922,0.05412,0.23077
0.2227,0.04725,0.23077
0.24619,0.04155,0.23077
0.26967,0.03916,0.23077
0.29208,0.03916,0.23077
0.31449,0.03916,0.23077
0.3369,0.03916,0.23077
0.35932,0.03916,0.23077
0.38173,0.03916,0.23077
0.40414,0.03916,0.23077
0.42655,0.03916,0.23077
0.44896,0.03916,0.23077
0.47137,0.03916,0.23077
0.49378,0.03916,0.23077
0.5162,0.03916,0.23077
0.53929,0.03906,0.23077
0.56239,0.03873,0.23077
0.58549,0.03819,0.23077
0.60859,0.03743,0.23077
0.63169,0.03646,0.23077
0.65479,0.03527,0.23077
0.67789,0.03385,0.23077
0.70099,0.03223,0.23077
0.72409,0.03038,0.23077
0.74718,0.02833,0.23077
0.77028,0.02604,0.23077
0.79338,0.02354,0.23077
0.81648,0.02083,0.23077
0.83958,0.01791,0.23077
0.86268,0.01475,0.23077
0.88578,0.01139,0.23077
0.90888,0.00781,0.23077
0.93198,0.00402,0.23077
0.95507,0.0,0.23077
0.05418,0.0,0.25641
0.07769,0.03026,0.25641
0.1012,0.04993,0.25641
0.1247,0.06089,0.25641
0.14821,0.06502,0.25641
0.17171,0.06418,0.25641
0.19522,0.06027,0.25641
0.21872,0.05514,0.25641
0.24223,0.05069,0.25641
0.26574,0.04879,0.25641
0.28978,0.04879,0.25641
0.31382,0.04879,0.25641
0.33786,0.04879,0.25641
0.36189,0.04879,0.25641
0.38593,0.04879,0.25641
0.40997,0.04879,0.25641
0.43401,0.04879,0.25641
0.45805,0.04879,0.25641
0.48209,0.04879,0.25641
0.50613,0.04879,0.25641
0.52878,0.04867,0.25641
0.55143,0.0483,0.25641
0.57408,0.0477,0.25641
0.59673,0.04684,0.25641
0.61938,0.04575,0.25641
0.64204,0.04441,0.25641
0.66469,0.04283,0.25641
0.68734,0.041,0.25641
0.70999,0.03891,0.25641
0.73264,0.03659,0.25641
0.75529,0.03404,0.25641
0.77794,0.03123,0.25641
0.80059,0.02818,0.25641
0.82324,0.02488,0.25641
0.84589,0.02135,0.25641
0.86854,0.01757,0.25641
0.89119,0.01354,0.25641
0.91384,0.00927,0.25641
0.93649,0.00475,0.25641
0.95915,0.0,0.25641
0.05355,0.0,0.28205
0.07673,0.02949,0.28205
0.0999,0.04955,0.28205
0.12307,0.06178,0.28205
0.14624,0.06776,0.28205
0.16941,0.06909,0.28205
0.19258,0.06734,0.28205
0.21575,0.06413,0.28205
0.23893,0.06104,0.28205
0.2621,0.05966,0.28205
0.28559,0.05966,0.28205
0.30908,0.05966,0.28205
0.33257,0.05966,0.28205
0.35606,0.05966,0.28205
0.37955,0.05966,0.28205
0.40304,0.05966,0.28205
0.42653,0.05966,0.28205
0.45002,0.05966,0.28205
0.47351,0.05966,0.28205
0.497,0.05966,0.28205
0.5203,0.05951,0.28205
0.5436,0.05906,0.28205
0.5669,0.05832,0.28205
0.5902,0.05728,0.28205
0.6135,0.05593,0.28205
0.6368,0.05429,0.28205
0.6601,0.05235,0.28205
0.6834,0.05012,0.28205
0.70671,0.04758,0.28205
0.73001,0.04474,0.28205
0.75331,0.04162,0.28205
0.77661,0.03817,0.28205
0.79991,0.03446,0.28205
0.82321,0.03043,0.28205
0.84651,0.02609,0.28205
0.86981,0.02147,0.28205
0.89311,0.01655,0.28205
0.91642,0.01134,0.28205
0.93972,0.00581,0.28205
0.96302,0.0,0.28205
0.05284,0.0,0.30769
0.07572,0.02927,0.30769
0.09859,0.05012,0.30769
0.12147,0.06386,0.30769
0.14435,0.07184,0.30769
0.16723,0.07539,0.30769
0.19011,0.07582,0.30769
0.21299,0.0745,0.30769
0.23587,0.07272,0.30769
0.25875,0.07183,0.30769
0.28175,0.07183,0.30769
0.30475,0.07183,0.30769
0.32776,0.07183,0.30769
0.35076,0.07183,0.30769
0.37377,0.07183,0.30769
0.39677,0.07183,0.30769
0.41978,0.07183,0.30769
0.44278,0.07183,0.30769
0.46579,0.07183,0.30769
0.48879,0.07183,0.30769
0.51269,0.07166,0.30769
0.53658,0.07112,0.30769
0.56048,0.07021,0.30769
0.58438,0.06895,0.30769
0.60827,0.06734,0.30769
0.63217,0.06536,0.30769
0.65606,0.06304,0.30769
0.67996,0.06033,0.30769
0.70386,0.05729,0.30769
0.72775,0.05387,0.30769
0.75165,0.0501,0.30769
0.77555,0.04597,0.30769
0.79944,0.04148,0.30769
0.82334,0.03663,0.30769
0.84724,0.03142,0.30769
0.87113,0.02586,0.30769
0.89503,0.01993,0.30769
0.91893,0.01364,0.30769
0.94282,0.00701,0.30769
0.96672,0.0,0.30769
0.05203,0.0,0.33333
0.07749,0.03273,0.33333
0.10295,0.05605,0.33333
0.1284,0.07152,0.33333
0.15386,0.08068,0.33333
0.17932,0.08508,0.33333
0.20477,0.08631,0.33333
0.23023,0.08591,0.33333
0.25569,0.08542,0.33333
0.27827,0.08542,0.33333
0.30085,0.08542,0.33333
0.32343,0.08542,0.33333
0.34602,0.08542,0.33333
0.3686,0.08542,0.33333
0.39118,0.08542,0.33333
0.41377,0.08542,0.33333
0.43635,0.08542,0.33333
0.45893,0.08542,0.33333
0.48151,0.08542,0.33333
0.50479,0.08523,0.33333
0.52806,0.08465,0.33333
0.55134,0.08367,0.33333
0.57461,0.08233,0.33333
0.59788,0.08058,0.33333
0.62116,0.07845,0.33333
0.64443,0.07593,0.33333
0.66771,0.07302,0.33333
0.69098,0.06973,0.33333
0.71425,0.06605,0.33333
0.73753,0.06198,0.33333
0.7608,0.05753,0.33333
0.78407,0.05269,0.33333
0.80735,0.04746,0.33333
0.83062,0.04184,0.33333
0.8539,0.03584,0.33333
0.87717,0.02944,0.33333
0.90044,0.02267,0.33333
0.92372,0.01549,0.33333
0.94699,0.00795,0.33333
0.97027,0.0,0.33333
0.05114,0.0,0.35897
0.07636,0.03375,0.35897
0.10158,0.05896,0.35897
0.1268,0.07687,0.35897
0.15203,0.08871,0.35897
0.17725,0.09577,0.35897
0.20247,0.09926,0.35897
0.22769,0.10044,0.35897
0.25292,0.10056,0.35897
0.27514,0.10056,0.35897
0.29737,0.10056,0.35897
0.31959,0.10056,0.35897
0.34182,0.10056,0.35897
0.36404,0.10056,0.35897
0.38627,0.10056,0.35897
0.40849,0.10056,0.35897
0.43072,0.10056,0.35897
0.45294,0.10056,0.35897
0.47517,0.10056,0.35897
0.49891,0.10032,0.35897
0.52265,0.09965,0.35897
0.54638,0.09851,0.35897
0.57012,0.09691,0.35897
0.59386,0.09486,0.35897
0.6176,0.09234,0.35897
0.64134,0.08938,0.35897
0.66508,0.08596,0.35897
0.68882,0.08209,0.35897
0.71256,0.07776,0.35897
0.73629,0.07297,0.35897
0.76003,0.06773,0.35897
0.78377,0.06201,0.35897
0.80751,0.05586,0.35897
0.83125,0.04924,0.35897
0.85499,0.04219,0.35897
0.87873,0.03466,0.35897
0.90247,0.02668,0.35897
0.9262,0.01825,0.35897
0.94994,0.00934,0.35897
0.97368,0.0,0.35897
0.05016,0.0,0.38462
0.07519,0.03535,0.38462
0.10023,0.06287,0.38462
0.12526,0.08352,0.38462
0.1503,0.09827,0.38462
0.17533,0.10808,0.38462
0.20037,0.1139,0.38462
0.2254,0.11669,0.38462
0.25044,0.11739,0.38462
0.27237,0.11739,0.38462
0.2943,0.11739,0.38462
0.31623,0.11739,0.38462
0.33816,0.11739,0.38462
0.36009,0.11739,0.38462
0.38203,0.11739,0.38462
0.40396,0.11739,0.38462
0.42589,0.11739,0.38462
0.44782,0.11739,0.38462
0.46975,0.11739,0.38462
0.49391,0.11714,0.38462
0.51806,0.11633,0.38462
0.54221,0.11501,0.38462
0.56637,0.11314,0.38462
0.59052,0.11074,0.38462
0.61467,0.10781,0.38462
0.63883,0.10435,0.38462
0.66298,0.10035,0.38462
0.68713,0.09583,0.38462
0.71129,0.09078,0.38462
0.73544,0.08518,0.38462
0.75959,0.07907,0.38462
0.78375,0.07241,0.38462
0.8079,0.06522,0.38462
0.83206,0.05749,0.38462
0.85621,0.04924,0.38462
0.88036,0.04046,0.38462
0.90452,0.03115,0.38462
0.92867,0.0213,0.38462
0.95282,0.01092,0.38462
0.97698,0.0,0.38462
0.04908,0.0,0.41026
0.07398,0.03753,0.41026
0.09888,0.06783,0.41026
0.12377,0.09157,0.41026
0.14867,0.10944,0.41026
0.17356,0.12216,0.41026
0.19846,0.1304,0.41026
0.22335,0.13483,0.41026
0.24825,0.13616,0.41026
0.27236,0.13616,0.41026
0.29648,0.13616,0.41026
0.32059,0.13616,0.41026
0.3447,0.13616,0.41026
0.36881,0.13616,0.41026
0.39293,0.13616,0.41026
0.41704,0.13616,0.41026
0.44115,0.13616,0.41026
0.46527,0.13616,0.41026
0.48867,0.13587,0.41026
0.51207,0.13503,0.41026
0.53548,0.13362,0.41026
0.55888,0.13166,0.41026
0.58229,0.12912,0.41026
0.60569,0.12603,0.41026
0.6291,0.12236,0.41026
0.6525,0.11815,0.41026
0.67591,0.11336,0.41026
0.69931,0.10802,0.41026
0.72271,0.10212,0.41026
0.74612,0.09565,0.41026
0.76952,0.08861,0.41026
0.79293,0.08102,0.41026
0.81633,0.07285,0.41026
0.83974,0.06413,0.41026
0.86314,0.05486,0.41026
0.88655,0.04501,0.41026
0.90995,0.03459,0.41026
0.93335,0.02362,0.41026
0.95676,0.0121,0.41026
0.98016,0.0,0.41026
0.04792,0.0,0.4359
0.07273,0.04031,0.4359
0.09753,0.07386,0.4359
0.12233,0.10108,0.4359
0.14714,0.12238,0.4359
0.17194,0.13821,0.4359
0.19675,0.14898,0.4359
0.22155,0.15513,0.4359
0.24635,0.15709,0.4359
0.27028,0.15709,0.4359
0.29421,0.15709,0.4359
0.31814,0.15709,0.4359
0.34207,0.15709,0.4359
0.366,0.15709,0.4359
0.38992,0.15709,0.4359
0.41385,0.15709,0.4359
0.43778,0.15709,0.4359
0.46171,0.15709,0.4359
0.48542,0.15676,0.4359
0.50912,0.15578,0.4359
0.53283,0.15417,0.4359
0.55654,0.1519,0.4359
0.58024,0.14898,0.4359
0.60395,0.1454,0.4359
0.62765,0.14118,0.4359
0.65136,0.13631,0.4359
0.67507,0.1308,0.4359
0.69877,0.12463,0.4359
0.72248,0.11781,0.4359
0.74619,0.11035,0.4359
0.76989,0.10224,0.4359
0.7936,0.09347,0.4359
0.81731,0.08406,0.4359
0.84101,0.07399,0.4359
0.86472,0.06329,0.4359
0.88843,0.05193,0.4359
0.91213,0.03992,0.4359
0.93584,0.02727,0.4359
0.95955,0.01396,0.4359
0.98325,0.0,0.4359
0.04668,0.0,0.46154
0.07144,0.04373,0.46154
0.09619,0.08107,0.46154
0.12095,0.11218,0.46154
0.14571,0.13727,0.46154
0.17047,0.15647,0.46154
0.19523,0.16998,0.46154
0.21999,0.17794,0.46154
0.24474,0.18056,0.46154
0.26856,0.18056,0.46154
0.29238,0.18056,0.46154
0.31619,0.18056,0.46154
0.34001,0.18056,0.46154
0.36382,0.18056,0.46154
0.38764,0.18056,0.46154
0.41145,0.18056,0.46154
0.43527,0.18056,0.46154
0.45908,0.18056,0.46154
0.48304,0.18019,0.46154
0.50701,0.17909,0.46154
0.53097,0.17722,0.46154
0.55493,0.1746,0.46154
0.57889,0.17124,0.46154
0.60286,0.16714,0.46154
0.62682,0.16228,0.46154
0.65078,0.15669,0.46154
0.67474,0.15036,0.46154
0.6987,0.14327,0.46154
0.72267,0.13544,0.46154
0.74663,0.12685,0.46154
0.77059,0.11753,0.46154
0.79455,0.10744,0.46154
0.81851,0.09662,0.46154
0.84248,0.08507,0.46154
0.86644,0.07275,0.46154
0.8904,0.0597,0.46154
0.91436,0.04588,0.46154
0.93833,0.03133,0.46154
0.96229,0.01605,0.46154
0.98625,0.0,0.46154
0.04534,0.0,0.48718
0.0701,0.0478,0.48718
0.09486,0.08953,0.48718
0.11962,0.12509,0.48718
0.14438,0.15437,0.48718
0.16915,0.17732,0.48718
0.19391,0.19382,0.48718
0.21867,0.20378,0.48718
0.24343,0.20713,0.48718
0.2672,0.20713,0.48718
0.29098,0.20713,0.48718
0.31475,0.20713,0.48718
0.33852,0.20713,0.48718
0.36229,0.20713,0.48718
0.38607,0.20713,0.48718
0.40984,0.20713,0.48718
0.43361,0.20713,0.48718
0.45739,0.20713,0.48718
0.48156,0.20669,0.48718
0.50573,0.20541,0.48718
0.5299,0.20328,0.48718
0.55407,0.20027,0.48718
0.57824,0.19642,0.48718
0.60242,0.19172,0.48718
0.62659,0.18616,0.48718
0.65076,0.17974,0.48718
0.67493,0.17247,0.48718
0.6991,0.16433,0.48718
0.72328,0.15535,0.48718
0.74745,0.1455,0.48718
0.77162,0.1348,0.48718
0.79579,0.12325,0.48718
0.81996,0.11084,0.48718
0.84414,0.09757,0.48718
0.86831,0.08345,0.48718
0.89248,0.06847,0.48718
0.91665,0.05264,0.48718
0.94082,0.03595,0.48718
0.965,0.0184,0.48718
0.98917,0.0,0.48718
0.04391,0.0,0.51282
0.06872,0.05261,0.51282
0.09354,0.0994,0.51282
0.11835,0.14004,0.51282
0.14316,0.17413,0.51282
0.16797,0.2013,0.51282
0.19278,0.22117,0.51282
0.21759,0.23337,0.51282
0.2424,0.23752,0.51282
0.2662,0.23752,0.51282
0.29001,0.23752,0.51282
0.31381,0.23752,0.51282
0.33761,0.23752,0.51282
0.36141,0.23752,0.51282
0.38521,0.23752,0.51282
0.40901,0.23752,0.51282
0.43282,0.23752,0.51282
0.45662,0.23752,0.51282
0.48095,0.23702,0.51282
0.50529,0.23556,0.51282
0.52963,0.2331,0.51282
0.55396,0.22966,0.51282
0.5783,0.22524,0.51282
0.60263,0.21985,0.51282
0.62697,0.21346,0.51282
0.65131,0.2061,0.51282
0.67564,0.19777,0.51282
0.69998,0.18844,0.51282
0.72431,0.17813,0.51282
0.74865,0.16685,0.51282
0.77299,0.15459,0.51282
0.79732,0.14133,0.51282
0.82166,0.1271,0.51282
0.84599,0.11188,0.51282
0.87033,0.0957,0.51282
0.89466,0.07851,0.51282
0.919,0.06037,0.51282
0.94334,0.04121,0.51282
0.96767,0.0211,0.51282
0.99201,0.0,0.51282
0.0424,0.0,0.53846
0.06731,0.05818,0.53846
0.09222,0.11092,0.53846
0.11713,0.1575,0.53846
0.14203,0.19718,0.53846
0.16694,0.22929,0.53846
0.19185,0.2531,0.53846
0.21676,0.2679,0.53846
0.24167,0.27299,0.53846
0.26557,0.27299,0.53846
0.28947,0.27299,0.53846
0.31337,0.27299,0.53846
0.33727,0.27299,0.53846
0.36118,0.27299,0.53846
0.38508,0.27299,0.53846
0.40898,0.27299,0.53846
0.43288,0.27299,0.53846
0.45678,0.27299,0.53846
0.48123,0.27242,0.53846
0.50569,0.27074,0.53846
0.53014,0.26791,0.53846
0.5546,0.26397,0.53846
0.57905,0.25889,0.53846
0.60351,0.25268,0.53846
0.62796,0.24535,0.53846
0.65242,0.23688,0.53846
0.67687,0.22731,0.53846
0.70133,0.21659,0.53846
0.72578,0.20474,0.53846
0.75023,0.19177,0.53846
0.77469,0.17767,0.53846
0.79914,0.16244,0.53846
0.8236,0.14609,0.53846
0.84805,0.1286,0.53846
0.87251,0.10998,0.53846
0.89696,0.09024,0.53846
0.92142,0.06937,0.53846
0.94587,0.04738,0.53846
0.97033,0.02426,0.53846
0.99478,0.0,0.53846
0.0408,0.0,0.5641
0.06585,0.0646,0.5641
0.0909,0.12408,0.5641
0.11596,0.17736,0.5641
0.14101,0.22336,0.5641
0.16606,0.26103,0.5641
0.19112,0.28925,0.5641
0.21617,0.30699,0.5641
0.24122,0.31314,0.5641
0.2653,0.31314,0.5641
0.28937,0.31314,0.5641
0.31344,0.31314,0.5641
0.33751,0.31314,0.5641
0.36158,0.31314,0.5641
0.38566,0.31314,0.5641
0.40973,0.31314,0.5641
0.4338,0.31314,0.5641
0.45787,0.31314,0.5641
0.4824,0.31249,0.5641
0.50693,0.31054,0.5641
0.53146,0.30731,0.5641
0.55598,0.30278,0.5641
0.58051,0.29696,0.5641
0.60504,0.28984,0.5641
0.62957,0.28144,0.5641
0.6541,0.27173,0.5641
0.67862,0.26072,0.5641
0.70315,0.24844,0.5641
0.72768,0.23485,0.5641
0.75221,0.21996,0.5641
0.77674,0.2038,0.5641
0.80126,0.18633,0.5641
0.82579,0.16756,0.5641
0.85032,0.14752,0.5641
0.87485,0.12616,0.5641
0.89937,0.10351,0.5641
0.9239,0.07957,0.5641
0.94843,0.05435,0.5641
0.97296,0.02782,0.5641
0.99748,0.0,0.5641
0.03911,0.0,0.58974
0.06435,0.07166,0.58974
0.0896,0.13822,0.58974
0.11484,0.19829,0.58974
0.14009,0.25051,0.58974
0.16533,0.2935,0.58974
0.19058,0.32591,0.58974
0.21582,0.34636,0.58974
0.24107,0.35348,0.58974
0.26538,0.35348,0.58974
0.2897,0.35348,0.58974
0.31401,0.35348,0.58974
0.33833,0.35348,0.58974
0.36264,0.35348,0.58974
0.38695,0.35348,0.58974
0.41127,0.35348,0.58974
0.43558,0.35348,0.58974
0.4599,0.35348,0.58974
0.48445,0.35311,0.58974
0.509,0.35202,0.58974
0.53355,0.35017,0.58974
0.5581,0.34759,0.58974
0.58265,0.34423,0.58974
0.6072,0.34008,0.58974
0.63175,0.33512,0.58974
0.6563,0.32929,0.58974
0.68085,0.32255,0.58974
0.7054,0.31486,0.58974
0.72995,0.30612,0.58974
0.7545,0.29628,0.58974
0.77905,0.28517,0.58974
0.8036,0.27267,0.58974
0.82815,0.25859,0.58974
0.8527,0.24261,0.58974
0.87725,0.22437,0.58974
0.9018,0.20325,0.58974
0.92635,0.1782,0.58974
0.9509,0.14726,0.58974
0.97545,0.10536,0.58974
1.0,2e-05,0.58974
0.03733,0.0,0.61538
0.06281,0.07944,0.61538
0.0883,0.1534,0.61538
0.11378,0.2203,0.61538
0.13927,0.27857,0.61538
0.16475,0.32664,0.61538
0.19024,0.36291,0.61538
0.21572,0.38584,0.61538
0.24121,0.39382,0.61538
0.26583,0.39382,0.61538
0.29046,0.39382,0.61538
0.31509,0.39382,0.61538
0.33971,0.39382,0.61538
0.36434,0.39382,0.61538
0.38897,0.39382,0.61538
0.41359,0.39382,0.61538
0.43822,0.39382,0.61538
0.46285,0.39382,0.61538
0.48716,0.39345,0.61538
0.51147,0.39235,0.61538
0.53579,0.39048,0.61538
0.5601,0.38786,0.61538
0.58441,0.38445,0.61538
0.60873,0.38025,0.61538
0.63304,0.37521,0.61538
0.65736,0.36929,0.61538
0.68167,0.36247,0.61538
0.70598,0.35468,0.61538
0.7303,0.34582,0.61538
0.75461,0.33583,0.61538
0.77892,0.32459,0.61538
0.80324,0.31192,0.61538
0.82755,0.29764,0.61538
0.85186,0.28144,0.61538
0.87618,0.26296,0.61538
0.90049,0.24154,0.61538
0.9248,0.21615,0.61538
0.94912,0.18478,0.61538
0.97343,0.14231,0.61538
0.99774,0.0355,0.61538
0.03546,0.0,0.64103
0.06123,0.08797,0.64103
0.087,0.16968,0.64103
0.11277,0.24347,0.64103
0.13855,0.30762,0.64103
0.16432,0.36046,0.64103
0.19009,0.40029,0.64103
0.21586,0.42543,0.64103
0.24163,0.43418,0.64103
0.26664,0.43418,0.64103
0.29165,0.43418,0.64103
0.31666,0.43418,0.64103
0.34168,0.43418,0.64103
0.36669,0.43418,0.64103
0.3917,0.43418,0.64103
0.41671,0.43418,0.64103
0.44172,0.43418,0.64103
0.46673,0.43418,0.64103
0.49076,0.43384,0.64103
0.5148,0.43282,0.64103
0.53883,0.43111,0.64103
0.56287,0.4287,0.64103
0.5869,0.4256,0.64103
0.61094,0.42175,0.64103
0.63497,0.41713,0.64103
0.65901,0.41172,0.64103
0.68304,0.40547,0.64103
0.70707,0.39833,0.64103
0.73111,0.39023,0.64103
0.75514,0.38107,0.64103
0.77918,0.37077,0.64103
0.80321,0.35918,0.64103
0.82725,0.34609,0.64103
0.85128,0.33127,0.64103
0.87532,0.31434,0.64103
0.89935,0.29473,0.64103
0.92338,0.27148,0.64103
0.94742,0.24276,0.64103
0.97145,0.20387,0.64103
0.99549,0.10608,0.64103
0.0335,0.0,0.66667
0.05961,0.09733,0.66667
0.08571,0.18718,0.66667
0.11182,0.2679,0.66667
0.13793,0.33774,0.66667
0.16403,0.39503,0.66667
0.19014,0.43806,0.66667
0.21624,0.46513,0.66667
0.24235,0.47452,0.66667
0.26527,0.47452,0.66667
0.28819,0.47452,0.66667
0.31111,0.47452,0.66667
0.33403,0.47452,0.66667
0.35695,0.47452,0.66667
0.37986,0.47452,0.66667
0.40278,0.47452,0.66667
0.4257,0.47452,0.66667
0.44862,0.47452,0.66667
0.47154,0.47452,0.66667
0.49638,0.47418,0.66667
0.52123,0.47318,0.66667
0.54607,0.47146,0.66667
0.57091,0.46908,0.66667
0.59575,0.46595,0.66667
0.6206,0.4621,0.66667
0.64544,0.45748,0.66667
0.67028,0.45206,0.66667
0.69512,0.44579,0.66667
0.71996,0.43858,0.66667
0.74481,0.43038,0.66667
0.76965,0.42111,0.66667
0.79449,0.41059,0.66667
0.81933,0.39868,0.66667
0.84418,0.38512,0.66667
0.86902,0.36958,0.66667
0.89386,0.35153,0.66667
0.9187,0.33008,0.66667
0.94355,0.30352,0.66667
0.96839,0.26748,0.66667
0.99323,0.17665,0.66667
0.03146,0.0,0.69231
0.05794,0.10758,0.69231
0.08443,0.20602,0.69231
0.11092,0.29372,0.69231
0.13741,0.36906,0.69231
0.1639,0.43045,0.69231
0.19038,0.47628,0.69231
0.21687,0.50496,0.69231
0.24336,0.51488,0.69231
0.26675,0.51488,0.69231
0.29014,0.51488,0.69231
0.31354,0.51488,0.69231
0.33693,0.51488,0.69231
0.36032,0.51488,0.69231
0.38371,0.51488,0.69231
0.40711,0.51488,0.69231
0.4305,0.51488,0.69231
0.45389,0.51488,0.69231
0.47728,0.51488,0.69231
0.50174,0.51454,0.69231
0.52621,0.51353,0.69231
0.55067,0.51185,0.69231
0.57513,0.50948,0.69231
0.59959,0.50641,0.69231
0.62405,0.5026,0.69231
0.64851,0.49803,0.69231
0.67298,0.49267,0.69231
0.69744,0.48647,0.69231
0.7219,0.47934,0.69231
0.74636,0.47124,0.69231
0.77082,0.46205,0.69231
0.79528,0.45167,0.69231
0.81975,0.43989,0.69231
0.84421,0.42649,0.69231
0.86867,0.41113,0.69231
0.89313,0.39329,0.69231
0.91759,0.37207,0.69231
0.94205,0.34582,0.69231
0.96651,0.31019,0.69231
0.99098,0.2204,0.69231
0.02932,0.0,0.71795
0.05624,0.11884,0.71795
0.08316,0.22631,0.71795
0.11007,0.32104,0.71795
0.13699,0.40167,0.71795
0.16391,0.46678,0.71795
0.19082,0.515,0.71795
0.21774,0.54494,0.71795
0.24466,0.55522,0.71795
0.26859,0.55522,0.71795
0.29252,0.55522,0.71795
0.31645,0.55522,0.71795
0.34038,0.55522,0.71795
0.36431,0.55522,0.71795
0.38824,0.55522,0.71795
0.41216,0.55522,0.71795
0.43609,0.55522,0.71795
0.46002,0.55522,0.71795
0.48395,0.55522,0.71795
0.50799,0.55486,0.71795
0.53203,0.55381,0.71795
0.55606,0.55203,0.71795
0.5801,0.54951,0.71795
0.60414,0.54625,0.71795
0.62817,0.54221,0.71795
0.65221,0.53737,0.71795
0.67625,0.5317,0.71795
0.70028,0.52511,0.71795
0.72432,0.51758,0.71795
0.74836,0.509,0.71795
0.77239,0.49927,0.71795
0.79643,0.48825,0.71795
0.82047,0.47576,0.71795
0.8445,0.46158,0.71795
0.86854,0.4453,0.71795
0.89257,0.42638,0.71795
0.91661,0.40392,0.71795
0.94065,0.3761,0.71795
0.96468,0.33835,0.71795
0.98872,0.24322,0.71795
0.0271,0.0,0.74359
0.05145,0.11727,0.74359
0.0758,0.22347,0.74359
0.10015,0.31785,0.74359
0.1245,0.39969,0.74359
0.14885,0.46829,0.74359
0.1732,0.52289,0.74359
0.19755,0.56278,0.74359
0.2219,0.58726,0.74359
0.24625,0.59557,0.74359
0.27078,0.59557,0.74359
0.29531,0.59557,0.74359
0.31984,0.59557,0.74359
0.34437,0.59557,0.74359
0.3689,0.59557,0.74359
0.39343,0.59557,0.74359
0.41796,0.59557,0.74359
0.44249,0.59557,0.74359
0.46702,0.59557,0.74359
0.49156,0.59557,0.74359
0.5163,0.59515,0.74359
0.54105,0.59391,0.74359
0.56579,0.59184,0.74359
0.59054,0.5889,0.74359
0.61528,0.58511,0.74359
0.64003,0.58039,0.74359
0.66477,0.57472,0.74359
0.68952,0.56805,0.74359
0.71426,0.56033,0.74359
0.73901,0.55142,0.74359
0.76376,0.54126,0.74359
0.7885,0.52966,0.74359
0.81325,0.51646,0.74359
0.83799,0.50137,0.74359
0.86274,0.484,0.74359
0.88748,0.46377,0.74359
0.91223,0.43962,0.74359
0.93697,0.40968,0.74359
0.96172,0.36894,0.74359
0.98646,0.26605,0.74359
0.02479,0.0,0.76923
0.0496,0.1295,0.76923
0.07442,0.24517,0.76923
0.09923,0.3466,0.76923
0.12405,0.43346,0.76923
0.14887,0.50535,0.76923
0.17368,0.56192,0.76923
0.1985,0.60278,0.76923
0.22331,0.62756,0.76923
0.24813,0.63591,0.76923
0.27332,0.63591,0.76923
0.29852,0.63591,0.76923
0.32372,0.63591,0.76923
0.34891,0.63591,0.76923
0.37411,0.63591,0.76923
0.3993,0.63591,0.76923
0.4245,0.63591,0.76923
0.44969,0.63591,0.76923
0.47489,0.63591,0.76923
0.50009,0.63591,0.76923
0.52429,0.63548,0.76923
0.5485,0.63418,0.76923
0.5727,0.63198,0.76923
0.59691,0.62891,0.76923
0.62112,0.62489,0.76923
0.64532,0.61994,0.76923
0.66953,0.61397,0.76923
0.69373,0.60695,0.76923
0.71794,0.5988,0.76923
0.74215,0.58943,0.76923
0.76635,0.57871,0.76923
0.79056,0.56651,0.76923
0.81477,0.5526,0.76923
0.83897,0.53672,0.76923
0.86318,0.51842,0.76923
0.88738,0.4971,0.76923
0.91159,0.47168,0.76923
0.9358,0.44015,0.76923
0.96,0.39723,0.76923
0.98421,0.28887,0.76923
0.02239,0.0,0.79487
0.04771,0.14295,0.79487
0.07303,0.26872,0.79487
0.09836,0.37743,0.79487
0.12368,0.46913,0.79487
0.149,0.54396,0.79487
0.17433,0.60198,0.79487
0.19965,0.64331,0.79487
0.22497,0.66804,0.79487
0.2503,0.67627,0.79487
0.27387,0.67627,0.79487
0.29743,0.67627,0.79487
0.321,0.67627,0.79487
0.34457,0.67627,0.79487
0.36814,0.67627,0.79487
0.39171,0.67627,0.79487
0.41527,0.67627,0.79487
0.43884,0.67627,0.79487
0.46241,0.67627,0.79487
0.48598,0.67627,0.79487
0.50955,0.67627,0.79487
0.53441,0.67577,0.79487
0.55927,0.67424,0.79487
0.58414,0.67168,0.79487
0.609,0.66809,0.79487
0.63386,0.66342,0.79487
0.65873,0.65761,0.79487
0.68359,0.65062,0.79487
0.70845,0.64237,0.79487
0.73332,0.63277,0.79487
0.75818,0.62168,0.79487
0.78304,0.60895,0.79487
0.80791,0.59435,0.79487
0.83277,0.57756,0.79487
0.85763,0.55817,0.79487
0.8825,0.53546,0.79487
0.90736,0.50831,0.79487
0.93223,0.4745,0.79487
0.95709,0.42842,0.79487
0.98195,0.3117,0.79487
0.0199,0.0,0.82051
0.04577,0.15776,0.82051
0.07165,0.29439,0.82051
0.09752,0.41056,0.82051
0.12339,0.50695,0.82051
0.14927,0.58427,0.82051
0.17514,0.64321,0.82051
0.20101,0.68445,0.82051
0.22689,0.70868,0.82051
0.25276,0.71661,0.82051
0.27705,0.71661,0.82051
0.30134,0.71661,0.82051
0.32563,0.71661,0.82051
0.34991,0.71661,0.82051
0.3742,0.71661,0.82051
0.39849,0.71661,0.82051
0.42278,0.71661,0.82051
0.44707,0.71661,0.82051
0.47136,0.71661,0.82051
0.49565,0.71661,0.82051
0.51994,0.71661,0.82051
0.54414,0.71609,0.82051
0.56833,0.71449,0.82051
0.59253,0.71182,0.82051
0.61673,0.70804,0.82051
0.64093,0.70314,0.82051
0.66512,0.69705,0.82051
0.68932,0.68973,0.82051
0.71352,0.68109,0.82051
0.73772,0.67103,0.82051
0.76192,0.6594,0.82051
0.78611,0.64606,0.82051
0.81031,0.63076,0.82051
0.83451,0.61318,0.82051
0.85871,0.59284,0.82051
0.8829,0.56905,0.82051
0.9071,0.54058,0.82051
0.9313,0.50517,0.82051
0.9555,0.45685,0.82051
0.9797,0.33452,0.82051
0.01732,0.0,0.84615
0.04379,0.17411,0.84615
0.07025,0.32238,0.84615
0.09672,0.44626,0.84615
0.12318,0.54715,0.84615
0.14965,0.62649,0.84615
0.17611,0.68571,0.84615
0.20258,0.72626,0.84615
0.22905,0.74953,0.84615
0.25551,0.75697,0.84615
0.27849,0.75697,0.84615
0.30147,0.75697,0.84615
0.32445,0.75697,0.84615
0.34743,0.75697,0.84615
0.37041,0.75697,0.84615
0.39338,0.75697,0.84615
0.41636,0.75697,0.84615
0.43934,0.75697,0.84615
0.46232,0.75697,0.84615
0.4853,0.75697,0.84615
0.50828,0.75697,0.84615
0.53126,0.75697,0.84615
0.55605,0.75635,0.84615
0.58083,0.75448,0.84615
0.60562,0.75137,0.84615
0.63041,0.74697,0.84615
0.6552,0.74123,0.84615
0.67998,0.7341,0.84615
0.70477,0.7255,0.84615
0.72956,0.71532,0.84615
0.75435,0.70342,0.84615
0.77914,0.68961,0.84615
0.80392,0.67367,0.84615
0.82871,0.6552,0.84615
0.8535,0.63375,0.84615
0.87829,0.60853,0.84615
0.90308,0.57824,0.84615
0.92786,0.54042,0.84615
0.95265,0.48868,0.84615
0.97744,0.35735,0.84615
0.01466,0.0,0.87179
0.03905,0.1744,0.87179
0.06344,0.32324,0.87179
0.08783,0.44821,0.87179
0.11222,0.55102,0.87179
0.1366,0.63334,0.87179
0.16099,0.6969,0.87179
0.18538,0.74338,0.87179
0.20977,0.77448,0.87179
0.23416,0.79188,0.87179
0.25855,0.79731,0.87179
0.2823,0.79731,0.87179
0.30605,0.79731,0.87179
0.32979,0.79731,0.87179
0.35354,0.79731,0.87179
0.37728,0.79731,0.87179
0.40103,0.79731,0.87179
0.42478,0.79731,0.87179
0.44852,0.79731,0.87179
0.47227,0.79731,0.87179
0.49602,0.79731,0.87179
0.51976,0.79731,0.87179
0.54351,0.79731,0.87179
0.5689,0.79659,0.87179
0.59429,0.79442,0.87179
0.61969,0.79076,0.87179
0.64508,0.7856,0.87179
0.67047,0.77886,0.87179
0.69586,0.77046,0.87179
0.72126,0.76031,0.87179
0.74665,0.74823,0.87179
0.77204,0.73405,0.87179
0.79744,0.7175,0.87179
0.82283,0.69821,0.87179
0.84822,0.67565,0.87179
0.87361,0.64897,0.87179
0.89901,0.61681,0.87179
0.9244,0.57647,0.87179
0.94979,0.52113,0.87179
0.97518,0.38018,0.87179
0.0119,0.0,0.89744
0.0369,0.19271,0.89744
0.0619,0.35458,0.89744
0.0869,0.4881,0.89744
0.1119,0.59574,0.89744
0.13689,0.68002,0.89744
0.16189,0.74339,0.89744
0.18689,0.78837,0.89744
0.21189,0.8174,0.89744
0.23689,0.83301,0.89744
0.26189,0.83765,0.89744
0.28645,0.83765,0.89744
0.31102,0.83765,0.89744
0.33559,0.83765,0.89744
0.36015,0.83765,0.89744
0.38472,0.83765,0.89744
0.40929,0.83765,0.89744
0.43385,0.83765,0.89744
0.45842,0.83765,0.89744
0.48299,0.83765,0.89744
0.50755,0.83765,0.89744
0.53212,0.83765,0.89744
0.55669,0.83765,0.89744
0.58117,0.83691,0.89744
0.60566,0.83464,0.89744
0.63014,0.83083,0.89744
0.65463,0.82545,0.89744
0.67911,0.81843,0.89744
0.7036,0.80969,0.89744
0.72808,0.79909,0.89744
0.75257,0.78652,0.89744
0.77705,0.77175,0.89744
0.80154,0.7545,0.89744
0.82602,0.7344,0.89744
0.8505,0.71088,0.89744
0.87499,0.68308,0.89744
0.89947,0.64957,0.89744
0.92396,0.60754,0.89744
0.94844,0.54987,0.89744
0.97293,0.403,0.89744
0.00906,0.0,0.92308
0.0347,0.21302,0.92308
0.06035,0.3891,0.92308
0.08599,0.53163,0.92308
0.11164,0.64406,0.92308
0.13728,0.7298,0.92308
0.16293,0.79228,0.92308
0.18857,0.83493,0.92308
0.21422,0.86114,0.92308
0.23986,0.87436,0.92308
0.26551,0.87801,0.92308
0.28899,0.87801,0.92308
0.31248,0.87801,0.92308
0.33596,0.87801,0.92308
0.35944,0.87801,0.92308
0.38293,0.87801,0.92308
0.40641,0.87801,0.92308
0.42989,0.87801,0.92308
0.45338,0.87801,0.92308
0.47686,0.87801,0.92308
0.50035,0.87801,0.92308
0.52383,0.87801,0.92308
0.54731,0.87801,0.92308
0.5708,0.87801,0.92308
0.59579,0.87711,0.92308
0.62078,0.87446,0.92308
0.64577,0.86999,0.92308
0.67077,0.86364,0.92308
0.69576,0.85536,0.92308
0.72075,0.84501,0.92308
0.74574,0.83244,0.92308
0.77074,0.81742,0.92308
0.79573,0.79968,0.92308
0.82072,0.77881,0.92308
0.84571,0.7542,0.92308
0.8707,0.72491,0.92308
0.8957,0.68943,0.92308
0.92069,0.64474,0.92308
0.94568,0.58318,0.92308
0.97067,0.42583,0.92308
0.00613,0.0,0.94872
0.03246,0.23564,0.94872
0.05879,0.42724,0.94872
0.08512,0.57934,0.94872
0.11145,0.69647,0.94872
0.13778,0.78314,0.94872
0.16411,0.8439,0.94872
0.19043,0.88326,0.94872
0.21676,0.90578,0.94872
0.24309,0.91596,0.94872
0.26942,0.91835,0.94872
0.29202,0.91835,0.94872
0.31463,0.91835,0.94872
0.33723,0.91835,0.94872
0.35983,0.91835,0.94872
0.38243,0.91835,0.94872
0.40503,0.91835,0.94872
0.42763,0.91835,0.94872
0.45023,0.91835,0.94872
0.47283,0.91835,0.94872
0.49543,0.91835,0.94872
0.51803,0.91835,0.94872
0.54063,0.91835,0.94872
0.56324,0.91835,0.94872
0.58584,0.91835,0.94872
0.61134,0.9173,0.94872
0.63685,0.91416,0.94872
0.66235,0.90887,0.94872
0.68786,0.90134,0.94872
0.71336,0.8915,0.94872
0.73887,0.87913,0.94872
0.76437,0.86408,0.94872
0.78988,0.84597,0.94872
0.81538,0.82441,0.94872
0.84089,0.79875,0.94872
0.8664,0.76799,0.94872
0.8919,0.73047,0.94872
0.91741,0.68298,0.94872
0.94291,0.61728,0.94872
0.96842,0.44865,0.94872
0.00311,0.0,0.97436
0.0277,0.23942,0.97436
0.05229,0.43524,0.97436
0.07689,0.59183,0.97436
0.10148,0.7136,0.97436
0.12607,0.80492,0.97436
0.15066,0.87016,0.97436
0.17526,0.91373,0.97436
0.19985,0.93997,0.97436
0.22444,0.95329,0.97436
0.24904,0.95808,0.97436
0.27363,0.9587,0.97436
0.29887,0.9587,0.97436
0.32412,0.9587,0.97436
0.34936,0.9587,0.97436
0.37461,0.9587,0.97436
0.39985,0.9587,0.97436
0.42509,0.9587,0.97436
0.45034,0.9587,0.97436
0.47558,0.9587,0.97436
0.50083,0.9587,0.97436
0.52607,0.9587,0.97436
0.55132,0.9587,0.97436
0.57656,0.9587,0.97436
0.60181,0.9587,0.97436
0.6261,0.95761,0.97436
0.65039,0.95435,0.97436
0.67468,0.94886,0.97436
0.69897,0.94106,0.97436
0.72326,0.93083,0.97436
0.74755,0.91803,0.97436
0.77184,0.90238,0.97436
0.79613,0.88362,0.97436
0.82042,0.86125,0.97436
0.84471,0.83462,0.97436
0.869,0.80272,0.97436
0.89329,0.76381,0.97436
0.91758,0.71454,0.97436
0.94187,0.6464,0.97436
0.96616,0.47148,0.97436
0.0,0.0,1.0
0.02528,0.26553,1.0
0.05057,0.47953,1.0
0.07585,0.64754,1.0
0.10114,0.77508,1.0
0.12642,0.86767,1.0
0.1517,0.93085,1.0
0.17699,0.97014,1.0
0.20227,0.99108,1.0
0.22756,0.99919,1.0
0.25284,1.0,1.0
0.27812,0.99904,1.0
0.30245,0.99904,1.0
0.32678,0.99904,1.0
0.35111,0.99904,1.0
0.37543,0.99904,1.0
0.39976,0.99904,1.0
0.42409,0.99904,1.0
0.44841,0.99904,1.0
0.47274,0.99904,1.0
0.49707,0.99904,1.0
0.5214,0.99904,1.0
0.54572,0.99904,1.0
0.57005,0.99904,1.0
0.59438,0.99904,1.0
0.6187,0.99904,1.0
0.64336,0.99777,1.0
0.66802,0.99387,1.0
0.69268,0.98731,1.0
0.71733,0.97801,1.0
0.74199,0.96576,1.0
0.76665,0.95034,1.0
0.79131,0.93142,1.0
0.81596,0.90852,1.0
0.84062,0.88093,1.0
0.86528,0.84754,1.0
0.88993,0.80653,1.0
0.91459,0.75428,1.0
0.93925,0.68165,1.0
0.9639,0.49431,1.0
