0.10994,0.0,0.0
0.12629,0.0,0.0
0.14263,0.0,0.0
0.15898,0.0,0.0
0.17533,0.0,0.0
0.19167,0.0,0.0
0.20802,0.0,0.0
0.22437,0.0,0.0
0.24072,0.0,0.0
0.25706,0.0,0.0
0.27341,0.0,0.0
0.28976,0.0,0.0
0.30611,0.0,0.0
0.32245,0.0,0.0
0.3388,0.0,0.0
0.35515,0.0,0.0
0.37149,0.0,0.0
0.38784,0.0,0.0
0.40419,0.0,0.0
0.42054,0.0,0.0
0.43688,0.0,0.0
0.45323,0.0,0.0
0.46958,0.0,0.0
0.48593,0.0,0.0
0.50227,0.0,0.0
0.51862,0.0,0.0
0.53497,0.0,0.0
0.55132,0.0,0.0
0.56766,0.0,0.0
0.58401,0.0,0.0
0.60036,0.0,0.0
0.6167,0.0,0.0
0.63305,0.0,0.0
0.6494,0.0,0.0
0.66575,0.0,0.0
0.68209,0.0,0.0
0.69844,0.0,0.0
0.71479,0.0,0.0
0.73114,0.0,0.0
0.74748,0.0,0.0
0.07863,0.0,0.02564
0.09817,0.15538,0.02564
0.1177,0.24431,0.02564
0.13723,0.28233,0.02564
0.15676,0.28492,0.02564
0.1763,0.26757,0.02564
0.19583,0.2458,0.02564
0.21536,0.23509,0.02564
0.23287,0.23509,0.02564
0.25038,0.23509,0.02564
0.2679,0.23509,0.02564
0.28541,0.23509,0.02564
0.30292,0.23509,0.02564
0.32043,0.23509,0.02564
0.33794,0.23509,0.02564
0.35546,0.23509,0.02564
0.37297,0.23509,0.02564
0.39048,0.23509,0.02564
0.40799,0.23509,0.02564
0.4255,0.23509,0.02564
0.44436,0.23451,0.02564
0.46321,0.23274,0.02564
0.48206,0.2298,0.02564
0.50091,0.22569,0.02564
0.51977,0.22039,0.02564
0.53862,0.21393,0.02564
0.55747,0.20629,0.02564
0.57633,0.19747,0.02564
0.59518,0.18748,0.02564
0.61403,0.17632,0.02564
0.63288,0.16397,0.02564
0.65174,0.15046,0.02564
0.67059,0.13576,0.02564
0.68944,0.1199,0.02564
0.7083,0.10285,0.02564
0.72715,0.08463,0.02564
0.746,0.06524,0.02564
0.76485,0.04467,0.02564
0.78371,0.02292,0.02564
0.80256,0.0,0.02564
0.06567,0.0,0.05129
0.08607,0.17801,0.05129
0.10647,0.30209,0.05129
0.12688,0.38188,0.05129
0.14728,0.4271,0.05129
0.16768,0.44741,0.05129
0.18808,0.45249,0.05129
0.20849,0.45204,0.05129
0.22691,0.45204,0.05129
0.24533,0.45204,0.05129
0.26376,0.45204,0.05129
0.28218,0.45204,0.05129
0.30061,0.45204,0.05129
0.31903,0.45204,0.05129
0.33745,0.45204,0.05129
0.35588,0.45204,0.05129
0.3743,0.45204,0.05129
0.39272,0.45204,0.05129
0.41115,0.45204,0.05129
0.42957,0.45204,0.05129
0.44936,0.4509,0.05129
0.46915,0.44752,0.05129
0.48894,0.44187,0.05129
0.50873,0.43396,0.05129
0.52852,0.42379,0.05129
0.54831,0.41136,0.05129
0.5681,0.39667,0.05129
0.58789,0.37971,0.05129
0.60768,0.3605,0.05129
0.62747,0.33902,0.05129
0.64726,0.31529,0.05129
0.66705,0.28931,0.05129
0.68684,0.26105,0.05129
0.70663,0.23054,0.05129
0.72642,0.19777,0.05129
0.74621,0.16274,0.05129
0.766,0.12544,0.05129
0.78579,0.08589,0.05129
0.80558,0.04407,0.05129
0.82537,0.0,0.05129
0.05572,0.0,0.07692
0.07661,0.19634,0.07692
0.0975,0.34995,0.07692
0.1184,0.4654,0.07692
0.13929,0.54724,0.07692
0.16018,0.60004,0.07692
0.18108,0.62838,0.07692
0.20197,0.63681,0.07692
0.22126,0.63681,0.07692
0.24055,0.63681,0.07692
0.25984,0.63681,0.07692
0.27913,0.63681,0.07692
0.29842,0.63681,0.07692
0.31772,0.63681,0.07692
0.33701,0.63681,0.07692
0.3563,0.63681,0.07692
0.37559,0.63681,0.07692
0.39488,0.63681,0.07692
0.41417,0.63681,0.07692
0.43347,0.63681,0.07692
0.45394,0.63522,0.07692
0.47441,0.63044,0.07692
0.49488,0.62248,0.07692
0.51535,0.61134,0.07692
0.53582,0.597,0.07692
0.55629,0.57949,0.07692
0.57676,0.5588,0.07692
0.59723,0.53492,0.07692
0.6177,0.50786,0.07692
0.63817,0.47761,0.07692
0.65864,0.44417,0.07692
0.67911,0.40755,0.07692
0.69958,0.36776,0.07692
0.72005,0.32477,0.07692
0.74053,0.2786,0.07692
0.761,0.22925,0.07692
0.78147,0.17671,0.07692
0.80194,0.121,0.07692
0.82241,0.06209,0.07692
0.84288,0.0,0.07692
0.04733,0.0,0.10256
0.06854,0.20744,0.10256
0.08975,0.3744,0.10256
0.11096,0.504,0.10256
0.13217,0.59936,0.10256
0.15338,0.66361,0.10256
0.17459,0.69986,0.10256
0.1958,0.71125,0.10256
0.21592,0.71125,0.10256
0.23603,0.71125,0.10256
0.25615,0.71125,0.10256
0.27626,0.71125,0.10256
0.29638,0.71125,0.10256
0.31649,0.71125,0.10256
0.33661,0.71125,0.10256
0.35672,0.71125,0.10256
0.37684,0.71125,0.10256
0.39695,0.71125,0.10256
0.41707,0.71125,0.10256
0.43719,0.71125,0.10256
0.45821,0.70947,0.10256
0.47923,0.70414,0.10256
0.50025,0.69525,0.10256
0.52128,0.6828,0.10256
0.5423,0.6668,0.10256
0.56332,0.64724,0.10256
0.58434,0.62412,0.10256
0.60537,0.59745,0.10256
0.62639,0.56722,0.10256
0.64741,0.53344,0.10256
0.66843,0.4961,0.10256
0.68946,0.45521,0.10256
0.71048,0.41075,0.10256
0.7315,0.36273,0.10256
0.75252,0.31117,0.10256
0.77355,0.25605,0.10256
0.79457,0.19738,0.10256
0.81559,0.13514,0.10256
0.83661,0.06935,0.10256
0.85764,0.0,0.10256
0.03994,0.0,0.12821
0.06138,0.2166,0.12821
0.08281,0.39315,0.12821
0.10425,0.53212,0.12821
0.12568,0.63593,0.12821
0.14712,0.70706,0.12821
0.16856,0.74794,0.12821
0.18999,0.76102,0.12821
0.21089,0.76102,0.12821
0.23178,0.76102,0.12821
0.25268,0.76102,0.12821
0.27357,0.76102,0.12821
0.29447,0.76102,0.12821
0.31536,0.76102,0.12821
0.33626,0.76102,0.12821
0.35715,0.76102,0.12821
0.37805,0.76102,0.12821
0.39894,0.76102,0.12821
0.41984,0.76102,0.12821
0.44073,0.76102,0.12821
0.46223,0.75911,0.12821
0.48372,0.75341,0.12821
0.50522,0.74389,0.12821
0.52671,0.73058,0.12821
0.54821,0.71345,0.12821
0.5697,0.69252,0.12821
0.5912,0.66779,0.12821
0.61269,0.63926,0.12821
0.63419,0.60691,0.12821
0.65568,0.57076,0.12821
0.67718,0.53081,0.12821
0.69867,0.48705,0.12821
0.72017,0.43949,0.12821
0.74167,0.38812,0.12821
0.76316,0.33294,0.12821
0.78466,0.27397,0.12821
0.80615,0.21118,0.12821
0.82765,0.14459,0.12821
0.84914,0.0742,0.12821
0.87064,0.0,0.12821
0.03326,0.0,0.15385
0.05487,0.22487,0.15385
0.07648,0.40935,0.15385
0.09809,0.55557,0.15385
0.1197,0.66563,0.15385
0.14131,0.74164,0.15385
0.16292,0.78569,0.15385
0.18453,0.79991,0.15385
0.20616,0.79991,0.15385
0.22779,0.79991,0.15385
0.24943,0.79991,0.15385
0.27106,0.79991,0.15385
0.29269,0.79991,0.15385
0.31432,0.79991,0.15385
0.33595,0.79991,0.15385
0.35758,0.79991,0.15385
0.37921,0.79991,0.15385
0.40084,0.79991,0.15385
0.42247,0.79991,0.15385
0.4441,0.79991,0.15385
0.46602,0.79791,0.15385
0.48793,0.79191,0.15385
0.50985,0.78191,0.15385
0.53176,0.76791,0.15385
0.55368,0.74991,0.15385
0.57559,0.72792,0.15385
0.59751,0.70192,0.15385
0.61942,0.67192,0.15385
0.64133,0.63793,0.15385
0.66325,0.59993,0.15385
0.68516,0.55794,0.15385
0.70708,0.51195,0.15385
0.72899,0.46195,0.15385
0.75091,0.40795,0.15385
0.77282,0.34996,0.15385
0.79473,0.28796,0.15385
0.81665,0.22197,0.15385
0.83856,0.15198,0.15385
0.86048,0.07799,0.15385
0.88239,0.0,0.15385
0.02711,0.0,0.17948
0.04887,0.23265,0.17948
0.07063,0.42407,0.17948
0.09239,0.57624,0.17948
0.11415,0.69115,0.17948
0.13591,0.77077,0.17948
0.15767,0.81709,0.17948
0.17943,0.83209,0.17948
0.20175,0.83209,0.17948
0.22408,0.83209,0.17948
0.2464,0.83209,0.17948
0.26872,0.83209,0.17948
0.29104,0.83209,0.17948
0.31337,0.83209,0.17948
0.33569,0.83209,0.17948
0.35801,0.83209,0.17948
0.38033,0.83209,0.17948
0.40266,0.83209,0.17948
0.42498,0.83209,0.17948
0.4473,0.83209,0.17948
0.4696,0.83001,0.17948
0.49189,0.82377,0.17948
0.51419,0.81336,0.17948
0.53648,0.7988,0.17948
0.55878,0.78008,0.17948
0.58107,0.7572,0.17948
0.60337,0.73015,0.17948
0.62566,0.69895,0.17948
0.64796,0.66358,0.17948
0.67025,0.62407,0.17948
0.69255,0.58038,0.17948
0.71484,0.53253,0.17948
0.73714,0.48052,0.17948
0.75943,0.42436,0.17948
0.78173,0.36403,0.17948
0.80402,0.29955,0.17948
0.82632,0.23091,0.17948
0.84861,0.15809,0.17948
0.87091,0.08113,0.17948
0.8932,0.0,0.17948
0.0214,0.0,0.20513
0.04694,0.27602,0.20513
0.07249,0.49466,0.20513
0.09804,0.6591,0.20513
0.12358,0.77258,0.20513
0.14913,0.83831,0.20513
0.17468,0.8595,0.20513
0.19588,0.8595,0.20513
0.21709,0.8595,0.20513
0.23829,0.8595,0.20513
0.25949,0.8595,0.20513
0.2807,0.8595,0.20513
0.3019,0.8595,0.20513
0.3231,0.8595,0.20513
0.34431,0.8595,0.20513
0.36551,0.8595,0.20513
0.38672,0.8595,0.20513
0.40792,0.8595,0.20513
0.42912,0.8595,0.20513
0.45033,0.8595,0.20513
0.47297,0.85736,0.20513
0.49562,0.85091,0.20513
0.51827,0.84017,0.20513
0.54091,0.82512,0.20513
0.56356,0.80579,0.20513
0.58621,0.78215,0.20513
0.60885,0.75422,0.20513
0.6315,0.72198,0.20513
0.65415,0.68545,0.20513
0.67679,0.64463,0.20513
0.69944,0.59951,0.20513
0.72209,0.55009,0.20513
0.74474,0.49636,0.20513
0.76738,0.43835,0.20513
0.79003,0.37604,0.20513
0.81268,0.30943,0.20513
0.83532,0.23851,0.20513
0.85797,0.1633,0.20513
0.88062,0.0838,0.20513
0.90326,0.0,0.20513
0.01602,0.0,0.23077
0.04173,0.28454,0.23077
0.06744,0.50946,0.23077
0.09315,0.67827,0.23077
0.11886,0.7945,0.23077
0.14457,0.86165,0.23077
0.17028,0.88326,0.23077
0.19204,0.88326,0.23077
0.21381,0.88326,0.23077
0.23557,0.88326,0.23077
0.25733,0.88326,0.23077
0.27909,0.88326,0.23077
0.30085,0.88326,0.23077
0.32261,0.88326,0.23077
0.34437,0.88326,0.23077
0.36613,0.88326,0.23077
0.38789,0.88326,0.23077
0.40965,0.88326,0.23077
0.43142,0.88326,0.23077
0.45318,0.88326,0.23077
0.47615,0.88105,0.23077
0.49913,0.87443,0.23077
0.52211,0.86339,0.23077
0.54508,0.84793,0.23077
0.56806,0.82806,0.23077
0.59104,0.80376,0.23077
0.61401,0.77506,0.23077
0.63699,0.74195,0.23077
0.65997,0.7044,0.23077
0.68294,0.66245,0.23077
0.70592,0.61607,0.23077
0.7289,0.56529,0.23077
0.75187,0.51008,0.23077
0.77485,0.45047,0.23077
0.79783,0.38642,0.23077
0.82081,0.31798,0.23077
0.84378,0.2451,0.23077
0.86676,0.16782,0.23077
0.88974,0.08611,0.23077
0.91271,0.0,0.23077
0.01094,0.0,0.25641
0.03683,0.29303,0.25641
0.06271,0.52375,0.25641
0.08859,0.69618,0.25641
0.11448,0.81435,0.25641
0.14036,0.88229,0.25641
0.16624,0.90404,0.25641
0.18852,0.90404,0.25641
0.2108,0.90404,0.25641
0.23308,0.90404,0.25641
0.25535,0.90404,0.25641
0.27763,0.90404,0.25641
0.29991,0.90404,0.25641
0.32219,0.90404,0.25641
0.34446,0.90404,0.25641
0.36674,0.90404,0.25641
0.38902,0.90404,0.25641
0.4113,0.90404,0.25641
0.43357,0.90404,0.25641
0.45585,0.90404,0.25641
0.47914,0.90179,0.25641
0.50243,0.895,0.25641
0.52572,0.88371,0.25641
0.54901,0.86788,0.25641
0.5723,0.84754,0.25641
0.59559,0.82268,0.25641
0.61888,0.7933,0.25641
0.64217,0.7594,0.25641
0.66546,0.72097,0.25641
0.68875,0.67804,0.25641
0.71204,0.63058,0.25641
0.73533,0.57859,0.25641
0.75862,0.52209,0.25641
0.78191,0.46106,0.25641
0.8052,0.39552,0.25641
0.82849,0.32546,0.25641
0.85178,0.25088,0.25641
0.87507,0.17177,0.25641
0.89836,0.08815,0.25641
0.92165,0.0,0.25641
0.00816,0.0,0.28205
0.03389,0.29855,0.28205
0.05963,0.53382,0.28205
0.08536,0.70981,0.28205
0.11109,0.83055,0.28205
0.13682,0.90005,0.28205
0.16255,0.92233,0.28205
0.18531,0.92233,0.28205
0.20806,0.92233,0.28205
0.23082,0.92233,0.28205
0.25357,0.92233,0.28205
0.27632,0.92233,0.28205
0.29908,0.92233,0.28205
0.32183,0.92233,0.28205
0.34459,0.92233,0.28205
0.36734,0.92233,0.28205
0.39009,0.92233,0.28205
0.41285,0.92233,0.28205
0.4356,0.92233,0.28205
0.45835,0.92233,0.28205
0.48194,0.92002,0.28205
0.50553,0.91311,0.28205
0.52912,0.90157,0.28205
0.55271,0.88544,0.28205
0.5763,0.86469,0.28205
0.59989,0.83932,0.28205
0.62348,0.80935,0.28205
0.64707,0.77476,0.28205
0.67066,0.73555,0.28205
0.69425,0.69175,0.28205
0.71784,0.64333,0.28205
0.74143,0.59029,0.28205
0.76502,0.53264,0.28205
0.78861,0.47038,0.28205
0.8122,0.40352,0.28205
0.83579,0.33204,0.28205
0.85938,0.25595,0.28205
0.88297,0.17524,0.28205
0.90656,0.08993,0.28205
0.93015,0.0,0.28205
0.0061,0.0,0.30769
0.03162,0.30333,0.30769
0.05714,0.54259,0.30769
0.08266,0.72174,0.30769
0.10818,0.84478,0.30769
0.1337,0.91569,0.30769
0.15922,0.93844,0.30769
0.18241,0.93844,0.30769
0.2056,0.93844,0.30769
0.22879,0.93844,0.30769
0.25198,0.93844,0.30769
0.27517,0.93844,0.30769
0.29836,0.93844,0.30769
0.32155,0.93844,0.30769
0.34474,0.93844,0.30769
0.36792,0.93844,0.30769
0.39111,0.93844,0.30769
0.4143,0.93844,0.30769
0.43749,0.93844,0.30769
0.46068,0.93844,0.30769
0.48456,0.93609,0.30769
0.50844,0.92905,0.30769
0.53232,0.91733,0.30769
0.5562,0.9009,0.30769
0.58008,0.87979,0.30769
0.60396,0.85398,0.30769
0.62784,0.82348,0.30769
0.65172,0.78829,0.30769
0.6756,0.74841,0.30769
0.69948,0.70382,0.30769
0.72336,0.65456,0.30769
0.74724,0.6006,0.30769
0.77112,0.54195,0.30769
0.795,0.47861,0.30769
0.81888,0.41057,0.30769
0.84276,0.33784,0.30769
0.86664,0.26042,0.30769
0.89051,0.1783,0.30769
0.91439,0.09149,0.30769
0.93827,0.0,0.30769
0.00433,0.0,0.33333
0.02965,0.308,0.33333
0.05497,0.55089,0.33333
0.08028,0.73274,0.33333
0.1056,0.85761,0.33333
0.13092,0.92954,0.33333
0.15624,0.95262,0.33333
0.17982,0.95262,0.33333
0.20341,0.95262,0.33333
0.22699,0.95262,0.33333
0.25058,0.95262,0.33333
0.27416,0.95262,0.33333
0.29774,0.95262,0.33333
0.32133,0.95262,0.33333
0.34491,0.95262,0.33333
0.3685,0.95262,0.33333
0.39208,0.95262,0.33333
0.41567,0.95262,0.33333
0.43925,0.95262,0.33333
0.46284,0.95262,0.33333
0.487,0.95025,0.33333
0.51116,0.9431,0.33333
0.53532,0.93119,0.33333
0.55948,0.91452,0.33333
0.58364,0.89308,0.33333
0.60781,0.86689,0.33333
0.63197,0.83593,0.33333
0.65613,0.80021,0.33333
0.68029,0.75972,0.33333
0.70445,0.71447,0.33333
0.72861,0.66446,0.33333
0.75277,0.60968,0.33333
0.77693,0.55014,0.33333
0.8011,0.48584,0.33333
0.82526,0.41678,0.33333
0.84942,0.34294,0.33333
0.87358,0.26435,0.33333
0.89774,0.18099,0.33333
0.9219,0.09288,0.33333
0.94606,0.0,0.33333
0.00286,0.0,0.35898
0.02799,0.31256,0.35898
0.05311,0.55878,0.35898
0.07824,0.74289,0.35898
0.10336,0.86916,0.35898
0.12849,0.9418,0.35898
0.15361,0.96508,0.35898
0.17755,0.96508,0.35898
0.20149,0.96508,0.35898
0.22543,0.96508,0.35898
0.24937,0.96508,0.35898
0.2733,0.96508,0.35898
0.29724,0.96508,0.35898
0.32118,0.96508,0.35898
0.34512,0.96508,0.35898
0.36906,0.96508,0.35898
0.393,0.96508,0.35898
0.41694,0.96508,0.35898
0.44088,0.96508,0.35898
0.46482,0.96508,0.35898
0.48925,0.96266,0.35898
0.51369,0.95543,0.35898
0.53813,0.94336,0.35898
0.56257,0.92648,0.35898
0.587,0.90476,0.35898
0.61144,0.87822,0.35898
0.63588,0.84685,0.35898
0.66031,0.81067,0.35898
0.68475,0.76965,0.35898
0.70919,0.72381,0.35898
0.73363,0.67314,0.35898
0.75806,0.61765,0.35898
0.7825,0.55733,0.35898
0.80694,0.49219,0.35898
0.83137,0.42222,0.35898
0.85581,0.34743,0.35898
0.88025,0.26781,0.35898
0.90469,0.18337,0.35898
0.92912,0.09409,0.35898
0.95356,0.0,0.35898
0.0017,0.0,0.38462
0.02664,0.31704,0.38462
0.05158,0.5663,0.38462
0.07652,0.75229,0.38462
0.10146,0.87955,0.38462
0.1264,0.95259,0.38462
0.15134,0.97593,0.38462
0.17559,0.97593,0.38462
0.19984,0.97593,0.38462
0.2241,0.97593,0.38462
0.24835,0.97593,0.38462
0.2726,0.97593,0.38462
0.29685,0.97593,0.38462
0.32111,0.97593,0.38462
0.34536,0.97593,0.38462
0.36961,0.97593,0.38462
0.39386,0.97593,0.38462
0.41812,0.97593,0.38462
0.44237,0.97593,0.38462
0.46662,0.97593,0.38462
0.49133,0.97349,0.38462
0.51604,0.96617,0.38462
0.54075,0.95397,0.38462
0.56546,0.93689,0.38462
0.59017,0.91493,0.38462
0.61487,0.8881,0.38462
0.63958,0.85638,0.38462
0.66429,0.81978,0.38462
0.689,0.77831,0.38462
0.71371,0.73194,0.38462
0.73842,0.68071,0.38462
0.76313,0.62459,0.38462
0.78783,0.5636,0.38462
0.81254,0.49773,0.38462
0.83725,0.42697,0.38462
0.86196,0.35134,0.38462
0.88667,0.27083,0.38462
0.91138,0.18543,0.38462
0.93608,0.09516,0.38462
0.96079,0.0,0.38462
0.00083,0.0,0.41025
0.0256,0.32144,0.41025
0.05036,0.57348,0.41025
0.07512,0.76099,0.41025
0.09989,0.88887,0.41025
0.12465,0.96201,0.41025
0.14942,0.9853,0.41025
0.17394,0.9853,0.41025
0.19847,0.9853,0.41025
0.223,0.9853,0.41025
0.24752,0.9853,0.41025
0.27205,0.9853,0.41025
0.29657,0.9853,0.41025
0.3211,0.9853,0.41025
0.34563,0.9853,0.41025
0.37015,0.9853,0.41025
0.39468,0.9853,0.41025
0.4192,0.9853,0.41025
0.44373,0.9853,0.41025
0.46825,0.9853,0.41025
0.49323,0.98284,0.41025
0.51821,0.97545,0.41025
0.54319,0.96314,0.41025
0.56816,0.94589,0.41025
0.59314,0.92372,0.41025
0.61812,0.89662,0.41025
0.64309,0.8646,0.41025
0.66807,0.82765,0.41025
0.69305,0.78577,0.41025
0.71802,0.73897,0.41025
0.743,0.68725,0.41025
0.76798,0.6306,0.41025
0.79295,0.56901,0.41025
0.81793,0.50251,0.41025
0.84291,0.43107,0.41025
0.86788,0.35471,0.41025
0.89286,0.27342,0.41025
0.91784,0.1872,0.41025
0.94281,0.09606,0.41025
0.96779,0.0,0.41025
0.00027,0.0,0.4359
0.02486,0.32579,0.4359
0.04946,0.58034,0.4359
0.07406,0.76902,0.4359
0.09866,0.89717,0.4359
0.12325,0.97014,0.4359
0.14785,0.99328,0.4359
0.17261,0.99328,0.4359
0.19737,0.99328,0.4359
0.22213,0.99328,0.4359
0.24689,0.99328,0.4359
0.27165,0.99328,0.4359
0.2964,0.99328,0.4359
0.32116,0.99328,0.4359
0.34592,0.99328,0.4359
0.37068,0.99328,0.4359
0.39544,0.99328,0.4359
0.4202,0.99328,0.4359
0.44495,0.99328,0.4359
0.46971,0.99328,0.4359
0.49496,0.9908,0.4359
0.5202,0.98335,0.4359
0.54544,0.97093,0.4359
0.57068,0.95355,0.4359
0.59593,0.9312,0.4359
0.62117,0.90388,0.4359
0.64641,0.87161,0.4359
0.67166,0.83435,0.4359
0.6969,0.79214,0.4359
0.72214,0.74496,0.4359
0.74738,0.69281,0.4359
0.77263,0.6357,0.4359
0.79787,0.57363,0.4359
0.82311,0.50658,0.4359
0.84836,0.43456,0.4359
0.8736,0.35758,0.4359
0.89884,0.27564,0.4359
0.92408,0.18873,0.4359
0.94933,0.09685,0.4359
0.97457,0.0,0.4359
0.0,0.0,0.46154
0.02933,0.3871,0.46154
0.05866,0.67048,0.46154
0.08798,0.86029,0.46154
0.11731,0.96673,0.46154
0.14664,0.99995,0.46154
0.16981,0.99995,0.46154
0.19298,0.99995,0.46154
0.21615,0.99995,0.46154
0.23931,0.99995,0.46154
0.26248,0.99995,0.46154
0.28565,0.99995,0.46154
0.30882,0.99995,0.46154
0.33199,0.99995,0.46154
0.35516,0.99995,0.46154
0.37832,0.99995,0.46154
0.40149,0.99995,0.46154
0.42466,0.99995,0.46154
0.44783,0.99995,0.46154
0.471,0.99995,0.46154
0.49642,0.99744,0.46154
0.52184,0.98995,0.46154
0.54727,0.97745,0.46154
0.57269,0.95996,0.46154
0.59811,0.93748,0.46154
0.62353,0.90999,0.46154
0.64896,0.8775,0.46154
0.67438,0.84002,0.46154
0.6998,0.79754,0.46154
0.72523,0.75006,0.46154
0.75065,0.69759,0.46154
0.77607,0.64012,0.46154
0.80149,0.57765,0.46154
0.82692,0.51018,0.46154
0.85234,0.43772,0.46154
0.87776,0.36025,0.46154
0.90319,0.27779,0.46154
0.92861,0.19034,0.46154
0.95403,0.09787,0.46154
0.97945,0.00043,0.46154
4e-05,0.0,0.48718
0.02918,0.39189,0.48718
0.05833,0.67713,0.48718
0.08748,0.86696,0.48718
0.11663,0.97262,0.48718
0.14578,1.0,0.48718
0.16909,1.0,0.48718
0.1924,1.0,0.48718
0.21571,1.0,0.48718
0.23902,1.0,0.48718
0.26233,1.0,0.48718
0.28564,1.0,0.48718
0.30895,1.0,0.48718
0.33225,1.0,0.48718
0.35556,1.0,0.48718
0.37887,1.0,0.48718
0.40218,1.0,0.48718
0.42549,1.0,0.48718
0.4488,1.0,0.48718
0.47211,1.0,0.48718
0.49752,1.0,0.48718
0.52294,0.99537,0.48718
0.54836,0.9829,0.48718
0.57377,0.96546,0.48718
0.59919,0.94302,0.48718
0.6246,0.9156,0.48718
0.65002,0.88319,0.48718
0.67544,0.8458,0.48718
0.70085,0.80342,0.48718
0.72627,0.75606,0.48718
0.75169,0.70372,0.48718
0.7771,0.64638,0.48718
0.80252,0.58406,0.48718
0.82794,0.51676,0.48718
0.85335,0.44447,0.48718
0.87877,0.36719,0.48718
0.90418,0.28493,0.48718
0.9296,0.19768,0.48718
0.95502,0.10545,0.48718
0.98043,0.00823,0.48718
0.00037,0.0,0.51282
0.02935,0.3966,0.51282
0.05833,0.68341,0.51282
0.08732,0.87287,0.51282
0.1163,0.97742,0.51282
0.14528,1.0,0.51282
0.16869,1.0,0.51282
0.1921,1.0,0.51282
0.21552,1.0,0.51282
0.23893,1.0,0.51282
0.26234,1.0,0.51282
0.28575,1.0,0.51282
0.30916,1.0,0.51282
0.33257,1.0,0.51282
0.35598,1.0,0.51282
0.3794,1.0,0.51282
0.40281,1.0,0.51282
0.42622,1.0,0.51282
0.44963,1.0,0.51282
0.47304,1.0,0.51282
0.49846,1.0,0.51282
0.52388,0.99973,0.51282
0.5493,0.98752,0.51282
0.57472,0.97042,0.51282
0.60014,0.94844,0.51282
0.62555,0.92157,0.51282
0.65097,0.8898,0.51282
0.67639,0.85316,0.51282
0.70181,0.81162,0.51282
0.72723,0.76521,0.51282
0.75265,0.71391,0.51282
0.77806,0.65773,0.51282
0.80348,0.59664,0.51282
0.8289,0.53069,0.51282
0.85432,0.45984,0.51282
0.87974,0.38411,0.51282
0.90516,0.30349,0.51282
0.93057,0.21799,0.51282
0.95599,0.1276,0.51282
0.98141,0.03233,0.51282
0.001,0.0,0.53846
0.02983,0.40124,0.53846
0.05865,0.68932,0.53846
0.08748,0.87804,0.53846
0.1163,0.98117,0.53846
0.14513,1.0,0.53846
0.16861,1.0,0.53846
0.19208,1.0,0.53846
0.21556,1.0,0.53846
0.23904,1.0,0.53846
0.26251,1.0,0.53846
0.28599,1.0,0.53846
0.30947,1.0,0.53846
0.33294,1.0,0.53846
0.35642,1.0,0.53846
0.3799,1.0,0.53846
0.40338,1.0,0.53846
0.42685,1.0,0.53846
0.45033,1.0,0.53846
0.47381,1.0,0.53846
0.49923,1.0,0.53846
0.52466,1.0,0.53846
0.55009,0.99143,0.53846
0.57552,0.97506,0.53846
0.60095,0.954,0.53846
0.62638,0.92826,0.53846
0.65181,0.89785,0.53846
0.67724,0.86276,0.53846
0.70267,0.82299,0.53846
0.7281,0.77853,0.53846
0.75353,0.72941,0.53846
0.77896,0.6756,0.53846
0.80439,0.6171,0.53846
0.82981,0.55394,0.53846
0.85524,0.48609,0.53846
0.88067,0.41357,0.53846
0.9061,0.33636,0.53846
0.93153,0.25448,0.53846
0.95696,0.16791,0.53846
0.98239,0.07668,0.53846
0.00194,0.0,0.5641
0.03062,0.4058,0.5641
0.0593,0.69488,0.5641
0.08798,0.88249,0.5641
0.11665,0.98388,0.5641
0.14533,1.0,0.5641
0.16884,1.0,0.5641
0.19234,1.0,0.5641
0.21585,1.0,0.5641
0.23935,1.0,0.5641
0.26285,1.0,0.5641
0.28636,1.0,0.5641
0.30986,1.0,0.5641
0.33337,1.0,0.5641
0.35687,1.0,0.5641
0.38038,1.0,0.5641
0.40388,1.0,0.5641
0.42738,1.0,0.5641
0.45089,1.0,0.5641
0.47439,1.0,0.5641
0.49984,1.0,0.5641
0.52529,1.0,0.5641
0.55074,0.9942,0.5641
0.57619,0.97856,0.5641
0.60164,0.95846,0.5641
0.62709,0.9339,0.5641
0.65253,0.90486,0.5641
0.67798,0.87138,0.5641
0.70343,0.83341,0.5641
0.72888,0.79098,0.5641
0.75433,0.74409,0.5641
0.77978,0.69273,0.5641
0.80523,0.63689,0.5641
0.83068,0.5766,0.5641
0.85612,0.51184,0.5641
0.88157,0.44262,0.5641
0.90702,0.36892,0.5641
0.93247,0.29076,0.5641
0.95792,0.20813,0.5641
0.98337,0.12104,0.5641
0.00317,0.0,0.58975
0.03172,0.41028,0.58975
0.06026,0.70008,0.58975
0.0888,0.88622,0.58975
0.11735,0.98557,0.58975
0.14589,1.0,0.58975
0.16938,1.0,0.58975
0.19288,1.0,0.58975
0.21637,1.0,0.58975
0.23987,1.0,0.58975
0.26336,1.0,0.58975
0.28686,1.0,0.58975
0.31035,1.0,0.58975
0.33384,1.0,0.58975
0.35734,1.0,0.58975
0.38083,1.0,0.58975
0.40433,1.0,0.58975
0.42782,1.0,0.58975
0.45131,1.0,0.58975
0.47481,1.0,0.58975
0.50028,1.0,0.58975
0.52576,1.0,0.58975
0.55124,0.99582,0.58975
0.57672,0.98096,0.58975
0.60219,0.96185,0.58975
0.62767,0.93848,0.58975
0.65315,0.91087,0.58975
0.67862,0.87901,0.58975
0.7041,0.84291,0.58975
0.72958,0.80256,0.58975
0.75505,0.75795,0.58975
0.78053,0.70911,0.58975
0.80601,0.65601,0.58975
0.83148,0.59867,0.58975
0.85696,0.53708,0.58975
0.88244,0.47124,0.58975
0.90792,0.40115,0.58975
0.93339,0.32682,0.58975
0.95887,0.24823,0.58975
0.98435,0.16541,0.58975
0.00471,0.0,0.61538
0.03313,0.4147,0.61538
0.06155,0.70493,0.61538
0.08996,0.88926,0.61538
0.11838,0.98624,0.61538
0.1468,1.0,0.61538
0.17025,1.0,0.61538
0.19369,1.0,0.61538
0.21714,1.0,0.61538
0.24059,1.0,0.61538
0.26403,1.0,0.61538
0.28748,1.0,0.61538
0.31092,1.0,0.61538
0.33437,1.0,0.61538
0.35782,1.0,0.61538
0.38126,1.0,0.61538
0.40471,1.0,0.61538
0.42816,1.0,0.61538
0.4516,1.0,0.61538
0.47505,1.0,0.61538
0.50056,1.0,0.61538
0.52608,1.0,0.61538
0.55159,0.99634,0.61538
0.5771,0.98226,0.61538
0.60262,0.96416,0.61538
0.62813,0.94203,0.61538
0.65364,0.91588,0.61538
0.67916,0.8857,0.61538
0.70467,0.8515,0.61538
0.73019,0.81328,0.61538
0.7557,0.77103,0.61538
0.78121,0.72476,0.61538
0.80673,0.67447,0.61538
0.83224,0.62016,0.61538
0.85776,0.56181,0.61538
0.88327,0.49945,0.61538
0.90878,0.43307,0.61538
0.9343,0.36266,0.61538
0.95981,0.28823,0.61538
0.98533,0.20977,0.61538
0.00654,0.0,0.64102
0.03485,0.41912,0.64102
0.06315,0.70968,0.64102
0.09146,0.89204,0.64102
0.11976,0.98653,0.64102
0.14807,1.0,0.64102
0.17143,1.0,0.64102
0.19479,1.0,0.64102
0.21815,1.0,0.64102
0.24151,1.0,0.64102
0.26487,1.0,0.64102
0.28823,1.0,0.64102
0.31159,1.0,0.64102
0.33495,1.0,0.64102
0.35831,1.0,0.64102
0.38167,1.0,0.64102
0.40503,1.0,0.64102
0.42839,1.0,0.64102
0.45175,1.0,0.64102
0.47511,1.0,0.64102
0.50067,1.0,0.64102
0.52623,1.0,0.64102
0.55179,0.99642,0.64102
0.57735,0.98313,0.64102
0.60291,0.96604,0.64102
0.62847,0.94517,0.64102
0.65403,0.92048,0.64102
0.67959,0.89201,0.64102
0.70515,0.85974,0.64102
0.73071,0.82366,0.64102
0.75627,0.78379,0.64102
0.78183,0.74013,0.64102
0.80739,0.69267,0.64102
0.83295,0.64142,0.64102
0.85851,0.58636,0.64102
0.88407,0.52751,0.64102
0.90962,0.46486,0.64102
0.93518,0.39842,0.64102
0.96074,0.32817,0.64102
0.9863,0.25414,0.64102
0.00868,0.0,0.66667
0.03688,0.42358,0.66667
0.06508,0.71449,0.66667
0.09328,0.89485,0.66667
0.12149,0.98684,0.66667
0.14969,1.0,0.66667
0.17292,1.0,0.66667
0.19616,1.0,0.66667
0.2194,1.0,0.66667
0.24264,1.0,0.66667
0.26587,1.0,0.66667
0.28911,1.0,0.66667
0.31235,1.0,0.66667
0.33558,1.0,0.66667
0.35882,1.0,0.66667
0.38206,1.0,0.66667
0.40529,1.0,0.66667
0.42853,1.0,0.66667
0.45177,1.0,0.66667
0.47501,1.0,0.66667
0.50062,1.0,0.66667
0.52623,1.0,0.66667
0.55185,0.9965,0.66667
0.57746,0.984,0.66667
0.60307,0.96794,0.66667
0.62869,0.9483,0.66667
0.6543,0.92509,0.66667
0.67992,0.89831,0.66667
0.70553,0.86797,0.66667
0.73114,0.83406,0.66667
0.75676,0.79656,0.66667
0.78237,0.7555,0.66667
0.80799,0.71088,0.66667
0.8336,0.66268,0.66667
0.85921,0.6109,0.66667
0.88483,0.55556,0.66667
0.91044,0.49665,0.66667
0.93605,0.43417,0.66667
0.96167,0.36812,0.66667
0.98728,0.2985,0.66667
0.01111,0.0,0.69231
0.03922,0.42811,0.69231
0.06733,0.71935,0.69231
0.09544,0.89771,0.69231
0.12355,0.98714,0.69231
0.15166,1.0,0.69231
0.17651,1.0,0.69231
0.20136,1.0,0.69231
0.22621,1.0,0.69231
0.25106,1.0,0.69231
0.27592,1.0,0.69231
0.30077,1.0,0.69231
0.32562,1.0,0.69231
0.35047,1.0,0.69231
0.37532,1.0,0.69231
0.40017,1.0,0.69231
0.42502,1.0,0.69231
0.44987,1.0,0.69231
0.47472,1.0,0.69231
0.49918,1.0,0.69231
0.52363,1.0,0.69231
0.54809,0.99798,0.69231
0.57254,0.98736,0.69231
0.59699,0.9737,0.69231
0.62145,0.95702,0.69231
0.6459,0.93731,0.69231
0.67036,0.91455,0.69231
0.69481,0.88876,0.69231
0.71927,0.85995,0.69231
0.74372,0.82809,0.69231
0.76817,0.7932,0.69231
0.79263,0.75528,0.69231
0.81708,0.71433,0.69231
0.84154,0.67034,0.69231
0.86599,0.62331,0.69231
0.89044,0.57326,0.69231
0.9149,0.52017,0.69231
0.93935,0.46405,0.69231
0.96381,0.40489,0.69231
0.98826,0.3427,0.69231
0.01385,0.0,0.71795
0.04188,0.43267,0.71795
0.0699,0.72426,0.71795
0.09793,0.90059,0.71795
0.12596,0.98746,0.71795
0.15399,1.0,0.71795
0.17862,1.0,0.71795
0.20326,1.0,0.71795
0.2279,1.0,0.71795
0.25253,1.0,0.71795
0.27717,1.0,0.71795
0.30181,1.0,0.71795
0.32645,1.0,0.71795
0.35108,1.0,0.71795
0.37572,1.0,0.71795
0.40036,1.0,0.71795
0.42499,1.0,0.71795
0.44963,1.0,0.71795
0.47427,1.0,0.71795
0.49879,1.0,0.71795
0.52331,1.0,0.71795
0.54783,0.99758,0.71795
0.57236,0.98739,0.71795
0.59688,0.97429,0.71795
0.6214,0.95827,0.71795
0.64592,0.93934,0.71795
0.67045,0.91751,0.71795
0.69497,0.89275,0.71795
0.71949,0.86508,0.71795
0.74401,0.83451,0.71795
0.76854,0.80103,0.71795
0.79306,0.76462,0.71795
0.81758,0.72531,0.71795
0.8421,0.68309,0.71795
0.86663,0.63795,0.71795
0.89115,0.5899,0.71795
0.91567,0.53895,0.71795
0.94019,0.48507,0.71795
0.96472,0.42828,0.71795
0.98924,0.36859,0.71795
0.01688,0.0,0.74359
0.04484,0.43728,0.74359
0.0728,0.72923,0.74359
0.10075,0.90351,0.74359
0.12871,0.9878,0.74359
0.15667,1.0,0.74359
0.18105,1.0,0.74359
0.20543,1.0,0.74359
0.22981,1.0,0.74359
0.2542,1.0,0.74359
0.27858,1.0,0.74359
0.30296,1.0,0.74359
0.32734,1.0,0.74359
0.35173,1.0,0.74359
0.37611,1.0,0.74359
0.40049,1.0,0.74359
0.42487,1.0,0.74359
0.44926,1.0,0.74359
0.47364,1.0,0.74359
0.49824,1.0,0.74359
0.52284,1.0,0.74359
0.54743,0.99691,0.74359
0.57203,0.98692,0.74359
0.59663,0.97408,0.74359
0.62123,0.95838,0.74359
0.64583,0.93983,0.74359
0.67043,0.91842,0.74359
0.69503,0.89417,0.74359
0.71963,0.86705,0.74359
0.74423,0.83709,0.74359
0.76883,0.80426,0.74359
0.79342,0.76859,0.74359
0.81802,0.73007,0.74359
0.84262,0.68868,0.74359
0.86722,0.64444,0.74359
0.89182,0.59736,0.74359
0.91642,0.54741,0.74359
0.94102,0.49462,0.74359
0.96562,0.43896,0.74359
0.99022,0.38046,0.74359
0.02022,0.0,0.76923
0.04812,0.44194,0.76923
0.07601,0.73424,0.76923
0.10391,0.90647,0.76923
0.13181,0.98815,0.76923
0.1597,1.0,0.76923
0.18379,1.0,0.76923
0.20788,1.0,0.76923
0.23196,1.0,0.76923
0.25605,1.0,0.76923
0.28014,1.0,0.76923
0.30423,1.0,0.76923
0.32831,1.0,0.76923
0.3524,1.0,0.76923
0.37649,1.0,0.76923
0.40057,1.0,0.76923
0.42466,1.0,0.76923
0.44875,1.0,0.76923
0.47283,1.0,0.76923
0.49752,1.0,0.76923
0.5222,1.0,0.76923
0.54689,0.99607,0.76923
0.57157,0.98615,0.76923
0.59625,0.97341,0.76923
0.62094,0.95784,0.76923
0.64562,0.93944,0.76923
0.6703,0.9182,0.76923
0.69499,0.89413,0.76923
0.71967,0.86722,0.76923
0.74436,0.83749,0.76923
0.76904,0.80493,0.76923
0.79372,0.76953,0.76923
0.81841,0.7313,0.76923
0.84309,0.69024,0.76923
0.86778,0.64635,0.76923
0.89246,0.59963,0.76923
0.91714,0.55007,0.76923
0.94183,0.49768,0.76923
0.96651,0.44247,0.76923
0.99119,0.38441,0.76923
0.02385,0.0,0.79487
0.0517,0.44662,0.79487
0.07955,0.7393,0.79487
0.1074,0.90945,0.79487
0.13524,0.98851,0.79487
0.16309,1.0,0.79487
0.18684,1.0,0.79487
0.21059,1.0,0.79487
0.23434,1.0,0.79487
0.2581,1.0,0.79487
0.28185,1.0,0.79487
0.3056,1.0,0.79487
0.32935,1.0,0.79487
0.3531,1.0,0.79487
0.37685,1.0,0.79487
0.4006,1.0,0.79487
0.42435,1.0,0.79487
0.4481,1.0,0.79487
0.47186,1.0,0.79487
0.49663,1.0,0.79487
0.52141,1.0,0.79487
0.54619,0.99511,0.79487
0.57096,0.98517,0.79487
0.59574,0.97241,0.79487
0.62052,0.95681,0.79487
0.64529,0.93837,0.79487
0.67007,0.9171,0.79487
0.69485,0.89299,0.79487
0.71963,0.86604,0.79487
0.7444,0.83626,0.79487
0.76918,0.80364,0.79487
0.79396,0.76818,0.79487
0.81873,0.72989,0.79487
0.84351,0.68875,0.79487
0.86829,0.64479,0.79487
0.89306,0.59798,0.79487
0.91784,0.54835,0.79487
0.94262,0.49587,0.79487
0.9674,0.44056,0.79487
0.99217,0.38241,0.79487
0.02779,0.0,0.82052
0.0556,0.45135,0.82052
0.08341,0.74441,0.82052
0.11122,0.91247,0.82052
0.13902,0.98887,0.82052
0.16683,1.0,0.82052
0.19021,1.0,0.82052
0.21358,1.0,0.82052
0.23696,1.0,0.82052
0.26033,1.0,0.82052
0.28371,1.0,0.82052
0.30708,1.0,0.82052
0.33046,1.0,0.82052
0.35383,1.0,0.82052
0.3772,1.0,0.82052
0.40058,1.0,0.82052
0.42395,1.0,0.82052
0.44733,1.0,0.82052
0.4707,1.0,0.82052
0.49558,1.0,0.82052
0.52046,1.0,0.82052
0.54534,0.99413,0.82052
0.57022,0.98417,0.82052
0.5951,0.97136,0.82052
0.61997,0.95571,0.82052
0.64485,0.93722,0.82052
0.66973,0.91588,0.82052
0.69461,0.89169,0.82052
0.71949,0.86466,0.82052
0.74437,0.83478,0.82052
0.76924,0.80206,0.82052
0.79412,0.7665,0.82052
0.819,0.72808,0.82052
0.84388,0.68683,0.82052
0.86876,0.64272,0.82052
0.89364,0.59577,0.82052
0.91852,0.54598,0.82052
0.94339,0.49333,0.82052
0.96827,0.43785,0.82052
0.99315,0.37951,0.82052
0.03203,0.0,0.84615
0.05981,0.45612,0.84615
0.08759,0.74954,0.84615
0.11537,0.9155,0.84615
0.14315,0.98924,0.84615
0.17093,1.0,0.84615
0.19389,1.0,0.84615
0.21684,1.0,0.84615
0.2398,1.0,0.84615
0.26276,1.0,0.84615
0.28572,1.0,0.84615
0.30867,1.0,0.84615
0.33163,1.0,0.84615
0.35459,1.0,0.84615
0.37755,1.0,0.84615
0.40051,1.0,0.84615
0.42346,1.0,0.84615
0.44642,1.0,0.84615
0.46938,1.0,0.84615
0.49437,1.0,0.84615
0.51935,1.0,0.84615
0.54434,0.99315,0.84615
0.56933,0.98316,0.84615
0.59432,0.97032,0.84615
0.61931,0.95462,0.84615
0.64429,0.93606,0.84615
0.66928,0.91465,0.84615
0.69427,0.89039,0.84615
0.71926,0.86328,0.84615
0.74425,0.83331,0.84615
0.76924,0.80048,0.84615
0.79422,0.7648,0.84615
0.81921,0.72627,0.84615
0.8442,0.68489,0.84615
0.86919,0.64064,0.84615
0.89418,0.59354,0.84615
0.91917,0.5436,0.84615
0.94415,0.49079,0.84615
0.96914,0.43513,0.84615
0.99413,0.37662,0.84615
0.03656,0.0,0.87179
0.06433,0.46092,0.87179
0.09209,0.75472,0.87179
0.11985,0.91856,0.87179
0.14762,0.98963,0.87179
0.17538,1.0,0.87179
0.19975,1.0,0.87179
0.22413,1.0,0.87179
0.2485,1.0,0.87179
0.27288,1.0,0.87179
0.29725,1.0,0.87179
0.32163,1.0,0.87179
0.346,1.0,0.87179
0.37038,1.0,0.87179
0.39475,1.0,0.87179
0.41913,1.0,0.87179
0.4435,1.0,0.87179
0.46788,1.0,0.87179
0.49184,1.0,0.87179
0.51581,0.99984,0.87179
0.53977,0.99331,0.87179
0.56374,0.98418,0.87179
0.5877,0.97245,0.87179
0.61167,0.9581,0.87179
0.63563,0.94114,0.87179
0.6596,0.92158,0.87179
0.68356,0.8994,0.87179
0.70753,0.87462,0.87179
0.73149,0.84722,0.87179
0.75546,0.81722,0.87179
0.77942,0.78461,0.87179
0.80339,0.74939,0.87179
0.82735,0.71157,0.87179
0.85132,0.67113,0.87179
0.87528,0.62808,0.87179
0.89925,0.58243,0.87179
0.92321,0.53416,0.87179
0.94718,0.48329,0.87179
0.97114,0.42981,0.87179
0.99511,0.37373,0.87179
0.0414,0.0,0.89744
0.06915,0.46574,0.89744
0.09691,0.75992,0.89744
0.12467,0.92165,0.89744
0.15243,0.99001,0.89744
0.18018,1.0,0.89744
0.20402,1.0,0.89744
0.22785,1.0,0.89744
0.25169,1.0,0.89744
0.27552,1.0,0.89744
0.29936,1.0,0.89744
0.32319,1.0,0.89744
0.34703,1.0,0.89744
0.37086,1.0,0.89744
0.3947,1.0,0.89744
0.41853,1.0,0.89744
0.44237,1.0,0.89744
0.4662,1.0,0.89744
0.49029,1.0,0.89744
0.51437,0.99888,0.89744
0.53846,0.99234,0.89744
0.56255,0.98318,0.89744
0.58663,0.9714,0.89744
0.61072,0.95701,0.89744
0.6348,0.94,0.89744
0.65889,0.92037,0.89744
0.68297,0.89813,0.89744
0.70706,0.87327,0.89744
0.73114,0.84579,0.89744
0.75523,0.8157,0.89744
0.77932,0.78298,0.89744
0.8034,0.74766,0.89744
0.82749,0.70971,0.89744
0.85157,0.66916,0.89744
0.87566,0.62598,0.89744
0.89974,0.58019,0.89744
0.92383,0.53177,0.89744
0.94792,0.48074,0.89744
0.972,0.4271,0.89744
0.99609,0.37083,0.89744
0.04653,0.0,0.92308
0.07429,0.47058,0.92308
0.10206,0.76515,0.92308
0.12982,0.92475,0.92308
0.15758,0.9904,0.92308
0.18534,1.0,0.92308
0.20859,1.0,0.92308
0.23184,1.0,0.92308
0.25509,1.0,0.92308
0.27835,1.0,0.92308
0.3016,1.0,0.92308
0.32485,1.0,0.92308
0.3481,1.0,0.92308
0.37135,1.0,0.92308
0.3946,1.0,0.92308
0.41785,1.0,0.92308
0.4411,1.0,0.92308
0.46436,1.0,0.92308
0.48857,1.0,0.92308
0.51278,0.99792,0.92308
0.537,0.99136,0.92308
0.56121,0.98217,0.92308
0.58543,0.97036,0.92308
0.60964,0.95593,0.92308
0.63385,0.93886,0.92308
0.65807,0.91918,0.92308
0.68228,0.89687,0.92308
0.7065,0.87193,0.92308
0.73071,0.84437,0.92308
0.75492,0.81418,0.92308
0.77914,0.78136,0.92308
0.80335,0.74593,0.92308
0.82757,0.70787,0.92308
0.85178,0.66719,0.92308
0.87599,0.62387,0.92308
0.90021,0.57794,0.92308
0.92442,0.52937,0.92308
0.94864,0.47818,0.92308
0.97285,0.42437,0.92308
0.99706,0.36794,0.92308
0.05197,0.0,0.94871
0.07975,0.47544,0.94871
0.10752,0.77039,0.94871
0.1353,0.92786,0.94871
0.16308,0.99081,0.94871
0.19085,1.0,0.94871
0.21348,1.0,0.94871
0.2361,1.0,0.94871
0.25872,1.0,0.94871
0.28135,1.0,0.94871
0.30397,1.0,0.94871
0.32659,1.0,0.94871
0.34922,1.0,0.94871
0.37184,1.0,0.94871
0.39446,1.0,0.94871
0.41709,1.0,0.94871
0.43971,1.0,0.94871
0.46233,1.0,0.94871
0.48668,1.0,0.94871
0.51103,0.99696,0.94871
0.53538,0.99038,0.94871
0.55974,0.98117,0.94871
0.58409,0.96932,0.94871
0.60844,0.95484,0.94871
0.63279,0.93772,0.94871
0.65714,0.91798,0.94871
0.68149,0.8956,0.94871
0.70584,0.87059,0.94871
0.73019,0.84294,0.94871
0.75454,0.81266,0.94871
0.77889,0.77975,0.94871
0.80324,0.7442,0.94871
0.82759,0.70602,0.94871
0.85194,0.6652,0.94871
0.87629,0.62177,0.94871
0.90064,0.57568,0.94871
0.92499,0.52697,0.94871
0.94934,0.47564,0.94871
0.97369,0.42166,0.94871
0.99804,0.36505,0.94871
0.0577,0.0,0.97436
0.08551,0.48031,0.97436
0.11331,0.77566,0.97436
0.14111,0.93097,0.97436
0.16892,0.9912,0.97436
0.19672,1.0,0.97436
0.21867,1.0,0.97436
0.24062,1.0,0.97436
0.26257,1.0,0.97436
0.28452,1.0,0.97436
0.30648,1.0,0.97436
0.32843,1.0,0.97436
0.35038,1.0,0.97436
0.37233,1.0,0.97436
0.39428,1.0,0.97436
0.41623,1.0,0.97436
0.43819,1.0,0.97436
0.46014,1.0,0.97436
0.48463,0.99998,0.97436
0.50913,0.99602,0.97436
0.53362,0.98941,0.97436
0.55812,0.98017,0.97436
0.58261,0.96828,0.97436
0.60711,0.95375,0.97436
0.6316,0.93659,0.97436
0.6561,0.91678,0.97436
0.68059,0.89433,0.97436
0.70508,0.86924,0.97436
0.72958,0.84151,0.97436
0.75407,0.81113,0.97436
0.77857,0.77813,0.97436
0.80306,0.74247,0.97436
0.82756,0.70418,0.97436
0.85205,0.66323,0.97436
0.87655,0.61966,0.97436
0.90104,0.57343,0.97436
0.92554,0.52458,0.97436
0.95003,0.47308,0.97436
0.97453,0.41894,0.97436
0.99902,0.36215,0.97436
0.06374,0.0,1.0
0.09158,0.48519,1.0
0.11942,0.78092,1.0
0.14726,0.93409,1.0
0.1751,0.99161,1.0
0.20294,1.0,1.0
0.2261,1.0,1.0
0.24927,1.0,1.0
0.27244,1.0,1.0
0.2956,1.0,1.0
0.31877,1.0,1.0
0.34194,1.0,1.0
0.3651,1.0,1.0
0.38827,1.0,1.0
0.41143,1.0,1.0
0.4346,1.0,1.0
0.45777,1.0,1.0
0.48134,0.99915,1.0
0.50492,0.99551,1.0
0.52849,0.98944,1.0
0.55207,0.98097,1.0
0.57564,0.97006,1.0
0.59922,0.95672,1.0
0.62279,0.94097,1.0
0.64637,0.92279,1.0
0.66994,0.90219,1.0
0.69352,0.87916,1.0
0.7171,0.85372,1.0
0.74067,0.82584,1.0
0.76425,0.79554,1.0
0.78782,0.76282,1.0
0.8114,0.72767,1.0
0.83497,0.69011,1.0
0.85855,0.65011,1.0
0.88212,0.6077,1.0
0.9057,0.56286,1.0
0.92927,0.5156,1.0
0.95285,0.4659,1.0
0.97642,0.4138,1.0
1.0,0.35926,1.0
