0.07591,0.0,0.0
0.09561,0.0,0.0
0.11532,0.0,0.0
0.13502,0.0,0.0
0.15473,0.0,0.0
0.17443,0.0,0.0
0.19414,0.0,0.0
0.21384,0.0,0.0
0.23354,0.0,0.0
0.25325,0.0,0.0
0.27295,0.0,0.0
0.29266,0.0,0.0
0.31236,0.0,0.0
0.33207,0.0,0.0
0.35177,0.0,0.0
0.37148,0.0,0.0
0.39118,0.0,0.0
0.41089,0.0,0.0
0.43059,0.0,0.0
0.45029,0.0,0.0
0.47,0.0,0.0
0.4897,0.0,0.0
0.50941,0.0,0.0
0.52911,0.0,0.0
0.54882,0.0,0.0
0.56852,0.0,0.0
0.58823,0.0,0.0
0.60793,0.0,0.0
0.62764,0.0,0.0
0.64734,0.0,0.0
0.66704,0.0,0.0
0.68675,0.0,0.0
0.70645,0.0,0.0
0.72616,0.0,0.0
0.74586,0.0,0.0
0.76557,0.0,0.0
0.78527,0.0,0.0
0.80498,0.0,0.0
0.82468,0.0,0.0
0.84438,0.0,0.0
0.06175,0.0,0.02564
0.08241,0.11153,0.02564
0.10308,0.17183,0.02564
0.12375,0.19331,0.02564
0.14442,0.18839,0.02564
0.16508,0.1695,0.02564
0.18575,0.14907,0.02564
0.20642,0.13949,0.02564
0.22818,0.13949,0.02564
0.24993,0.13949,0.02564
0.27169,0.13949,0.02564
0.29344,0.13949,0.02564
0.3152,0.13949,0.02564
0.33696,0.13949,0.02564
0.35871,0.13949,0.02564
0.38047,0.13949,0.02564
0.40223,0.13949,0.02564
0.42398,0.13949,0.02564
0.44574,0.13949,0.02564
0.4661,0.13933,0.02564
0.48646,0.13886,0.02564
0.50682,0.13806,0.02564
0.52717,0.13693,0.02564
0.54753,0.13548,0.02564
0.56789,0.13367,0.02564
0.58825,0.13151,0.02564
0.60861,0.12898,0.02564
0.62897,0.12603,0.02564
0.64933,0.12266,0.02564
0.66969,0.11883,0.02564
0.69005,0.11447,0.02564
0.71041,0.10955,0.02564
0.73077,0.10397,0.02564
0.75113,0.09763,0.02564
0.77149,0.09035,0.02564
0.79185,0.0819,0.02564
0.8122,0.07185,0.02564
0.83256,0.05941,0.02564
0.85292,0.04253,0.02564
0.87328,0.0,0.02564
0.05588,0.0,0.05128
0.07718,0.1243,0.05128
0.09849,0.1977,0.05128
0.11979,0.23179,0.05128
0.14109,0.23814,0.05128
0.16239,0.22834,0.05128
0.18369,0.21397,0.05128
0.20499,0.20661,0.05128
0.22643,0.20661,0.05128
0.24786,0.20661,0.05128
0.2693,0.20661,0.05128
0.29073,0.20661,0.05128
0.31216,0.20661,0.05128
0.3336,0.20661,0.05128
0.35503,0.20661,0.05128
0.37646,0.20661,0.05128
0.3979,0.20661,0.05128
0.41933,0.20661,0.05128
0.44076,0.20661,0.05128
0.4622,0.20661,0.05128
0.48335,0.20634,0.05128
0.5045,0.20557,0.05128
0.52566,0.20427,0.05128
0.54681,0.20243,0.05128
0.56796,0.20005,0.05128
0.58911,0.19709,0.05128
0.61027,0.19353,0.05128
0.63142,0.18936,0.05128
0.65257,0.1845,0.05128
0.67372,0.17892,0.05128
0.69488,0.17255,0.05128
0.71603,0.16529,0.05128
0.73718,0.157,0.05128
0.75834,0.14754,0.05128
0.77949,0.13666,0.05128
0.80064,0.12396,0.05128
0.82179,0.10884,0.05128
0.84295,0.09006,0.05128
0.8641,0.06451,0.05128
0.88525,0.0,0.05128
0.05138,0.0,0.07692
0.07313,0.13646,0.07692
0.09487,0.22273,0.07692
0.11662,0.26945,0.07692
0.13837,0.28728,0.07692
0.16012,0.28684,0.07692
0.18186,0.27877,0.07692
0.20361,0.27372,0.07692
0.2247,0.27372,0.07692
0.24579,0.27372,0.07692
0.26688,0.27372,0.07692
0.28797,0.27372,0.07692
0.30906,0.27372,0.07692
0.33014,0.27372,0.07692
0.35123,0.27372,0.07692
0.37232,0.27372,0.07692
0.39341,0.27372,0.07692
0.4145,0.27372,0.07692
0.43559,0.27372,0.07692
0.45668,0.27372,0.07692
0.47777,0.27372,0.07692
0.4997,0.27334,0.07692
0.52163,0.2722,0.07692
0.54356,0.27028,0.07692
0.56549,0.26759,0.07692
0.58742,0.26407,0.07692
0.60935,0.25971,0.07692
0.63128,0.25446,0.07692
0.65321,0.24827,0.07692
0.67514,0.24106,0.07692
0.69707,0.23274,0.07692
0.719,0.22318,0.07692
0.74093,0.21222,0.07692
0.76286,0.19962,0.07692
0.78479,0.18505,0.07692
0.80672,0.16801,0.07692
0.82865,0.14762,0.07692
0.85058,0.12225,0.07692
0.87251,0.08763,0.07692
0.89444,0.0,0.07692
0.04759,0.0,0.10256
0.06968,0.14841,0.10256
0.09178,0.24748,0.10256
0.11388,0.30686,0.10256
0.13597,0.33622,0.10256
0.15807,0.34522,0.10256
0.18017,0.34354,0.10256
0.20227,0.34083,0.10256
0.22459,0.34083,0.10256
0.24691,0.34083,0.10256
0.26923,0.34083,0.10256
0.29155,0.34083,0.10256
0.31387,0.34083,0.10256
0.3362,0.34083,0.10256
0.35852,0.34083,0.10256
0.38084,0.34083,0.10256
0.40316,0.34083,0.10256
0.42548,0.34083,0.10256
0.4478,0.34083,0.10256
0.47013,0.34083,0.10256
0.49245,0.34083,0.10256
0.51401,0.34036,0.10256
0.53558,0.33894,0.10256
0.55714,0.33656,0.10256
0.57871,0.3332,0.10256
0.60027,0.32882,0.10256
0.62184,0.32339,0.10256
0.6434,0.31686,0.10256
0.66497,0.30915,0.10256
0.68653,0.30017,0.10256
0.7081,0.28981,0.10256
0.72966,0.2779,0.10256
0.75123,0.26425,0.10256
0.77279,0.24857,0.10256
0.79436,0.23042,0.10256
0.81592,0.2092,0.10256
0.83748,0.18382,0.10256
0.85905,0.15221,0.10256
0.88061,0.10912,0.10256
0.90218,0.0,0.10256
0.04424,0.0,0.1282
0.06663,0.16032,0.1282
0.08902,0.27216,0.1282
0.11141,0.34419,0.1282
0.1338,0.38511,0.1282
0.15618,0.40358,0.1282
0.17857,0.4083,0.1282
0.20096,0.40795,0.1282
0.22276,0.40795,0.1282
0.24457,0.40795,0.1282
0.26638,0.40795,0.1282
0.28818,0.40795,0.1282
0.30999,0.40795,0.1282
0.33179,0.40795,0.1282
0.3536,0.40795,0.1282
0.3754,0.40795,0.1282
0.39721,0.40795,0.1282
0.41901,0.40795,0.1282
0.44082,0.40795,0.1282
0.46263,0.40795,0.1282
0.48443,0.40795,0.1282
0.50624,0.40795,0.1282
0.52861,0.40732,0.1282
0.55099,0.40543,0.1282
0.57336,0.40224,0.1282
0.59574,0.39774,0.1282
0.61812,0.3919,0.1282
0.64049,0.38462,0.1282
0.66287,0.37583,0.1282
0.68524,0.36544,0.1282
0.70762,0.3533,0.1282
0.72999,0.3392,0.1282
0.75237,0.32291,0.1282
0.77475,0.30407,0.1282
0.79712,0.28216,0.1282
0.8195,0.25641,0.1282
0.84187,0.2255,0.1282
0.86425,0.18689,0.1282
0.88662,0.13408,0.1282
0.909,0.0,0.1282
0.04122,0.0,0.15384
0.06386,0.17225,0.15384
0.0865,0.29687,0.15384
0.10914,0.38156,0.15384
0.13178,0.43402,0.15384
0.15441,0.46195,0.15384
0.17705,0.47307,0.15384
0.19969,0.47506,0.15384
0.22251,0.47506,0.15384
0.24533,0.47506,0.15384
0.26814,0.47506,0.15384
0.29096,0.47506,0.15384
0.31378,0.47506,0.15384
0.3366,0.47506,0.15384
0.35941,0.47506,0.15384
0.38223,0.47506,0.15384
0.40505,0.47506,0.15384
0.42787,0.47506,0.15384
0.45068,0.47506,0.15384
0.4735,0.47506,0.15384
0.49632,0.47506,0.15384
0.51914,0.47506,0.15384
0.54114,0.47432,0.15384
0.56314,0.47212,0.15384
0.58514,0.46842,0.15384
0.60714,0.46318,0.15384
0.62915,0.45636,0.15384
0.65115,0.4479,0.15384
0.67315,0.43767,0.15384
0.69515,0.42557,0.15384
0.71715,0.41142,0.15384
0.73915,0.395,0.15384
0.76116,0.37603,0.15384
0.78316,0.35409,0.15384
0.80516,0.32858,0.15384
0.82716,0.29859,0.15384
0.84916,0.2626,0.15384
0.87116,0.21764,0.15384
0.89317,0.15614,0.15384
0.91517,0.0,0.15384
0.03844,0.0,0.17949
0.0613,0.18427,0.17949
0.08416,0.3217,0.17949
0.10702,0.41903,0.17949
0.12988,0.48302,0.17949
0.15274,0.52037,0.17949
0.1756,0.53785,0.17949
0.19846,0.54217,0.17949
0.22064,0.54217,0.17949
0.24282,0.54217,0.17949
0.265,0.54217,0.17949
0.28718,0.54217,0.17949
0.30936,0.54217,0.17949
0.33154,0.54217,0.17949
0.35372,0.54217,0.17949
0.37589,0.54217,0.17949
0.39807,0.54217,0.17949
0.42025,0.54217,0.17949
0.44243,0.54217,0.17949
0.46461,0.54217,0.17949
0.48679,0.54217,0.17949
0.50897,0.54217,0.17949
0.53115,0.54217,0.17949
0.55407,0.54124,0.17949
0.57699,0.53841,0.17949
0.59991,0.53366,0.17949
0.62284,0.52695,0.17949
0.64576,0.51819,0.17949
0.66868,0.50728,0.17949
0.69161,0.49408,0.17949
0.71453,0.47839,0.17949
0.73745,0.45996,0.17949
0.76038,0.43845,0.17949
0.7833,0.41337,0.17949
0.80622,0.38404,0.17949
0.82915,0.34937,0.17949
0.85207,0.30756,0.17949
0.87499,0.25514,0.17949
0.89792,0.18321,0.17949
0.92084,0.0,0.17949
0.03585,0.0,0.20513
0.05891,0.19639,0.20513
0.08197,0.34668,0.20513
0.10503,0.45666,0.20513
0.12809,0.53212,0.20513
0.15116,0.57886,0.20513
0.17422,0.60264,0.20513
0.19728,0.60929,0.20513
0.22027,0.60929,0.20513
0.24327,0.60929,0.20513
0.26627,0.60929,0.20513
0.28927,0.60929,0.20513
0.31227,0.60929,0.20513
0.33527,0.60929,0.20513
0.35827,0.60929,0.20513
0.38127,0.60929,0.20513
0.40427,0.60929,0.20513
0.42727,0.60929,0.20513
0.45027,0.60929,0.20513
0.47327,0.60929,0.20513
0.49626,0.60929,0.20513
0.51926,0.60929,0.20513
0.54226,0.60929,0.20513
0.56484,0.60823,0.20513
0.58742,0.60506,0.20513
0.61,0.59972,0.20513
0.63258,0.59219,0.20513
0.65516,0.58234,0.20513
0.67774,0.57008,0.20513
0.70032,0.55524,0.20513
0.7229,0.53761,0.20513
0.74548,0.5169,0.20513
0.76806,0.49273,0.20513
0.79064,0.46455,0.20513
0.81322,0.43158,0.20513
0.8358,0.39261,0.20513
0.85838,0.34563,0.20513
0.88096,0.28673,0.20513
0.90354,0.20589,0.20513
0.92612,0.0,0.20513
0.03342,0.0,0.23077
0.05667,0.20865,0.23077
0.07991,0.37185,0.23077
0.10315,0.49447,0.23077
0.1264,0.58137,0.23077
0.14964,0.63741,0.23077
0.17288,0.66746,0.23077
0.19613,0.6764,0.23077
0.2184,0.6764,0.23077
0.24067,0.6764,0.23077
0.26294,0.6764,0.23077
0.28522,0.6764,0.23077
0.30749,0.6764,0.23077
0.32976,0.6764,0.23077
0.35204,0.6764,0.23077
0.37431,0.6764,0.23077
0.39658,0.6764,0.23077
0.41885,0.6764,0.23077
0.44113,0.6764,0.23077
0.4634,0.6764,0.23077
0.48567,0.6764,0.23077
0.50795,0.6764,0.23077
0.53022,0.6764,0.23077
0.55249,0.6764,0.23077
0.57615,0.67508,0.23077
0.59981,0.6711,0.23077
0.62348,0.66441,0.23077
0.64714,0.65493,0.23077
0.6708,0.64253,0.23077
0.69446,0.62704,0.23077
0.71812,0.60823,0.23077
0.74178,0.58578,0.23077
0.76545,0.55925,0.23077
0.78911,0.52801,0.23077
0.81277,0.49119,0.23077
0.83643,0.4474,0.23077
0.86009,0.39431,0.23077
0.88375,0.32746,0.23077
0.90741,0.23537,0.23077
0.93108,0.0,0.23077
0.03113,0.0,0.25641
0.05454,0.22108,0.25641
0.07795,0.39725,0.25641
0.10136,0.53249,0.25641
0.12478,0.63078,0.25641
0.14819,0.69605,0.25641
0.1716,0.73231,0.25641
0.19501,0.74351,0.25641
0.21794,0.74351,0.25641
0.24087,0.74351,0.25641
0.26379,0.74351,0.25641
0.28672,0.74351,0.25641
0.30964,0.74351,0.25641
0.33257,0.74351,0.25641
0.3555,0.74351,0.25641
0.37842,0.74351,0.25641
0.40135,0.74351,0.25641
0.42427,0.74351,0.25641
0.4472,0.74351,0.25641
0.47013,0.74351,0.25641
0.49305,0.74351,0.25641
0.51598,0.74351,0.25641
0.5389,0.74351,0.25641
0.56183,0.74351,0.25641
0.5852,0.74206,0.25641
0.60857,0.73769,0.25641
0.63194,0.73033,0.25641
0.65531,0.71991,0.25641
0.67869,0.70628,0.25641
0.70206,0.68926,0.25641
0.72543,0.66858,0.25641
0.7488,0.6439,0.25641
0.77217,0.61473,0.25641
0.79554,0.58041,0.25641
0.81891,0.53993,0.25641
0.84228,0.49179,0.25641
0.86565,0.43344,0.25641
0.88902,0.35996,0.25641
0.91239,0.25874,0.25641
0.93577,0.0,0.25641
0.02894,0.0,0.28205
0.05251,0.23368,0.28205
0.07608,0.42289,0.28205
0.09966,0.57075,0.28205
0.12323,0.68035,0.28205
0.1468,0.7548,0.28205
0.17037,0.79718,0.28205
0.19394,0.81063,0.28205
0.21746,0.81063,0.28205
0.24099,0.81063,0.28205
0.26451,0.81063,0.28205
0.28803,0.81063,0.28205
0.31155,0.81063,0.28205
0.33507,0.81063,0.28205
0.35859,0.81063,0.28205
0.38211,0.81063,0.28205
0.40563,0.81063,0.28205
0.42915,0.81063,0.28205
0.45267,0.81063,0.28205
0.47619,0.81063,0.28205
0.49971,0.81063,0.28205
0.52324,0.81063,0.28205
0.54676,0.81063,0.28205
0.57028,0.81063,0.28205
0.5934,0.80904,0.28205
0.61652,0.80427,0.28205
0.63964,0.79625,0.28205
0.66276,0.78489,0.28205
0.68589,0.77003,0.28205
0.70901,0.75147,0.28205
0.73213,0.72893,0.28205
0.75525,0.70202,0.28205
0.77837,0.67022,0.28205
0.80149,0.6328,0.28205
0.82462,0.58867,0.28205
0.84774,0.53618,0.28205
0.87086,0.47257,0.28205
0.89398,0.39245,0.28205
0.9171,0.28209,0.28205
0.94023,0.0,0.28205
0.02685,0.0,0.30769
0.05057,0.24608,0.30769
0.0743,0.44742,0.30769
0.09802,0.60653,0.30769
0.12174,0.72591,0.30769
0.14547,0.80807,0.30769
0.16919,0.85553,0.30769
0.19291,0.87079,0.30769
0.21555,0.87079,0.30769
0.2382,0.87079,0.30769
0.26084,0.87079,0.30769
0.28348,0.87079,0.30769
0.30612,0.87079,0.30769
0.32877,0.87079,0.30769
0.35141,0.87079,0.30769
0.37405,0.87079,0.30769
0.39669,0.87079,0.30769
0.41934,0.87079,0.30769
0.44198,0.87079,0.30769
0.46462,0.87079,0.30769
0.48726,0.87079,0.30769
0.50991,0.87079,0.30769
0.53255,0.87079,0.30769
0.55519,0.87079,0.30769
0.57784,0.87079,0.30769
0.60228,0.86885,0.30769
0.62672,0.86302,0.30769
0.65117,0.85319,0.30769
0.67561,0.83925,0.30769
0.70005,0.82099,0.30769
0.7245,0.79809,0.30769
0.74894,0.77016,0.30769
0.77338,0.73661,0.30769
0.79783,0.69663,0.30769
0.82227,0.64905,0.30769
0.84671,0.59202,0.30769
0.87116,0.52247,0.30769
0.8956,0.43443,0.30769
0.92004,0.31262,0.30769
0.94449,0.0,0.30769
0.02485,0.0,0.33333
0.04872,0.25811,0.33333
0.07258,0.47012,0.33333
0.09645,0.63837,0.33333
0.12032,0.76519,0.33333
0.14418,0.85289,0.33333
0.16805,0.90381,0.33333
0.19192,0.92026,0.33333
0.21501,0.92026,0.33333
0.2381,0.92026,0.33333
0.2612,0.92026,0.33333
0.28429,0.92026,0.33333
0.30738,0.92026,0.33333
0.33048,0.92026,0.33333
0.35357,0.92026,0.33333
0.37666,0.92026,0.33333
0.39976,0.92026,0.33333
0.42285,0.92026,0.33333
0.44594,0.92026,0.33333
0.46904,0.92026,0.33333
0.49213,0.92026,0.33333
0.51522,0.92026,0.33333
0.53832,0.92026,0.33333
0.56141,0.92026,0.33333
0.5845,0.92026,0.33333
0.60877,0.91821,0.33333
0.63305,0.91204,0.33333
0.65732,0.90167,0.33333
0.68159,0.88694,0.33333
0.70586,0.86764,0.33333
0.73013,0.84344,0.33333
0.7544,0.81391,0.33333
0.77867,0.77846,0.33333
0.80295,0.73621,0.33333
0.82722,0.68592,0.33333
0.85149,0.62566,0.33333
0.87576,0.55215,0.33333
0.90003,0.45911,0.33333
0.9243,0.33039,0.33333
0.94857,0.0,0.33333
0.02292,0.0,0.35897
0.04693,0.2699,0.35897
0.07093,0.49152,0.35897
0.09494,0.66734,0.35897
0.11895,0.79982,0.35897
0.14295,0.8914,0.35897
0.16696,0.94454,0.35897
0.19096,0.96171,0.35897
0.21445,0.96171,0.35897
0.23794,0.96171,0.35897
0.26143,0.96171,0.35897
0.28492,0.96171,0.35897
0.30841,0.96171,0.35897
0.3319,0.96171,0.35897
0.35539,0.96171,0.35897
0.37888,0.96171,0.35897
0.40237,0.96171,0.35897
0.42585,0.96171,0.35897
0.44934,0.96171,0.35897
0.47283,0.96171,0.35897
0.49632,0.96171,0.35897
0.51981,0.96171,0.35897
0.5433,0.96171,0.35897
0.56679,0.96171,0.35897
0.59028,0.96171,0.35897
0.61443,0.95957,0.35897
0.63858,0.95313,0.35897
0.66273,0.94228,0.35897
0.68687,0.92689,0.35897
0.71102,0.90671,0.35897
0.73517,0.88143,0.35897
0.75932,0.85057,0.35897
0.78347,0.81352,0.35897
0.80762,0.76937,0.35897
0.83176,0.71682,0.35897
0.85591,0.65384,0.35897
0.88006,0.57703,0.35897
0.90421,0.47979,0.35897
0.92836,0.34527,0.35897
0.95251,0.0,0.35897
0.02106,0.0,0.38461
0.0452,0.28155,0.38461
0.06934,0.51196,0.38461
0.09348,0.69408,0.38461
0.11763,0.83076,0.38461
0.14177,0.92486,0.38461
0.16591,0.97923,0.38461
0.19005,0.99673,0.38461
0.21388,0.99673,0.38461
0.23771,0.99673,0.38461
0.26154,0.99673,0.38461
0.28537,0.99673,0.38461
0.3092,0.99673,0.38461
0.33303,0.99673,0.38461
0.35686,0.99673,0.38461
0.38069,0.99673,0.38461
0.40452,0.99673,0.38461
0.42835,0.99673,0.38461
0.45218,0.99673,0.38461
0.47601,0.99673,0.38461
0.49984,0.99673,0.38461
0.52367,0.99673,0.38461
0.54751,0.99673,0.38461
0.57133,0.99673,0.38461
0.59517,0.99673,0.38461
0.61924,0.99451,0.38461
0.64332,0.98783,0.38461
0.66739,0.97659,0.38461
0.69147,0.96063,0.38461
0.71555,0.93972,0.38461
0.73962,0.91352,0.38461
0.7637,0.88154,0.38461
0.78777,0.84313,0.38461
0.81185,0.79738,0.38461
0.83592,0.74291,0.38461
0.86,0.67764,0.38461
0.88408,0.59803,0.38461
0.90815,0.49725,0.38461
0.93223,0.35784,0.38461
0.9563,0.0,0.38461
0.01926,0.0,0.41026
0.04354,0.29314,0.41026
0.06781,0.53165,0.41026
0.09208,0.719,0.41026
0.11635,0.85867,0.41026
0.14063,0.95413,0.41026
0.1649,1.0,0.41026
0.18917,1.0,0.41026
0.21329,1.0,0.41026
0.23741,1.0,0.41026
0.26152,1.0,0.41026
0.28564,1.0,0.41026
0.30976,1.0,0.41026
0.33387,1.0,0.41026
0.35799,1.0,0.41026
0.38211,1.0,0.41026
0.40623,1.0,0.41026
0.43034,1.0,0.41026
0.45446,1.0,0.41026
0.47858,1.0,0.41026
0.50269,1.0,0.41026
0.52681,1.0,0.41026
0.55093,1.0,0.41026
0.57505,1.0,0.41026
0.59916,1.0,0.41026
0.62322,1.0,0.41026
0.64727,1.0,0.41026
0.67132,1.0,0.41026
0.69538,0.98915,0.41026
0.71943,0.96763,0.41026
0.74349,0.94064,0.41026
0.76754,0.90771,0.41026
0.79159,0.86817,0.41026
0.81565,0.82106,0.41026
0.8397,0.76497,0.41026
0.86376,0.69776,0.41026
0.88781,0.6158,0.41026
0.91186,0.51202,0.41026
0.93592,0.36846,0.41026
0.95997,0.0,0.41026
0.01752,0.0,0.4359
0.04192,0.30472,0.4359
0.06632,0.55075,0.4359
0.09073,0.74239,0.4359
0.11513,0.88395,0.4359
0.13953,0.97974,0.4359
0.16393,1.0,0.4359
0.18833,1.0,0.4359
0.21268,1.0,0.4359
0.23703,1.0,0.4359
0.26138,1.0,0.4359
0.28573,1.0,0.4359
0.31008,1.0,0.4359
0.33443,1.0,0.4359
0.35878,1.0,0.4359
0.38313,1.0,0.4359
0.40748,1.0,0.4359
0.43182,1.0,0.4359
0.45617,1.0,0.4359
0.48052,1.0,0.4359
0.50487,1.0,0.4359
0.52922,1.0,0.4359
0.55357,1.0,0.4359
0.57792,1.0,0.4359
0.60227,1.0,0.4359
0.62635,1.0,0.4359
0.65044,1.0,0.4359
0.67452,1.0,0.4359
0.6986,1.0,0.4359
0.72269,0.99108,0.4359
0.74677,0.96344,0.4359
0.77086,0.92972,0.4359
0.79494,0.88922,0.4359
0.81903,0.84096,0.4359
0.84311,0.78352,0.4359
0.86719,0.71468,0.4359
0.89128,0.63072,0.4359
0.91536,0.52443,0.4359
0.93945,0.3774,0.4359
0.96353,0.0,0.4359
0.01583,0.0,0.46154
0.04036,0.31631,0.46154
0.06489,0.56936,0.46154
0.08942,0.76445,0.46154
0.11395,0.90693,0.46154
0.13848,1.0,0.46154
0.16301,1.0,0.46154
0.18754,1.0,0.46154
0.21206,1.0,0.46154
0.23659,1.0,0.46154
0.26112,1.0,0.46154
0.28564,1.0,0.46154
0.31017,1.0,0.46154
0.33469,1.0,0.46154
0.35922,1.0,0.46154
0.38375,1.0,0.46154
0.40827,1.0,0.46154
0.4328,1.0,0.46154
0.45733,1.0,0.46154
0.48185,1.0,0.46154
0.50638,1.0,0.46154
0.5309,1.0,0.46154
0.55543,1.0,0.46154
0.57996,1.0,0.46154
0.60448,1.0,0.46154
0.62865,1.0,0.46154
0.65282,1.0,0.46154
0.67698,1.0,0.46154
0.70115,1.0,0.46154
0.72532,1.0,0.46154
0.74948,0.98237,0.46154
0.77365,0.94799,0.46154
0.79782,0.9067,0.46154
0.82198,0.85749,0.46154
0.84615,0.79892,0.46154
0.87032,0.72873,0.46154
0.89448,0.64312,0.46154
0.91865,0.53474,0.46154
0.94282,0.38481,0.46154
0.96698,0.0,0.46154
0.01418,0.0,0.48718
0.03884,0.32794,0.48718
0.06349,0.58755,0.48718
0.08815,0.78534,0.48718
0.11281,0.92782,0.48718
0.13746,1.0,0.48718
0.16212,1.0,0.48718
0.18678,1.0,0.48718
0.21143,1.0,0.48718
0.23607,1.0,0.48718
0.26072,1.0,0.48718
0.28537,1.0,0.48718
0.31002,1.0,0.48718
0.33467,1.0,0.48718
0.35932,1.0,0.48718
0.38397,1.0,0.48718
0.40862,1.0,0.48718
0.43327,1.0,0.48718
0.45792,1.0,0.48718
0.48256,1.0,0.48718
0.50721,1.0,0.48718
0.53186,1.0,0.48718
0.55651,1.0,0.48718
0.58116,1.0,0.48718
0.60581,1.0,0.48718
0.63011,1.0,0.48718
0.65441,1.0,0.48718
0.67872,1.0,0.48718
0.70302,1.0,0.48718
0.72732,1.0,0.48718
0.75162,0.99778,0.48718
0.77593,0.96285,0.48718
0.80023,0.92091,0.48718
0.82453,0.87094,0.48718
0.84883,0.81145,0.48718
0.87313,0.74015,0.48718
0.89744,0.65321,0.48718
0.92174,0.54312,0.48718
0.94604,0.39085,0.48718
0.97034,0.0,0.48718
0.01258,0.0,0.51282
0.03736,0.33963,0.51282
0.06214,0.60539,0.51282
0.08693,0.80515,0.51282
0.11171,0.9468,0.51282
0.13649,1.0,0.51282
0.16127,1.0,0.51282
0.18606,1.0,0.51282
0.21077,1.0,0.51282
0.23549,1.0,0.51282
0.26021,1.0,0.51282
0.28493,1.0,0.51282
0.30964,1.0,0.51282
0.33436,1.0,0.51282
0.35908,1.0,0.51282
0.38379,1.0,0.51282
0.40851,1.0,0.51282
0.43323,1.0,0.51282
0.45794,1.0,0.51282
0.48266,1.0,0.51282
0.50738,1.0,0.51282
0.53209,1.0,0.51282
0.55681,1.0,0.51282
0.58153,1.0,0.51282
0.60625,1.0,0.51282
0.63074,1.0,0.51282
0.65523,1.0,0.51282
0.67972,1.0,0.51282
0.70421,1.0,0.51282
0.7287,1.0,0.51282
0.75319,1.0,0.51282
0.77769,0.97454,0.51282
0.80218,0.93209,0.51282
0.82667,0.88151,0.51282
0.85116,0.8213,0.51282
0.87565,0.74914,0.51282
0.90014,0.66114,0.51282
0.92463,0.54972,0.51282
0.94912,0.39559,0.51282
0.97362,0.0,0.51282
0.01101,0.0,0.53846
0.03592,0.3514,0.53846
0.06083,0.62292,0.53846
0.08574,0.82398,0.53846
0.11065,0.96397,0.53846
0.13556,1.0,0.53846
0.16047,1.0,0.53846
0.18538,1.0,0.53846
0.21011,1.0,0.53846
0.23484,1.0,0.53846
0.25957,1.0,0.53846
0.2843,1.0,0.53846
0.30903,1.0,0.53846
0.33376,1.0,0.53846
0.35849,1.0,0.53846
0.38322,1.0,0.53846
0.40795,1.0,0.53846
0.43268,1.0,0.53846
0.45741,1.0,0.53846
0.48214,1.0,0.53846
0.50687,1.0,0.53846
0.5316,1.0,0.53846
0.55633,1.0,0.53846
0.58106,1.0,0.53846
0.60579,1.0,0.53846
0.63052,1.0,0.53846
0.65526,1.0,0.53846
0.67999,1.0,0.53846
0.70473,1.0,0.53846
0.72946,1.0,0.53846
0.7542,1.0,0.53846
0.77893,0.98323,0.53846
0.80367,0.9404,0.53846
0.8284,0.88937,0.53846
0.85313,0.82861,0.53846
0.87787,0.75581,0.53846
0.9026,0.66702,0.53846
0.92734,0.55462,0.53846
0.95207,0.39912,0.53846
0.97681,0.0,0.53846
0.00949,0.0,0.5641
0.03452,0.36324,0.5641
0.05956,0.64016,0.5641
0.08459,0.84186,0.5641
0.10963,0.97942,0.5641
0.13466,1.0,0.5641
0.1597,1.0,0.5641
0.18474,1.0,0.5641
0.20942,1.0,0.5641
0.23411,1.0,0.5641
0.2588,1.0,0.5641
0.28349,1.0,0.5641
0.30818,1.0,0.5641
0.33287,1.0,0.5641
0.35756,1.0,0.5641
0.38225,1.0,0.5641
0.40693,1.0,0.5641
0.43162,1.0,0.5641
0.45631,1.0,0.5641
0.481,1.0,0.5641
0.50569,1.0,0.5641
0.53038,1.0,0.5641
0.55507,1.0,0.5641
0.57976,1.0,0.5641
0.60444,1.0,0.5641
0.62948,1.0,0.5641
0.65451,1.0,0.5641
0.67954,1.0,0.5641
0.70457,1.0,0.5641
0.7296,1.0,0.5641
0.75464,1.0,0.5641
0.77967,0.98902,0.5641
0.8047,0.94594,0.5641
0.82973,0.8946,0.5641
0.85476,0.8335,0.5641
0.8798,0.76026,0.5641
0.90483,0.67095,0.5641
0.92986,0.55788,0.5641
0.95489,0.40147,0.5641
0.97992,0.0,0.5641
0.00799,0.0,0.58974
0.03316,0.37516,0.58974
0.05832,0.65713,0.58974
0.08348,0.85882,0.58974
0.10864,0.99319,0.58974
0.13381,1.0,0.58974
0.15897,1.0,0.58974
0.18413,1.0,0.58974
0.20873,1.0,0.58974
0.23332,1.0,0.58974
0.25791,1.0,0.58974
0.2825,1.0,0.58974
0.3071,1.0,0.58974
0.33169,1.0,0.58974
0.35628,1.0,0.58974
0.38087,1.0,0.58974
0.40547,1.0,0.58974
0.43006,1.0,0.58974
0.45465,1.0,0.58974
0.47925,1.0,0.58974
0.50384,1.0,0.58974
0.52843,1.0,0.58974
0.55302,1.0,0.58974
0.57762,1.0,0.58974
0.60221,1.0,0.58974
0.62759,1.0,0.58974
0.65298,1.0,0.58974
0.67836,1.0,0.58974
0.70374,1.0,0.58974
0.72913,1.0,0.58974
0.75451,1.0,0.58974
0.7799,0.99199,0.58974
0.80528,0.94879,0.58974
0.83067,0.8973,0.58974
0.85605,0.83601,0.58974
0.88143,0.76255,0.58974
0.90682,0.67297,0.58974
0.9322,0.55956,0.58974
0.95759,0.40267,0.58974
0.98297,0.0,0.58974
0.00653,0.0,0.61539
0.03182,0.38716,0.61539
0.05711,0.67382,0.61539
0.08241,0.8749,0.61539
0.1077,1.0,0.61539
0.13299,1.0,0.61539
0.15828,1.0,0.61539
0.18357,1.0,0.61539
0.20801,1.0,0.61539
0.23245,1.0,0.61539
0.2569,1.0,0.61539
0.28134,1.0,0.61539
0.30578,1.0,0.61539
0.33022,1.0,0.61539
0.35466,1.0,0.61539
0.37911,1.0,0.61539
0.40355,1.0,0.61539
0.42799,1.0,0.61539
0.45243,1.0,0.61539
0.47687,1.0,0.61539
0.50132,1.0,0.61539
0.52576,1.0,0.61539
0.5502,1.0,0.61539
0.57464,1.0,0.61539
0.59908,1.0,0.61539
0.62487,1.0,0.61539
0.65067,1.0,0.61539
0.67646,1.0,0.61539
0.70225,1.0,0.61539
0.72804,1.0,0.61539
0.75383,1.0,0.61539
0.77962,0.9922,0.61539
0.80541,0.94897,0.61539
0.8312,0.89747,0.61539
0.85699,0.83618,0.61539
0.88279,0.76271,0.61539
0.90858,0.67311,0.61539
0.93437,0.55968,0.61539
0.96016,0.40275,0.61539
0.98595,0.0,0.61539
0.00618,0.0,0.64103
0.03145,0.39719,0.64103
0.05671,0.6874,0.64103
0.08198,0.88733,0.64103
0.10725,1.0,0.64103
0.13251,1.0,0.64103
0.15778,1.0,0.64103
0.18305,1.0,0.64103
0.2088,1.0,0.64103
0.23455,1.0,0.64103
0.2603,1.0,0.64103
0.28605,1.0,0.64103
0.3118,1.0,0.64103
0.33755,1.0,0.64103
0.36331,1.0,0.64103
0.38906,1.0,0.64103
0.41481,1.0,0.64103
0.44056,1.0,0.64103
0.46631,1.0,0.64103
0.49206,1.0,0.64103
0.51781,1.0,0.64103
0.54356,1.0,0.64103
0.56932,1.0,0.64103
0.59507,1.0,0.64103
0.61968,1.0,0.64103
0.64429,1.0,0.64103
0.66891,1.0,0.64103
0.69352,1.0,0.64103
0.71813,1.0,0.64103
0.74274,1.0,0.64103
0.76736,1.0,0.64103
0.79197,0.96902,0.64103
0.81658,0.92513,0.64103
0.84119,0.87347,0.64103
0.86581,0.81255,0.64103
0.89042,0.7401,0.64103
0.91503,0.65229,0.64103
0.93964,0.5417,0.64103
0.96426,0.38937,0.64103
0.98887,0.0,0.64103
0.00635,0.0,0.66667
0.03152,0.40618,0.66667
0.05669,0.69915,0.66667
0.08187,0.89738,0.66667
0.10704,1.0,0.66667
0.13221,1.0,0.66667
0.15739,1.0,0.66667
0.18256,1.0,0.66667
0.20804,1.0,0.66667
0.23351,1.0,0.66667
0.25899,1.0,0.66667
0.28446,1.0,0.66667
0.30994,1.0,0.66667
0.33541,1.0,0.66667
0.36089,1.0,0.66667
0.38636,1.0,0.66667
0.41184,1.0,0.66667
0.43731,1.0,0.66667
0.46279,1.0,0.66667
0.48826,1.0,0.66667
0.51374,1.0,0.66667
0.53921,1.0,0.66667
0.56469,1.0,0.66667
0.59016,1.0,0.66667
0.61526,1.0,0.66667
0.64036,1.0,0.66667
0.66546,1.0,0.66667
0.69055,1.0,0.66667
0.71565,1.0,0.66667
0.74075,1.0,0.66667
0.76585,1.0,0.66667
0.79095,0.96376,0.66667
0.81604,0.9201,0.66667
0.84114,0.86872,0.66667
0.86624,0.80813,0.66667
0.89134,0.73608,0.66667
0.91644,0.64875,0.66667
0.94154,0.53875,0.66667
0.96663,0.38725,0.66667
0.99173,0.0,0.66667
0.00642,0.0,0.69231
0.03152,0.41533,0.69231
0.05662,0.71084,0.69231
0.08172,0.90691,0.69231
0.10682,1.0,0.69231
0.13192,1.0,0.69231
0.15702,1.0,0.69231
0.18211,1.0,0.69231
0.20725,1.0,0.69231
0.2324,1.0,0.69231
0.25754,1.0,0.69231
0.28268,1.0,0.69231
0.30782,1.0,0.69231
0.33296,1.0,0.69231
0.3581,1.0,0.69231
0.38324,1.0,0.69231
0.40838,1.0,0.69231
0.43352,1.0,0.69231
0.45866,1.0,0.69231
0.4838,1.0,0.69231
0.50894,1.0,0.69231
0.53408,1.0,0.69231
0.55922,1.0,0.69231
0.58436,1.0,0.69231
0.61,1.0,0.69231
0.63564,1.0,0.69231
0.66127,1.0,0.69231
0.68691,1.0,0.69231
0.71254,1.0,0.69231
0.73818,1.0,0.69231
0.76381,0.99319,0.69231
0.78945,0.95653,0.69231
0.81509,0.9132,0.69231
0.84072,0.8622,0.69231
0.86636,0.80207,0.69231
0.89199,0.73055,0.69231
0.91763,0.64388,0.69231
0.94327,0.53471,0.69231
0.9689,0.38435,0.69231
0.99454,0.0,0.69231
0.0064,0.0,0.71795
0.03144,0.42474,0.71795
0.05649,0.72289,0.71795
0.08153,0.91677,0.71795
0.10658,1.0,0.71795
0.13162,1.0,0.71795
0.15666,1.0,0.71795
0.18171,1.0,0.71795
0.20646,1.0,0.71795
0.2312,1.0,0.71795
0.25595,1.0,0.71795
0.2807,1.0,0.71795
0.30545,1.0,0.71795
0.3302,1.0,0.71795
0.35494,1.0,0.71795
0.37969,1.0,0.71795
0.40444,1.0,0.71795
0.42919,1.0,0.71795
0.45394,1.0,0.71795
0.47868,1.0,0.71795
0.50343,1.0,0.71795
0.52818,1.0,0.71795
0.55293,1.0,0.71795
0.57768,1.0,0.71795
0.6039,1.0,0.71795
0.63013,1.0,0.71795
0.65636,1.0,0.71795
0.68258,1.0,0.71795
0.70881,1.0,0.71795
0.73503,1.0,0.71795
0.76126,0.98561,0.71795
0.78749,0.94923,0.71795
0.81371,0.90624,0.71795
0.83994,0.85562,0.71795
0.86616,0.79596,0.71795
0.89239,0.72498,0.71795
0.91862,0.63897,0.71795
0.94484,0.53064,0.71795
0.97107,0.38141,0.71795
0.99729,0.0,0.71795
0.00629,0.0,0.74359
0.03129,0.43443,0.74359
0.0563,0.73532,0.74359
0.08131,0.92698,0.74359
0.10632,1.0,0.74359
0.13132,1.0,0.74359
0.15633,1.0,0.74359
0.18134,1.0,0.74359
0.20726,1.0,0.74359
0.23317,1.0,0.74359
0.25909,1.0,0.74359
0.28501,1.0,0.74359
0.31093,1.0,0.74359
0.33684,1.0,0.74359
0.36276,1.0,0.74359
0.38868,1.0,0.74359
0.4146,1.0,0.74359
0.44051,1.0,0.74359
0.46643,1.0,0.74359
0.49235,1.0,0.74359
0.51827,1.0,0.74359
0.54418,1.0,0.74359
0.5701,1.0,0.74359
0.59539,1.0,0.74359
0.62068,1.0,0.74359
0.64596,1.0,0.74359
0.67125,1.0,0.74359
0.69654,1.0,0.74359
0.72183,1.0,0.74359
0.74712,0.99116,0.74359
0.77241,0.95969,0.74359
0.79769,0.92272,0.74359
0.82298,0.87957,0.74359
0.84827,0.82926,0.74359
0.87356,0.77041,0.74359
0.89885,0.70086,0.74359
0.92414,0.61699,0.74359
0.94942,0.51183,0.74359
0.97471,0.36753,0.74359
1.0,0.0,0.74359
0.00608,0.0,0.76923
0.03107,0.44438,0.76923
0.05606,0.74812,0.76923
0.08105,0.93757,0.76923
0.10604,1.0,0.76923
0.13103,1.0,0.76923
0.15602,1.0,0.76923
0.18101,1.0,0.76923
0.20639,1.0,0.76923
0.23176,1.0,0.76923
0.25714,1.0,0.76923
0.28251,1.0,0.76923
0.30789,1.0,0.76923
0.33326,1.0,0.76923
0.35863,1.0,0.76923
0.38401,1.0,0.76923
0.40938,1.0,0.76923
0.43476,1.0,0.76923
0.46013,1.0,0.76923
0.48551,1.0,0.76923
0.51088,1.0,0.76923
0.53626,1.0,0.76923
0.56163,1.0,0.76923
0.58702,1.0,0.76923
0.61241,1.0,0.76923
0.6378,1.0,0.76923
0.66319,1.0,0.76923
0.68858,1.0,0.76923
0.71397,1.0,0.76923
0.73935,0.98861,0.76923
0.76474,0.95906,0.76923
0.79013,0.92434,0.76923
0.81552,0.88382,0.76923
0.84091,0.83658,0.76923
0.8663,0.78132,0.76923
0.89169,0.716,0.76923
0.91708,0.63724,0.76923
0.94247,0.5385,0.76923
0.96785,0.40299,0.76923
0.99324,0.05785,0.76923
0.00578,0.0,0.79487
0.03077,0.45459,0.79487
0.05576,0.76128,0.79487
0.08075,0.94848,0.79487
0.10575,1.0,0.79487
0.13074,1.0,0.79487
0.15573,1.0,0.79487
0.18072,1.0,0.79487
0.20549,1.0,0.79487
0.23026,1.0,0.79487
0.25503,1.0,0.79487
0.2798,1.0,0.79487
0.30457,1.0,0.79487
0.32934,1.0,0.79487
0.35411,1.0,0.79487
0.37888,1.0,0.79487
0.40365,1.0,0.79487
0.42842,1.0,0.79487
0.45319,1.0,0.79487
0.47796,1.0,0.79487
0.50273,1.0,0.79487
0.5275,1.0,0.79487
0.55227,1.0,0.79487
0.57771,1.0,0.79487
0.60315,1.0,0.79487
0.62859,1.0,0.79487
0.65403,1.0,0.79487
0.67946,1.0,0.79487
0.7049,1.0,0.79487
0.73034,0.99037,0.79487
0.75578,0.96413,0.79487
0.78122,0.93332,0.79487
0.80665,0.89735,0.79487
0.83209,0.85542,0.79487
0.85753,0.80637,0.79487
0.88297,0.7484,0.79487
0.90841,0.6785,0.79487
0.93384,0.59084,0.79487
0.95928,0.47056,0.79487
0.98472,0.16422,0.79487
0.00538,0.0,0.82051
0.0304,0.46505,0.82051
0.05541,0.77478,0.82051
0.08042,0.95973,0.82051
0.10543,1.0,0.82051
0.13045,1.0,0.82051
0.15546,1.0,0.82051
0.18047,1.0,0.82051
0.20457,1.0,0.82051
0.22868,1.0,0.82051
0.25278,1.0,0.82051
0.27689,1.0,0.82051
0.30099,1.0,0.82051
0.32509,1.0,0.82051
0.3492,1.0,0.82051
0.3733,1.0,0.82051
0.3974,1.0,0.82051
0.42151,1.0,0.82051
0.44561,1.0,0.82051
0.46972,1.0,0.82051
0.49382,1.0,0.82051
0.51792,1.0,0.82051
0.54203,1.0,0.82051
0.56757,1.0,0.82051
0.59311,1.0,0.82051
0.61864,1.0,0.82051
0.64418,1.0,0.82051
0.66972,1.0,0.82051
0.69526,1.0,0.82051
0.7208,0.99212,0.82051
0.74634,0.96921,0.82051
0.77188,0.9423,0.82051
0.79742,0.91089,0.82051
0.82296,0.87427,0.82051
0.8485,0.83142,0.82051
0.87404,0.78079,0.82051
0.89958,0.71974,0.82051
0.92512,0.64319,0.82051
0.95066,0.53814,0.82051
0.97619,0.27059,0.82051
0.0049,0.0,0.84616
0.02995,0.47574,0.84616
0.055,0.78861,0.84616
0.08005,0.97129,0.84616
0.1051,1.0,0.84616
0.13016,1.0,0.84616
0.15521,1.0,0.84616
0.18026,1.0,0.84616
0.2053,1.0,0.84616
0.23035,1.0,0.84616
0.25539,1.0,0.84616
0.28044,1.0,0.84616
0.30548,1.0,0.84616
0.33053,1.0,0.84616
0.35557,1.0,0.84616
0.38062,1.0,0.84616
0.40566,1.0,0.84616
0.43071,1.0,0.84616
0.45575,1.0,0.84616
0.4808,1.0,0.84616
0.50584,1.0,0.84616
0.53089,1.0,0.84616
0.55515,1.0,0.84616
0.57942,1.0,0.84616
0.60369,1.0,0.84616
0.62795,1.0,0.84616
0.65222,1.0,0.84616
0.67648,1.0,0.84616
0.70075,1.0,0.84616
0.72501,0.9834,0.84616
0.74928,0.96324,0.84616
0.77355,0.93984,0.84616
0.79781,0.91282,0.84616
0.82208,0.88155,0.84616
0.84634,0.8452,0.84616
0.87061,0.80246,0.84616
0.89487,0.75117,0.84616
0.91914,0.6871,0.84616
0.9434,0.59946,0.84616
0.96767,0.37696,0.84616
0.00431,0.0,0.8718
0.02942,0.48663,0.8718
0.05453,0.80273,0.8718
0.07965,0.98313,0.8718
0.10476,1.0,0.8718
0.12987,1.0,0.8718
0.15498,1.0,0.8718
0.18009,1.0,0.8718
0.20429,1.0,0.8718
0.22848,1.0,0.8718
0.25268,1.0,0.8718
0.27688,1.0,0.8718
0.30108,1.0,0.8718
0.32528,1.0,0.8718
0.34947,1.0,0.8718
0.37367,1.0,0.8718
0.39787,1.0,0.8718
0.42207,1.0,0.8718
0.44627,1.0,0.8718
0.47046,1.0,0.8718
0.49466,1.0,0.8718
0.51886,1.0,0.8718
0.54332,1.0,0.8718
0.56778,1.0,0.8718
0.59224,1.0,0.8718
0.6167,1.0,0.8718
0.64116,1.0,0.8718
0.66562,1.0,0.8718
0.69008,1.0,0.8718
0.71454,0.98693,0.8718
0.739,0.97019,0.8718
0.76346,0.95077,0.8718
0.78792,0.92832,0.8718
0.81238,0.90235,0.8718
0.83685,0.87216,0.8718
0.86131,0.83668,0.8718
0.88577,0.79408,0.8718
0.91023,0.74087,0.8718
0.93469,0.6681,0.8718
0.95915,0.48333,0.8718
0.00364,0.0,0.89744
0.02883,0.49773,0.89744
0.05401,0.8171,0.89744
0.0792,0.99522,0.89744
0.10439,1.0,0.89744
0.12958,1.0,0.89744
0.15477,1.0,0.89744
0.17995,1.0,0.89744
0.20324,1.0,0.89744
0.22652,1.0,0.89744
0.24981,1.0,0.89744
0.27309,1.0,0.89744
0.29638,1.0,0.89744
0.31966,1.0,0.89744
0.34295,1.0,0.89744
0.36623,1.0,0.89744
0.38952,1.0,0.89744
0.4128,1.0,0.89744
0.43609,1.0,0.89744
0.45937,1.0,0.89744
0.48266,1.0,0.89744
0.50594,1.0,0.89744
0.53065,1.0,0.89744
0.55535,1.0,0.89744
0.58005,1.0,0.89744
0.60476,1.0,0.89744
0.62946,1.0,0.89744
0.65417,1.0,0.89744
0.67887,1.0,0.89744
0.70358,0.98822,0.89744
0.72828,0.97426,0.89744
0.75299,0.95806,0.89744
0.77769,0.93933,0.89744
0.8024,0.91768,0.89744
0.8271,0.8925,0.89744
0.8518,0.8629,0.89744
0.87651,0.82737,0.89744
0.90121,0.783,0.89744
0.92592,0.72229,0.89744
0.95062,0.56819,0.89744
0.00287,0.0,0.92308
0.02815,0.50897,0.92308
0.05344,0.8317,0.92308
0.07872,1.0,0.92308
0.10401,1.0,0.92308
0.12929,1.0,0.92308
0.15458,1.0,0.92308
0.17986,1.0,0.92308
0.20388,1.0,0.92308
0.2279,1.0,0.92308
0.25192,1.0,0.92308
0.27594,1.0,0.92308
0.29996,1.0,0.92308
0.32399,1.0,0.92308
0.34801,1.0,0.92308
0.37203,1.0,0.92308
0.39605,1.0,0.92308
0.42007,1.0,0.92308
0.44409,1.0,0.92308
0.46811,1.0,0.92308
0.49213,1.0,0.92308
0.51581,1.0,0.92308
0.5395,1.0,0.92308
0.56318,1.0,0.92308
0.58686,1.0,0.92308
0.61054,1.0,0.92308
0.63423,1.0,0.92308
0.65791,0.99906,0.92308
0.68159,0.98954,0.92308
0.70527,0.97846,0.92308
0.72896,0.96566,0.92308
0.75264,0.95098,0.92308
0.77632,0.93413,0.92308
0.8,0.91476,0.92308
0.82369,0.89237,0.92308
0.84737,0.86617,0.92308
0.87105,0.83484,0.92308
0.89473,0.79584,0.92308
0.91842,0.74264,0.92308
0.9421,0.60796,0.92308
0.00201,0.0,0.94872
0.02741,0.52035,0.94872
0.05281,0.84647,0.94872
0.07821,1.0,0.94872
0.1036,1.0,0.94872
0.129,1.0,0.94872
0.15441,1.0,0.94872
0.17981,1.0,0.94872
0.2027,1.0,0.94872
0.22559,1.0,0.94872
0.24849,1.0,0.94872
0.27138,1.0,0.94872
0.29428,1.0,0.94872
0.31717,1.0,0.94872
0.34007,1.0,0.94872
0.36296,1.0,0.94872
0.38585,1.0,0.94872
0.40875,1.0,0.94872
0.43164,1.0,0.94872
0.45454,1.0,0.94872
0.47743,1.0,0.94872
0.50144,1.0,0.94872
0.52545,1.0,0.94872
0.54945,1.0,0.94872
0.57346,1.0,0.94872
0.59747,1.0,0.94872
0.62148,1.0,0.94872
0.64549,0.99266,0.94872
0.66949,0.98379,0.94872
0.6935,0.97346,0.94872
0.71751,0.96156,0.94872
0.74151,0.94787,0.94872
0.76552,0.93217,0.94872
0.78953,0.91413,0.94872
0.81354,0.89328,0.94872
0.83754,0.86887,0.94872
0.86155,0.83968,0.94872
0.88556,0.80335,0.94872
0.90957,0.7538,0.94872
0.93357,0.62834,0.94872
0.00105,0.0,0.97436
0.02658,0.53182,0.97436
0.05212,0.86138,0.97436
0.07765,1.0,0.97436
0.10319,1.0,0.97436
0.12872,1.0,0.97436
0.15425,1.0,0.97436
0.17979,1.0,0.97436
0.20329,1.0,0.97436
0.2268,1.0,0.97436
0.2503,1.0,0.97436
0.27381,1.0,0.97436
0.29731,1.0,0.97436
0.32082,1.0,0.97436
0.34432,1.0,0.97436
0.36783,1.0,0.97436
0.39133,1.0,0.97436
0.41483,1.0,0.97436
0.43834,1.0,0.97436
0.46184,1.0,0.97436
0.485,1.0,0.97436
0.50816,1.0,0.97436
0.53132,1.0,0.97436
0.55448,1.0,0.97436
0.57765,0.99998,0.97436
0.60081,0.99466,0.97436
0.62397,0.98826,0.97436
0.64713,0.98072,0.97436
0.67029,0.97199,0.97436
0.69345,0.96194,0.97436
0.71661,0.95046,0.97436
0.73977,0.93737,0.97436
0.76293,0.92247,0.97436
0.78609,0.90542,0.97436
0.80925,0.88581,0.97436
0.83241,0.86295,0.97436
0.85557,0.83571,0.97436
0.87873,0.80188,0.97436
0.90189,0.75587,0.97436
0.92505,0.63968,0.97436
0.0,0.0,1.0
0.02569,0.54333,1.0
0.05137,0.87635,1.0
0.07706,1.0,1.0
0.10275,1.0,1.0
0.12844,1.0,1.0
0.15412,1.0,1.0
0.17981,1.0,1.0
0.20194,1.0,1.0
0.22407,1.0,1.0
0.2462,1.0,1.0
0.26833,1.0,1.0
0.29046,1.0,1.0
0.31259,1.0,1.0
0.33472,1.0,1.0
0.35685,1.0,1.0
0.37897,1.0,1.0
0.4011,1.0,1.0
0.42323,1.0,1.0
0.44536,1.0,1.0
0.46892,1.0,1.0
0.49248,1.0,1.0
0.51604,0.99938,1.0
0.5396,0.99625,1.0
0.56315,0.99217,1.0
0.58671,0.98713,1.0
0.61027,0.98107,1.0
0.63383,0.97394,1.0
0.65739,0.96565,1.0
0.68095,0.95614,1.0
0.7045,0.94526,1.0
0.72806,0.93287,1.0
0.75162,0.91874,1.0
0.77518,0.9026,1.0
0.79874,0.88402,1.0
0.82229,0.86237,1.0
0.84585,0.83656,1.0
0.86941,0.80451,1.0
0.89297,0.76093,1.0
0.91653,0.65087,1.0
