0.21686,0.0,0.0
0.23543,0.0,0.0
0.254,0.0,0.0
0.27257,0.0,0.0
0.29114,0.0,0.0
0.30971,0.0,0.0
0.32827,0.0,0.0
0.34684,0.0,0.0
0.36541,0.0,0.0
0.38398,0.0,0.0
0.40255,0.0,0.0
0.42112,0.0,0.0
0.43969,0.0,0.0
0.45826,0.0,0.0
0.47683,0.0,0.0
0.4954,0.0,0.0
0.51397,0.0,0.0
0.53254,0.0,0.0
0.55111,0.0,0.0
0.56968,0.0,0.0
0.58824,0.0,0.0
0.60681,0.0,0.0
0.62538,0.0,0.0
0.64395,0.0,0.0
0.66252,0.0,0.0
0.68109,0.0,0.0
0.69966,0.0,0.0
0.71823,0.0,0.0
0.7368,0.0,0.0
0.75537,0.0,0.0
0.77394,0.0,0.0
0.79251,0.0,0.0
0.81108,0.0,0.0
0.82965,0.0,0.0
0.84821,0.0,0.0
0.86678,0.0,0.0
0.88535,0.0,0.0
0.90392,0.0,0.0
0.92249,0.0,0.0
0.94106,0.0,0.0
0.16492,0.0,0.02564
0.1871,0.08663,0.02564
0.20929,0.12555,0.02564
0.23148,0.12929,0.02564
0.25366,0.11039,0.02564
0.27585,0.08137,0.02564
0.29804,0.05477,0.02564
0.32023,0.04311,0.02564
0.34009,0.04311,0.02564
0.35996,0.04311,0.02564
0.37983,0.04311,0.02564
0.3997,0.04311,0.02564
0.41957,0.04311,0.02564
0.43944,0.04311,0.02564
0.45931,0.04311,0.02564
0.47918,0.04311,0.02564
0.49905,0.04311,0.02564
0.51892,0.04311,0.02564
0.53879,0.04311,0.02564
0.55866,0.04311,0.02564
0.57868,0.04301,0.02564
0.5987,0.04268,0.02564
0.61873,0.04214,0.02564
0.63875,0.04138,0.02564
0.65878,0.04042,0.02564
0.6788,0.03923,0.02564
0.69883,0.03783,0.02564
0.71885,0.03621,0.02564
0.73887,0.03438,0.02564
0.7589,0.03233,0.02564
0.77892,0.03007,0.02564
0.79895,0.02759,0.02564
0.81897,0.0249,0.02564
0.839,0.02199,0.02564
0.85902,0.01886,0.02564
0.87905,0.01552,0.02564
0.89907,0.01197,0.02564
0.91909,0.00819,0.02564
0.93912,0.0042,0.02564
0.95914,0.0,0.02564
0.1434,0.0,0.05127
0.16401,0.08958,0.05127
0.18461,0.14346,0.05127
0.20522,0.16835,0.05127
0.22582,0.17097,0.05127
0.24643,0.15804,0.05127
0.26704,0.13629,0.05127
0.28764,0.11243,0.05127
0.30825,0.09318,0.05127
0.32885,0.08527,0.05127
0.35049,0.08527,0.05127
0.37213,0.08527,0.05127
0.39377,0.08527,0.05127
0.41541,0.08527,0.05127
0.43705,0.08527,0.05127
0.45869,0.08527,0.05127
0.48033,0.08527,0.05127
0.50197,0.08527,0.05127
0.52361,0.08527,0.05127
0.54525,0.08527,0.05127
0.56689,0.08527,0.05127
0.58793,0.08504,0.05127
0.60897,0.08433,0.05127
0.63001,0.08315,0.05127
0.65105,0.08149,0.05127
0.67209,0.07937,0.05127
0.69313,0.07677,0.05127
0.71417,0.0737,0.05127
0.7352,0.07016,0.05127
0.75624,0.06614,0.05127
0.77728,0.06166,0.05127
0.79832,0.05669,0.05127
0.81936,0.05126,0.05127
0.8404,0.04535,0.05127
0.86144,0.03898,0.05127
0.88248,0.03213,0.05127
0.90352,0.0248,0.05127
0.92455,0.01701,0.05127
0.94559,0.00874,0.05127
0.96663,0.0,0.05127
0.12689,0.0,0.07693
0.15024,0.10544,0.07693
0.17359,0.17085,0.07693
0.19694,0.2036,0.07693
0.22028,0.21106,0.07693
0.24363,0.20063,0.07693
0.26698,0.17968,0.07693
0.29033,0.15557,0.07693
0.31368,0.1357,0.07693
0.33702,0.12744,0.07693
0.35685,0.12744,0.07693
0.37667,0.12744,0.07693
0.39649,0.12744,0.07693
0.41631,0.12744,0.07693
0.43613,0.12744,0.07693
0.45595,0.12744,0.07693
0.47577,0.12744,0.07693
0.49559,0.12744,0.07693
0.51541,0.12744,0.07693
0.53523,0.12744,0.07693
0.55506,0.12744,0.07693
0.57488,0.12744,0.07693
0.59696,0.12704,0.07693
0.61904,0.12586,0.07693
0.64113,0.12389,0.07693
0.66321,0.12114,0.07693
0.68529,0.1176,0.07693
0.70738,0.11328,0.07693
0.72946,0.10816,0.07693
0.75154,0.10227,0.07693
0.77363,0.09557,0.07693
0.79571,0.08811,0.07693
0.8178,0.07985,0.07693
0.83988,0.07079,0.07693
0.86196,0.06097,0.07693
0.88405,0.05034,0.07693
0.90613,0.03894,0.07693
0.92821,0.02675,0.07693
0.9503,0.01377,0.07693
0.97238,0.0,0.07693
0.11297,0.0,0.10257
0.13615,0.11055,0.10257
0.15932,0.18484,0.10257
0.1825,0.22866,0.10257
0.20568,0.2478,0.10257
0.22885,0.24808,0.10257
0.25203,0.2353,0.10257
0.2752,0.21525,0.10257
0.29838,0.19376,0.10257
0.32156,0.17661,0.10257
0.34473,0.1696,0.10257
0.36636,0.1696,0.10257
0.38798,0.1696,0.10257
0.40961,0.1696,0.10257
0.43123,0.1696,0.10257
0.45286,0.1696,0.10257
0.47448,0.1696,0.10257
0.49611,0.1696,0.10257
0.51773,0.1696,0.10257
0.53936,0.1696,0.10257
0.56098,0.1696,0.10257
0.58261,0.1696,0.10257
0.60453,0.16907,0.10257
0.62645,0.16751,0.10257
0.64838,0.16488,0.10257
0.6703,0.16122,0.10257
0.69222,0.15651,0.10257
0.71415,0.15075,0.10257
0.73607,0.14395,0.10257
0.75799,0.1361,0.10257
0.77992,0.12719,0.10257
0.80184,0.11725,0.10257
0.82376,0.10626,0.10257
0.84569,0.09422,0.10257
0.86761,0.08113,0.10257
0.88953,0.067,0.10257
0.91145,0.05182,0.10257
0.93338,0.0356,0.10257
0.9553,0.01832,0.10257
0.97722,0.0,0.10257
0.10071,0.0,0.1282
0.12355,0.11434,0.1282
0.1464,0.19569,0.1282
0.16924,0.24872,0.1282
0.19208,0.27808,0.1282
0.21492,0.28841,0.1282
0.23777,0.28439,0.1282
0.26061,0.27066,0.1282
0.28345,0.25187,0.1282
0.30629,0.23269,0.1282
0.32914,0.21777,0.1282
0.35198,0.21175,0.1282
0.37363,0.21175,0.1282
0.39527,0.21175,0.1282
0.41692,0.21175,0.1282
0.43856,0.21175,0.1282
0.46021,0.21175,0.1282
0.48185,0.21175,0.1282
0.5035,0.21175,0.1282
0.52514,0.21175,0.1282
0.54679,0.21175,0.1282
0.56843,0.21175,0.1282
0.59008,0.21175,0.1282
0.6131,0.21103,0.1282
0.63613,0.20882,0.1282
0.65915,0.20517,0.1282
0.68218,0.20003,0.1282
0.7052,0.19343,0.1282
0.72823,0.18538,0.1282
0.75125,0.17585,0.1282
0.77427,0.16486,0.1282
0.7973,0.1524,0.1282
0.82032,0.13849,0.1282
0.84335,0.1231,0.1282
0.86637,0.10624,0.1282
0.8894,0.08793,0.1282
0.91242,0.06814,0.1282
0.93544,0.04689,0.1282
0.95847,0.02418,0.1282
0.98149,0.0,0.1282
0.08962,0.0,0.15384
0.11205,0.11725,0.15384
0.13448,0.20435,0.15384
0.15691,0.2651,0.15384
0.17934,0.30332,0.15384
0.20177,0.3228,0.15384
0.22419,0.32734,0.15384
0.24662,0.32075,0.15384
0.26905,0.30683,0.15384
0.29148,0.28939,0.15384
0.31391,0.27222,0.15384
0.33634,0.25912,0.15384
0.35877,0.25391,0.15384
0.38262,0.25391,0.15384
0.40647,0.25391,0.15384
0.43033,0.25391,0.15384
0.45418,0.25391,0.15384
0.47803,0.25391,0.15384
0.50189,0.25391,0.15384
0.52574,0.25391,0.15384
0.54959,0.25391,0.15384
0.57345,0.25391,0.15384
0.5973,0.25391,0.15384
0.62013,0.25304,0.15384
0.64295,0.2504,0.15384
0.66578,0.24601,0.15384
0.68861,0.23986,0.15384
0.71143,0.23195,0.15384
0.73426,0.22228,0.15384
0.75709,0.21087,0.15384
0.77991,0.19769,0.15384
0.80274,0.18275,0.15384
0.82556,0.16606,0.15384
0.84839,0.14761,0.15384
0.87122,0.1274,0.15384
0.89405,0.10543,0.15384
0.91687,0.08171,0.15384
0.9397,0.05623,0.15384
0.96253,0.02899,0.15384
0.98535,0.0,0.15384
0.07943,0.0,0.17949
0.10323,0.12822,0.17949
0.12704,0.22423,0.17949
0.15084,0.29206,0.17949
0.17465,0.33571,0.17949
0.19845,0.35919,0.17949
0.22226,0.36652,0.17949
0.24607,0.36172,0.17949
0.26987,0.34879,0.17949
0.29368,0.33174,0.17949
0.31748,0.31461,0.17949
0.34129,0.30137,0.17949
0.36509,0.29607,0.17949
0.38683,0.29607,0.17949
0.40858,0.29607,0.17949
0.43032,0.29607,0.17949
0.45206,0.29607,0.17949
0.47381,0.29607,0.17949
0.49555,0.29607,0.17949
0.51729,0.29607,0.17949
0.53904,0.29607,0.17949
0.56078,0.29607,0.17949
0.58252,0.29607,0.17949
0.60426,0.29607,0.17949
0.6283,0.29492,0.17949
0.65234,0.29145,0.17949
0.67638,0.28566,0.17949
0.70042,0.27757,0.17949
0.72446,0.26717,0.17949
0.7485,0.25444,0.17949
0.77254,0.23941,0.17949
0.79658,0.22206,0.17949
0.82062,0.20239,0.17949
0.84466,0.18042,0.17949
0.8687,0.15614,0.17949
0.89274,0.12954,0.17949
0.91678,0.10062,0.17949
0.94082,0.06939,0.17949
0.96486,0.03585,0.17949
0.9889,0.0,0.17949
0.06994,0.0,0.20513
0.0931,0.12966,0.20513
0.11625,0.22988,0.20513
0.13941,0.30398,0.20513
0.16256,0.35527,0.20513
0.18572,0.38709,0.20513
0.20887,0.40273,0.20513
0.23203,0.40552,0.20513
0.25518,0.39878,0.20513
0.27834,0.38584,0.20513
0.30149,0.36999,0.20513
0.32465,0.35456,0.20513
0.3478,0.34287,0.20513
0.37096,0.33824,0.20513
0.39496,0.33824,0.20513
0.41896,0.33824,0.20513
0.44296,0.33824,0.20513
0.46696,0.33824,0.20513
0.49096,0.33824,0.20513
0.51497,0.33824,0.20513
0.53897,0.33824,0.20513
0.56297,0.33824,0.20513
0.58697,0.33824,0.20513
0.61097,0.33824,0.20513
0.6348,0.33691,0.20513
0.65863,0.33295,0.20513
0.68245,0.32635,0.20513
0.70628,0.3171,0.20513
0.73011,0.30521,0.20513
0.75393,0.29067,0.20513
0.77776,0.27349,0.20513
0.80159,0.25368,0.20513
0.82541,0.23121,0.20513
0.84924,0.20612,0.20513
0.87307,0.17837,0.20513
0.8969,0.14798,0.20513
0.92072,0.11495,0.20513
0.94455,0.07928,0.20513
0.96838,0.04095,0.20513
0.9922,0.0,0.20513
0.06103,0.0,0.23077
0.08528,0.1397,0.23077
0.10954,0.24824,0.23077
0.1338,0.32911,0.23077
0.15805,0.38578,0.23077
0.18231,0.42173,0.23077
0.20657,0.44043,0.23077
0.23082,0.44536,0.23077
0.25508,0.43999,0.23077
0.27933,0.42781,0.23077
0.30359,0.41228,0.23077
0.32785,0.39688,0.23077
0.3521,0.3851,0.23077
0.37636,0.3804,0.23077
0.40047,0.3804,0.23077
0.42457,0.3804,0.23077
0.44868,0.3804,0.23077
0.47279,0.3804,0.23077
0.49689,0.3804,0.23077
0.521,0.3804,0.23077
0.54511,0.3804,0.23077
0.56921,0.3804,0.23077
0.59332,0.3804,0.23077
0.61743,0.3804,0.23077
0.64105,0.37891,0.23077
0.66466,0.37445,0.23077
0.68828,0.36702,0.23077
0.7119,0.35663,0.23077
0.73552,0.34325,0.23077
0.75913,0.3269,0.23077
0.78275,0.30759,0.23077
0.80637,0.2853,0.23077
0.82998,0.26004,0.23077
0.8536,0.2318,0.23077
0.87722,0.2006,0.23077
0.90084,0.16642,0.23077
0.92445,0.12928,0.23077
0.94807,0.08915,0.23077
0.97169,0.04606,0.23077
0.99531,0.0,0.23077
0.0526,0.0,0.2564
0.07788,0.14968,0.2564
0.10317,0.26651,0.2564
0.12845,0.35413,0.2564
0.15374,0.41616,0.2564
0.17902,0.45625,0.2564
0.20431,0.47802,0.2564
0.22959,0.4851,0.2564
0.25488,0.48112,0.2564
0.28016,0.46973,0.2564
0.30545,0.45453,0.2564
0.33073,0.43919,0.2564
0.35602,0.42733,0.2564
0.3813,0.42256,0.2564
0.40333,0.42256,0.2564
0.42536,0.42256,0.2564
0.44739,0.42256,0.2564
0.46942,0.42256,0.2564
0.49145,0.42256,0.2564
0.51348,0.42256,0.2564
0.53551,0.42256,0.2564
0.55754,0.42256,0.2564
0.57957,0.42256,0.2564
0.6016,0.42256,0.2564
0.62363,0.42256,0.2564
0.6486,0.42068,0.2564
0.67358,0.41504,0.2564
0.69855,0.40565,0.2564
0.72352,0.39251,0.2564
0.7485,0.37561,0.2564
0.77347,0.35495,0.2564
0.79845,0.33053,0.2564
0.82342,0.30236,0.2564
0.8484,0.27043,0.2564
0.87337,0.23475,0.2564
0.89834,0.19532,0.2564
0.92332,0.15212,0.2564
0.94829,0.10517,0.2564
0.97327,0.05446,0.2564
0.99824,0.0,0.2564
0.04458,0.0,0.28206
0.06895,0.1494,0.28206
0.09332,0.2688,0.28206
0.1177,0.36123,0.28206
0.14207,0.42972,0.28206
0.16644,0.47729,0.28206
0.19081,0.50699,0.28206
0.21518,0.52184,0.28206
0.23955,0.52487,0.28206
0.26392,0.51912,0.28206
0.2883,0.50762,0.28206
0.31267,0.4934,0.28206
0.33704,0.47949,0.28206
0.36141,0.46892,0.28206
0.38578,0.46472,0.28206
0.41016,0.46472,0.28206
0.43454,0.46472,0.28206
0.45892,0.46472,0.28206
0.4833,0.46472,0.28206
0.50768,0.46472,0.28206
0.53206,0.46472,0.28206
0.55644,0.46472,0.28206
0.58082,0.46472,0.28206
0.6052,0.46472,0.28206
0.62957,0.46472,0.28206
0.65427,0.46373,0.28206
0.67896,0.46075,0.28206
0.70366,0.45575,0.28206
0.72835,0.44863,0.28206
0.75305,0.43932,0.28206
0.77774,0.42764,0.28206
0.80244,0.4134,0.28206
0.82713,0.39629,0.28206
0.85183,0.37591,0.28206
0.87653,0.35164,0.28206
0.90122,0.32256,0.28206
0.92591,0.2871,0.28206
0.95061,0.2422,0.28206
0.9753,0.18009,0.28206
1.0,0.02066,0.28206
0.03692,0.0,0.3077
0.06213,0.15864,0.3077
0.08733,0.28583,0.3077
0.11254,0.38473,0.3077
0.13774,0.45848,0.3077
0.16295,0.51024,0.3077
0.18816,0.54317,0.3077
0.21336,0.56042,0.3077
0.23857,0.56513,0.3077
0.26377,0.56048,0.3077
0.28898,0.54958,0.3077
0.31419,0.53563,0.3077
0.33939,0.52176,0.3077
0.3646,0.51112,0.3077
0.3898,0.50688,0.3077
0.41435,0.50688,0.3077
0.43889,0.50688,0.3077
0.46344,0.50688,0.3077
0.48799,0.50688,0.3077
0.51253,0.50688,0.3077
0.53708,0.50688,0.3077
0.56163,0.50688,0.3077
0.58617,0.50688,0.3077
0.61072,0.50688,0.3077
0.63526,0.50688,0.3077
0.65945,0.50588,0.3077
0.68363,0.50284,0.3077
0.70781,0.49776,0.3077
0.732,0.49052,0.3077
0.75618,0.48104,0.3077
0.78036,0.46917,0.3077
0.80455,0.45467,0.3077
0.82873,0.43727,0.3077
0.85291,0.41653,0.3077
0.8771,0.39185,0.3077
0.90128,0.36226,0.3077
0.92546,0.32618,0.3077
0.94965,0.2805,0.3077
0.97383,0.21732,0.3077
0.99801,0.05514,0.3077
0.02957,0.0,0.33333
0.05383,0.15771,0.33333
0.07808,0.28658,0.33333
0.10233,0.38927,0.33333
0.12658,0.46847,0.33333
0.15084,0.52681,0.33333
0.17509,0.56696,0.33333
0.19934,0.59159,0.33333
0.22359,0.60335,0.33333
0.24785,0.60491,0.33333
0.2721,0.59893,0.33333
0.29635,0.58806,0.33333
0.3206,0.57498,0.33333
0.34486,0.56234,0.33333
0.36911,0.55281,0.33333
0.39336,0.54904,0.33333
0.4181,0.54904,0.33333
0.44283,0.54904,0.33333
0.46756,0.54904,0.33333
0.4923,0.54904,0.33333
0.51703,0.54904,0.33333
0.54176,0.54904,0.33333
0.5665,0.54904,0.33333
0.59123,0.54904,0.33333
0.61597,0.54904,0.33333
0.6407,0.54904,0.33333
0.66608,0.54787,0.33333
0.69146,0.54432,0.33333
0.71684,0.53835,0.33333
0.74222,0.52984,0.33333
0.7676,0.51868,0.33333
0.79298,0.50462,0.33333
0.81836,0.48736,0.33333
0.84375,0.46647,0.33333
0.86913,0.4413,0.33333
0.89451,0.41085,0.33333
0.91989,0.37344,0.33333
0.94527,0.32579,0.33333
0.97065,0.25952,0.33333
0.99603,0.08865,0.33333
0.0225,0.0,0.35897
0.04743,0.16629,0.35897
0.07236,0.3025,0.35897
0.0973,0.41139,0.35897
0.12223,0.49573,0.35897
0.14716,0.55826,0.35897
0.17209,0.60176,0.35897
0.19702,0.62895,0.35897
0.22195,0.64263,0.35897
0.24688,0.64553,0.35897
0.27181,0.64042,0.35897
0.29674,0.63006,0.35897
0.32167,0.61719,0.35897
0.3466,0.60459,0.35897
0.37153,0.59501,0.35897
0.39646,0.5912,0.35897
0.4214,0.5912,0.35897
0.44634,0.5912,0.35897
0.47129,0.5912,0.35897
0.49623,0.5912,0.35897
0.52117,0.5912,0.35897
0.54611,0.5912,0.35897
0.57105,0.5912,0.35897
0.596,0.5912,0.35897
0.62094,0.5912,0.35897
0.64588,0.5912,0.35897
0.67075,0.59001,0.35897
0.69562,0.58638,0.35897
0.72049,0.58031,0.35897
0.74536,0.57165,0.35897
0.77022,0.56027,0.35897
0.79509,0.54594,0.35897
0.81996,0.52836,0.35897
0.84483,0.50708,0.35897
0.8697,0.48144,0.35897
0.89457,0.45042,0.35897
0.91944,0.4123,0.35897
0.9443,0.36375,0.35897
0.96917,0.29624,0.35897
0.99404,0.12215,0.35897
0.01568,0.0,0.38461
0.04124,0.17482,0.38461
0.0668,0.31834,0.38461
0.09237,0.43341,0.38461
0.11793,0.52288,0.38461
0.14349,0.5896,0.38461
0.16905,0.63642,0.38461
0.19461,0.66621,0.38461
0.22017,0.68181,0.38461
0.24573,0.68607,0.38461
0.27129,0.68186,0.38461
0.29685,0.672,0.38461
0.32242,0.65937,0.38461
0.34798,0.64683,0.38461
0.37354,0.6372,0.38461
0.3991,0.63336,0.38461
0.42198,0.63336,0.38461
0.44486,0.63336,0.38461
0.46775,0.63336,0.38461
0.49063,0.63336,0.38461
0.51351,0.63336,0.38461
0.53639,0.63336,0.38461
0.55928,0.63336,0.38461
0.58216,0.63336,0.38461
0.60504,0.63336,0.38461
0.62792,0.63336,0.38461
0.65081,0.63336,0.38461
0.67706,0.63194,0.38461
0.70331,0.62768,0.38461
0.72956,0.62047,0.38461
0.75581,0.61018,0.38461
0.78206,0.59661,0.38461
0.80831,0.57944,0.38461
0.83456,0.5582,0.38461
0.86081,0.5322,0.38461
0.88706,0.50037,0.38461
0.91331,0.4609,0.38461
0.93956,0.41025,0.38461
0.96581,0.33939,0.38461
0.99206,0.15566,0.38461
0.00909,0.0,0.41026
0.03523,0.18331,0.41026
0.06138,0.3341,0.41026
0.08752,0.45531,0.41026
0.11367,0.54989,0.41026
0.13981,0.6208,0.41026
0.16596,0.67096,0.41026
0.19211,0.70335,0.41026
0.21825,0.72089,0.41026
0.2444,0.72652,0.41026
0.27054,0.72321,0.41026
0.29669,0.71391,0.41026
0.32284,0.70153,0.41026
0.34898,0.68904,0.41026
0.37513,0.67939,0.41026
0.40127,0.67552,0.41026
0.42438,0.67552,0.41026
0.44749,0.67552,0.41026
0.4706,0.67552,0.41026
0.49371,0.67552,0.41026
0.51682,0.67552,0.41026
0.53993,0.67552,0.41026
0.56304,0.67552,0.41026
0.58615,0.67552,0.41026
0.60926,0.67552,0.41026
0.63237,0.67552,0.41026
0.65548,0.67552,0.41026
0.68122,0.67408,0.41026
0.70695,0.66973,0.41026
0.73269,0.6624,0.41026
0.75843,0.65192,0.41026
0.78417,0.63811,0.41026
0.80991,0.62062,0.41026
0.83564,0.59899,0.41026
0.86138,0.57252,0.41026
0.88712,0.54012,0.41026
0.91286,0.49993,0.41026
0.9386,0.44836,0.41026
0.96433,0.37623,0.41026
0.99007,0.18917,0.41026
0.00346,0.0,0.4359
0.02843,0.18043,0.4359
0.05341,0.33115,0.4359
0.07838,0.45464,0.4359
0.10335,0.5534,0.4359
0.12832,0.62993,0.4359
0.15329,0.68673,0.4359
0.17826,0.72628,0.4359
0.20323,0.75108,0.4359
0.2282,0.76361,0.4359
0.25317,0.7664,0.4359
0.27814,0.7619,0.4359
0.30311,0.75263,0.4359
0.32808,0.74108,0.4359
0.35305,0.72974,0.4359
0.37802,0.72111,0.4359
0.40299,0.71769,0.4359
0.42868,0.71769,0.4359
0.45437,0.71769,0.4359
0.48006,0.71769,0.4359
0.50575,0.71769,0.4359
0.53144,0.71769,0.4359
0.55713,0.71769,0.4359
0.58282,0.71769,0.4359
0.60851,0.71769,0.4359
0.6342,0.71769,0.4359
0.65989,0.71769,0.4359
0.68514,0.71621,0.4359
0.71039,0.71179,0.4359
0.73563,0.70432,0.4359
0.76088,0.69367,0.4359
0.78612,0.67961,0.4359
0.81137,0.66181,0.4359
0.83661,0.63979,0.4359
0.86186,0.61285,0.4359
0.8871,0.57987,0.4359
0.91235,0.53897,0.4359
0.93759,0.48648,0.4359
0.96284,0.41306,0.4359
0.98808,0.22267,0.4359
0.0023,0.0,0.46154
0.02742,0.18606,0.46154
0.05254,0.34194,0.46154
0.07766,0.47016,0.46154
0.10278,0.57321,0.46154
0.1279,0.65359,0.46154
0.15303,0.71383,0.46154
0.17815,0.75643,0.46154
0.20327,0.7839,0.46154
0.22839,0.79875,0.46154
0.25351,0.80347,0.46154
0.27864,0.80059,0.46154
0.30376,0.79261,0.46154
0.32888,0.78204,0.46154
0.354,0.77138,0.46154
0.37912,0.76315,0.46154
0.40424,0.75984,0.46154
0.43023,0.75984,0.46154
0.45621,0.75984,0.46154
0.48219,0.75984,0.46154
0.50817,0.75984,0.46154
0.53415,0.75984,0.46154
0.56013,0.75984,0.46154
0.58611,0.75984,0.46154
0.61209,0.75984,0.46154
0.63808,0.75984,0.46154
0.66406,0.75984,0.46154
0.68883,0.75835,0.46154
0.7136,0.75384,0.46154
0.73837,0.74625,0.46154
0.76315,0.73541,0.46154
0.78792,0.7211,0.46154
0.81269,0.70299,0.46154
0.83746,0.6806,0.46154
0.86224,0.65318,0.46154
0.88701,0.61962,0.46154
0.91178,0.578,0.46154
0.93655,0.5246,0.46154
0.96133,0.44989,0.46154
0.9861,0.25618,0.46154
0.00136,0.0,0.48717
0.02659,0.19149,0.48717
0.05182,0.35239,0.48717
0.07705,0.48521,0.48717
0.10228,0.59247,0.48717
0.12751,0.67669,0.48717
0.15274,0.74038,0.48717
0.17797,0.78607,0.48717
0.2032,0.81625,0.48717
0.22843,0.83347,0.48717
0.25366,0.84022,0.48717
0.27889,0.83903,0.48717
0.30412,0.83241,0.48717
0.32935,0.82288,0.48717
0.35458,0.81296,0.48717
0.37981,0.80516,0.48717
0.40504,0.802,0.48717
0.42894,0.802,0.48717
0.45284,0.802,0.48717
0.47674,0.802,0.48717
0.50065,0.802,0.48717
0.52455,0.802,0.48717
0.54845,0.802,0.48717
0.57235,0.802,0.48717
0.59626,0.802,0.48717
0.62016,0.802,0.48717
0.64406,0.802,0.48717
0.66796,0.802,0.48717
0.69431,0.80022,0.48717
0.72066,0.79483,0.48717
0.747,0.78573,0.48717
0.77335,0.77271,0.48717
0.79969,0.75541,0.48717
0.82604,0.73337,0.48717
0.85238,0.7058,0.48717
0.87873,0.67154,0.48717
0.90507,0.62855,0.48717
0.93142,0.57288,0.48717
0.95777,0.49443,0.48717
0.98411,0.28969,0.48717
0.00067,0.0,0.51283
0.02597,0.19669,0.51283
0.05126,0.36244,0.51283
0.07655,0.49975,0.51283
0.10185,0.61116,0.51283
0.12714,0.69916,0.51283
0.15243,0.7663,0.51283
0.17773,0.81509,0.51283
0.20302,0.84804,0.51283
0.22832,0.86768,0.51283
0.25361,0.87653,0.51283
0.2789,0.87711,0.51283
0.3042,0.87193,0.51283
0.32949,0.86351,0.51283
0.35478,0.85438,0.51283
0.38008,0.84705,0.51283
0.40537,0.84406,0.51283
0.42957,0.84406,0.51283
0.45378,0.84406,0.51283
0.47798,0.84406,0.51283
0.50219,0.84406,0.51283
0.52639,0.84406,0.51283
0.5506,0.84406,0.51283
0.5748,0.84406,0.51283
0.599,0.84406,0.51283
0.62321,0.84406,0.51283
0.64741,0.84406,0.51283
0.67162,0.84406,0.51283
0.69749,0.84224,0.51283
0.72337,0.83675,0.51283
0.74924,0.82747,0.51283
0.77512,0.81419,0.51283
0.801,0.79656,0.51283
0.82687,0.7741,0.51283
0.85275,0.746,0.51283
0.87862,0.71108,0.51283
0.9045,0.66726,0.51283
0.93037,0.61051,0.51283
0.95625,0.53054,0.51283
0.98213,0.32184,0.51283
0.00022,0.0,0.53846
0.02553,0.20153,0.53846
0.05085,0.37162,0.53846
0.07616,0.5128,0.53846
0.10147,0.62761,0.53846
0.12679,0.71862,0.53846
0.1521,0.78835,0.53846
0.17742,0.83935,0.53846
0.20273,0.87419,0.53846
0.22804,0.89539,0.53846
0.25336,0.9055,0.53846
0.27867,0.90708,0.53846
0.30399,0.90265,0.53846
0.3293,0.89479,0.53846
0.35461,0.88601,0.53846
0.37993,0.87888,0.53846
0.40524,0.87594,0.53846
0.42977,0.87594,0.53846
0.45429,0.87594,0.53846
0.47882,0.87594,0.53846
0.50334,0.87594,0.53846
0.52787,0.87594,0.53846
0.55239,0.87594,0.53846
0.57692,0.87594,0.53846
0.60144,0.87594,0.53846
0.62596,0.87594,0.53846
0.65049,0.87594,0.53846
0.67501,0.87594,0.53846
0.70044,0.87407,0.53846
0.72587,0.86842,0.53846
0.7513,0.85887,0.53846
0.77672,0.84521,0.53846
0.80215,0.82707,0.53846
0.82758,0.80394,0.53846
0.853,0.77504,0.53846
0.87843,0.7391,0.53846
0.90386,0.694,0.53846
0.92929,0.63561,0.53846
0.95471,0.55333,0.53846
0.98014,0.33856,0.53846
0.0,0.0,0.5641
0.02529,0.20601,0.5641
0.05058,0.37996,0.5641
0.07587,0.52442,0.5641
0.10116,0.642,0.5641
0.12645,0.73528,0.5641
0.15174,0.80686,0.5641
0.17704,0.85932,0.5641
0.20233,0.89525,0.5641
0.22762,0.91726,0.5641
0.25291,0.92792,0.5641
0.2782,0.92983,0.5641
0.30349,0.92559,0.5641
0.32878,0.91778,0.5641
0.35407,0.90899,0.5641
0.37936,0.90182,0.5641
0.40465,0.89885,0.5641
0.42952,0.89885,0.5641
0.45438,0.89885,0.5641
0.47925,0.89885,0.5641
0.50411,0.89885,0.5641
0.52897,0.89885,0.5641
0.55384,0.89885,0.5641
0.5787,0.89885,0.5641
0.60356,0.89885,0.5641
0.62843,0.89885,0.5641
0.65329,0.89885,0.5641
0.67816,0.89885,0.5641
0.70316,0.89693,0.5641
0.72816,0.89115,0.5641
0.75316,0.88135,0.5641
0.77816,0.86732,0.5641
0.80316,0.84872,0.5641
0.82816,0.82499,0.5641
0.85316,0.79533,0.5641
0.87816,0.75845,0.5641
0.90316,0.71219,0.5641
0.92816,0.65228,0.5641
0.95315,0.56786,0.5641
0.97816,0.34751,0.5641
2e-05,0.0,0.58974
0.02525,0.21015,0.58974
0.05047,0.38759,0.58974
0.07569,0.53497,0.58974
0.10092,0.65491,0.58974
0.12614,0.75007,0.58974
0.15136,0.8231,0.58974
0.17659,0.87661,0.58974
0.20181,0.91328,0.58974
0.22704,0.93574,0.58974
0.25226,0.94662,0.58974
0.27748,0.94858,0.58974
0.30271,0.94426,0.58974
0.32793,0.9363,0.58974
0.35316,0.92734,0.58974
0.37838,0.92003,0.58974
0.4036,0.917,0.58974
0.42883,0.917,0.58974
0.45405,0.917,0.58974
0.47927,0.917,0.58974
0.50449,0.917,0.58974
0.52971,0.917,0.58974
0.55493,0.917,0.58974
0.58016,0.917,0.58974
0.60538,0.917,0.58974
0.6306,0.917,0.58974
0.65582,0.917,0.58974
0.68104,0.917,0.58974
0.70564,0.91504,0.58974
0.73023,0.9091,0.58974
0.75482,0.89907,0.58974
0.77942,0.8847,0.58974
0.80401,0.86564,0.58974
0.82861,0.84132,0.58974
0.8532,0.81094,0.58974
0.87779,0.77316,0.58974
0.90239,0.72577,0.58974
0.92698,0.66438,0.58974
0.95158,0.57789,0.58974
0.97617,0.35216,0.58974
0.00028,0.0,0.61539
0.02539,0.21395,0.61539
0.05051,0.39457,0.61539
0.07562,0.54452,0.61539
0.10073,0.66654,0.61539
0.12585,0.76331,0.61539
0.15096,0.83751,0.61539
0.17607,0.89185,0.61539
0.20119,0.92903,0.61539
0.2263,0.95174,0.61539
0.25141,0.96267,0.61539
0.27653,0.96452,0.61539
0.30164,0.96,0.61539
0.32675,0.95178,0.61539
0.35187,0.94257,0.61539
0.37698,0.93508,0.61539
0.40209,0.93198,0.61539
0.42556,0.93198,0.61539
0.44902,0.93198,0.61539
0.47249,0.93198,0.61539
0.49595,0.93198,0.61539
0.51942,0.93198,0.61539
0.54288,0.93198,0.61539
0.56635,0.93198,0.61539
0.58982,0.93198,0.61539
0.61328,0.93198,0.61539
0.63675,0.93198,0.61539
0.66021,0.93198,0.61539
0.68368,0.93198,0.61539
0.71009,0.92958,0.61539
0.7365,0.92233,0.61539
0.76291,0.91005,0.61539
0.78932,0.89237,0.61539
0.81573,0.86875,0.61539
0.84213,0.83834,0.61539
0.86854,0.79972,0.61539
0.89495,0.75052,0.61539
0.92136,0.68607,0.61539
0.94777,0.59446,0.61539
0.97418,0.35344,0.61539
0.00078,0.0,0.64103
0.02574,0.21739,0.64103
0.0507,0.40086,0.64103
0.07566,0.55313,0.64103
0.10061,0.67696,0.64103
0.12557,0.7751,0.64103
0.15053,0.8503,0.64103
0.17549,0.9053,0.64103
0.20045,0.94284,0.64103
0.22541,0.96569,0.64103
0.25037,0.97657,0.64103
0.27533,0.97824,0.64103
0.30029,0.97345,0.64103
0.32524,0.96494,0.64103
0.3502,0.95546,0.64103
0.37516,0.94776,0.64103
0.40012,0.94458,0.64103
0.42395,0.94458,0.64103
0.44778,0.94458,0.64103
0.4716,0.94458,0.64103
0.49543,0.94458,0.64103
0.51926,0.94458,0.64103
0.54309,0.94458,0.64103
0.56692,0.94458,0.64103
0.59074,0.94458,0.64103
0.61457,0.94458,0.64103
0.6384,0.94458,0.64103
0.66223,0.94458,0.64103
0.68605,0.94458,0.64103
0.71207,0.94212,0.64103
0.73808,0.93469,0.64103
0.76409,0.9221,0.64103
0.79011,0.90399,0.64103
0.81612,0.87979,0.64103
0.84213,0.8486,0.64103
0.86815,0.80902,0.64103
0.89416,0.75859,0.64103
0.92017,0.69254,0.64103
0.94618,0.59863,0.64103
0.9722,0.3516,0.64103
0.00151,0.0,0.66667
0.02627,0.22047,0.66667
0.05104,0.40646,0.66667
0.0758,0.56077,0.66667
0.10056,0.6862,0.66667
0.12532,0.78553,0.66667
0.15008,0.86157,0.66667
0.17484,0.9171,0.66667
0.1996,0.95492,0.66667
0.22436,0.97783,0.66667
0.24912,0.98862,0.66667
0.27388,0.99009,0.66667
0.29864,0.98501,0.66667
0.3234,0.97621,0.66667
0.34817,0.96646,0.66667
0.37293,0.95856,0.66667
0.39769,0.9553,0.66667
0.4219,0.9553,0.66667
0.4461,0.9553,0.66667
0.47031,0.9553,0.66667
0.49452,0.9553,0.66667
0.51872,0.9553,0.66667
0.54293,0.9553,0.66667
0.56714,0.9553,0.66667
0.59135,0.9553,0.66667
0.61556,0.9553,0.66667
0.63976,0.9553,0.66667
0.66397,0.9553,0.66667
0.68818,0.9553,0.66667
0.71382,0.95278,0.66667
0.73946,0.94516,0.66667
0.7651,0.93222,0.66667
0.79074,0.91361,0.66667
0.81637,0.88876,0.66667
0.84201,0.85673,0.66667
0.86765,0.81608,0.66667
0.89329,0.76429,0.66667
0.91893,0.69645,0.66667
0.94457,0.60001,0.66667
0.97021,0.34629,0.66667
0.00249,0.0,0.6923
0.02701,0.22315,0.6923
0.05153,0.41135,0.6923
0.07605,0.56743,0.6923
0.10056,0.69423,0.6923
0.12508,0.79458,0.6923
0.1496,0.87134,0.6923
0.17412,0.92732,0.6923
0.19864,0.96536,0.6923
0.22316,0.98831,0.6923
0.24768,0.999,0.6923
0.2722,1.0,0.6923
0.29672,0.99493,0.6923
0.32124,0.98585,0.6923
0.34575,0.97585,0.6923
0.37027,0.96777,0.6923
0.39479,0.96445,0.6923
0.4194,0.96445,0.6923
0.444,0.96445,0.6923
0.46861,0.96445,0.6923
0.49321,0.96445,0.6923
0.51782,0.96445,0.6923
0.54242,0.96445,0.6923
0.56702,0.96445,0.6923
0.59163,0.96445,0.6923
0.61623,0.96445,0.6923
0.64084,0.96445,0.6923
0.66544,0.96445,0.6923
0.69005,0.96445,0.6923
0.71534,0.96185,0.6923
0.74063,0.95401,0.6923
0.76591,0.94071,0.6923
0.7912,0.92156,0.6923
0.81649,0.896,0.6923
0.84178,0.86306,0.6923
0.86707,0.82125,0.6923
0.89236,0.76797,0.6923
0.91765,0.6982,0.6923
0.94294,0.599,0.6923
0.96823,0.33804,0.6923
0.0037,0.0,0.71794
0.02793,0.22542,0.71794
0.05217,0.41548,0.71794
0.0764,0.57306,0.71794
0.10063,0.70103,0.71794
0.12487,0.80225,0.71794
0.1491,0.87961,0.71794
0.17334,0.93597,0.71794
0.19757,0.97421,0.71794
0.2218,0.9972,0.71794
0.24604,1.0,0.71794
0.27027,1.0,0.71794
0.2945,1.0,0.71794
0.31874,0.99405,0.71794
0.34297,0.98383,0.71794
0.3672,0.9756,0.71794
0.39144,0.97222,0.71794
0.41646,0.97222,0.71794
0.44147,0.97222,0.71794
0.46649,0.97222,0.71794
0.49151,0.97222,0.71794
0.51653,0.97222,0.71794
0.54155,0.97222,0.71794
0.56657,0.97222,0.71794
0.59159,0.97222,0.71794
0.61661,0.97222,0.71794
0.64162,0.97222,0.71794
0.66664,0.97222,0.71794
0.69166,0.97222,0.71794
0.71662,0.96956,0.71794
0.74158,0.96152,0.71794
0.76655,0.94786,0.71794
0.79151,0.92824,0.71794
0.81647,0.90201,0.71794
0.84143,0.86822,0.71794
0.86639,0.82533,0.71794
0.89135,0.77068,0.71794
0.91632,0.69911,0.71794
0.94128,0.59735,0.71794
0.96624,0.32966,0.71794
0.00515,0.0,0.7436
0.03065,0.2411,0.7436
0.05615,0.44183,0.7436
0.08164,0.6057,0.7436
0.10714,0.73626,0.7436
0.13264,0.83699,0.7436
0.15814,0.91144,0.7436
0.18364,0.96311,0.7436
0.20913,0.99552,0.7436
0.23463,1.0,0.7436
0.26013,1.0,0.7436
0.28563,1.0,0.7436
0.31113,1.0,0.7436
0.33663,0.99188,0.7436
0.36212,0.98265,0.7436
0.38762,0.97879,0.7436
0.41111,0.97879,0.7436
0.43461,0.97879,0.7436
0.4581,0.97879,0.7436
0.48159,0.97879,0.7436
0.50508,0.97879,0.7436
0.52858,0.97879,0.7436
0.55207,0.97879,0.7436
0.57556,0.97879,0.7436
0.59905,0.97879,0.7436
0.62254,0.97879,0.7436
0.64604,0.97879,0.7436
0.66953,0.97879,0.7436
0.69302,0.97879,0.7436
0.71768,0.97607,0.7436
0.74234,0.96783,0.7436
0.76699,0.95387,0.7436
0.79165,0.93378,0.7436
0.81631,0.90694,0.7436
0.84097,0.87237,0.7436
0.86562,0.82847,0.7436
0.89028,0.77256,0.7436
0.91494,0.69932,0.7436
0.9396,0.5952,0.7436
0.96425,0.32128,0.7436
0.00684,0.0,0.76923
0.03194,0.24255,0.76923
0.05704,0.44448,0.76923
0.08214,0.60933,0.76923
0.10724,0.74064,0.76923
0.13234,0.84194,0.76923
0.15744,0.91679,0.76923
0.18254,0.96872,0.76923
0.20764,1.0,0.76923
0.23274,1.0,0.76923
0.25784,1.0,0.76923
0.28294,1.0,0.76923
0.30804,1.0,0.76923
0.33314,0.99744,0.76923
0.35824,0.98814,0.76923
0.38335,0.98425,0.76923
0.40725,0.98425,0.76923
0.43116,0.98425,0.76923
0.45506,0.98425,0.76923
0.47897,0.98425,0.76923
0.50288,0.98425,0.76923
0.52678,0.98425,0.76923
0.55069,0.98425,0.76923
0.57459,0.98425,0.76923
0.5985,0.98425,0.76923
0.62241,0.98425,0.76923
0.64631,0.98425,0.76923
0.67022,0.98425,0.76923
0.69412,0.98425,0.76923
0.7185,0.98147,0.76923
0.74288,0.97305,0.76923
0.76725,0.9588,0.76923
0.79163,0.93829,0.76923
0.81601,0.91089,0.76923
0.84038,0.87559,0.76923
0.86476,0.83077,0.76923
0.88914,0.77368,0.76923
0.91351,0.6989,0.76923
0.93789,0.59258,0.76923
0.96227,0.3129,0.76923
0.00876,0.0,0.79487
0.03342,0.24349,0.79487
0.05808,0.44622,0.79487
0.08273,0.61173,0.79487
0.10739,0.74359,0.79487
0.13204,0.84534,0.79487
0.1567,0.92054,0.79487
0.18136,0.97274,0.79487
0.20601,1.0,0.79487
0.23067,1.0,0.79487
0.25533,1.0,0.79487
0.27998,1.0,0.79487
0.30464,1.0,0.79487
0.3293,1.0,0.79487
0.35395,0.99258,0.79487
0.37861,0.98869,0.79487
0.40294,0.98869,0.79487
0.42728,0.98869,0.79487
0.45161,0.98869,0.79487
0.47595,0.98869,0.79487
0.50029,0.98869,0.79487
0.52462,0.98869,0.79487
0.54896,0.98869,0.79487
0.57329,0.98869,0.79487
0.59763,0.98869,0.79487
0.62197,0.98869,0.79487
0.6463,0.98869,0.79487
0.67064,0.98869,0.79487
0.69497,0.98869,0.79487
0.71909,0.98585,0.79487
0.74321,0.97728,0.79487
0.76733,0.96275,0.79487
0.79145,0.94185,0.79487
0.81557,0.91393,0.79487
0.83969,0.87795,0.79487
0.86381,0.83228,0.79487
0.88793,0.7741,0.79487
0.91204,0.69789,0.79487
0.93616,0.58954,0.79487
0.96028,0.30452,0.79487
0.01093,0.0,0.82051
0.03509,0.24388,0.82051
0.05926,0.44698,0.82051
0.08342,0.61286,0.82051
0.10759,0.74506,0.82051
0.13176,0.84713,0.82051
0.15592,0.92263,0.82051
0.18009,0.9751,0.82051
0.20425,1.0,0.82051
0.22842,1.0,0.82051
0.25258,1.0,0.82051
0.27675,1.0,0.82051
0.30091,1.0,0.82051
0.32508,1.0,0.82051
0.34924,0.99604,0.82051
0.37341,0.99217,0.82051
0.39819,0.99217,0.82051
0.42297,0.99217,0.82051
0.44775,0.99217,0.82051
0.47254,0.99217,0.82051
0.49732,0.99217,0.82051
0.5221,0.99217,0.82051
0.54688,0.99217,0.82051
0.57166,0.99217,0.82051
0.59644,0.99217,0.82051
0.62122,0.99217,0.82051
0.64601,0.99217,0.82051
0.67079,0.99217,0.82051
0.69557,0.99217,0.82051
0.71945,0.98929,0.82051
0.74334,0.98057,0.82051
0.76722,0.96578,0.82051
0.79111,0.94451,0.82051
0.81499,0.9161,0.82051
0.83887,0.87951,0.82051
0.86276,0.83305,0.82051
0.88664,0.77385,0.82051
0.91053,0.69632,0.82051
0.93441,0.5861,0.82051
0.9583,0.29614,0.82051
0.01333,0.0,0.84616
0.03696,0.2437,0.84616
0.06059,0.44674,0.84616
0.08421,0.61266,0.84616
0.10784,0.74498,0.84616
0.13147,0.84725,0.84616
0.1551,0.923,0.84616
0.17873,0.97576,0.84616
0.20235,1.0,0.84616
0.22598,1.0,0.84616
0.24961,1.0,0.84616
0.27324,1.0,0.84616
0.29687,1.0,0.84616
0.32049,1.0,0.84616
0.34412,0.99855,0.84616
0.36775,0.99473,0.84616
0.39299,0.99473,0.84616
0.41823,0.99473,0.84616
0.44348,0.99473,0.84616
0.46872,0.99473,0.84616
0.49396,0.99473,0.84616
0.51921,0.99473,0.84616
0.54445,0.99473,0.84616
0.56969,0.99473,0.84616
0.59494,0.99473,0.84616
0.62018,0.99473,0.84616
0.64542,0.99473,0.84616
0.67066,0.99473,0.84616
0.69591,0.99473,0.84616
0.71958,0.9918,0.84616
0.74325,0.98294,0.84616
0.76693,0.96792,0.84616
0.7906,0.94632,0.84616
0.81427,0.91747,0.84616
0.83795,0.8803,0.84616
0.86162,0.8331,0.84616
0.88529,0.77299,0.84616
0.90896,0.69423,0.84616
0.93264,0.58228,0.84616
0.95631,0.28776,0.84616
0.01597,0.0,0.8718
0.04066,0.25867,0.8718
0.06535,0.47127,0.8718
0.09004,0.64208,0.8718
0.11473,0.77541,0.8718
0.13942,0.8756,0.8718
0.16411,0.94693,0.8718
0.1888,0.99373,0.8718
0.21349,1.0,0.8718
0.23818,1.0,0.8718
0.26287,1.0,0.8718
0.28756,1.0,0.8718
0.31225,1.0,0.8718
0.33694,1.0,0.8718
0.36163,0.9964,0.8718
0.38551,0.9964,0.8718
0.40939,0.9964,0.8718
0.43328,0.9964,0.8718
0.45716,0.9964,0.8718
0.48104,0.9964,0.8718
0.50493,0.9964,0.8718
0.52881,0.9964,0.8718
0.55269,0.9964,0.8718
0.57658,0.9964,0.8718
0.60046,0.9964,0.8718
0.62434,0.9964,0.8718
0.64823,0.9964,0.8718
0.67211,0.9964,0.8718
0.69599,0.9964,0.8718
0.71948,0.99343,0.8718
0.74296,0.98445,0.8718
0.76645,0.96922,0.8718
0.78993,0.94731,0.8718
0.81342,0.91804,0.8718
0.8369,0.88035,0.8718
0.86039,0.83248,0.8718
0.88387,0.7715,0.8718
0.90736,0.69164,0.8718
0.93084,0.57809,0.8718
0.95432,0.27937,0.8718
0.01885,0.0,0.89743
0.04286,0.25716,0.89743
0.06688,0.46871,0.89743
0.09089,0.6389,0.89743
0.11491,0.77197,0.89743
0.13892,0.87219,0.89743
0.16293,0.94379,0.89743
0.18695,0.99106,0.89743
0.21096,1.0,0.89743
0.23498,1.0,0.89743
0.25899,1.0,0.89743
0.283,1.0,0.89743
0.30702,1.0,0.89743
0.33103,1.0,0.89743
0.35505,0.99725,0.89743
0.37777,0.99725,0.89743
0.40048,0.99725,0.89743
0.4232,0.99725,0.89743
0.44592,0.99725,0.89743
0.46864,0.99725,0.89743
0.49136,0.99725,0.89743
0.51408,0.99725,0.89743
0.53679,0.99725,0.89743
0.55951,0.99725,0.89743
0.58223,0.99725,0.89743
0.60495,0.99725,0.89743
0.62767,0.99725,0.89743
0.65039,0.99725,0.89743
0.6731,0.99725,0.89743
0.69582,0.99725,0.89743
0.72147,0.99361,0.89743
0.74713,0.98257,0.89743
0.77278,0.9638,0.89743
0.79843,0.93662,0.89743
0.82408,0.89995,0.89743
0.84973,0.85199,0.89743
0.87538,0.78964,0.89743
0.90104,0.70675,0.89743
0.92669,0.58756,0.89743
0.95234,0.27099,0.89743
0.02197,0.0,0.92307
0.04526,0.25495,0.92307
0.06854,0.46495,0.92307
0.09183,0.63419,0.92307
0.11512,0.76683,0.92307
0.13841,0.86703,0.92307
0.1617,0.93898,0.92307
0.18499,0.98685,0.92307
0.20827,1.0,0.92307
0.23156,1.0,0.92307
0.25485,1.0,0.92307
0.27814,1.0,0.92307
0.30143,1.0,0.92307
0.32472,1.0,0.92307
0.348,0.99787,0.92307
0.37116,0.99787,0.92307
0.39432,0.99787,0.92307
0.41748,0.99787,0.92307
0.44064,0.99787,0.92307
0.4638,0.99787,0.92307
0.48696,0.99787,0.92307
0.51012,0.99787,0.92307
0.53328,0.99787,0.92307
0.55644,0.99787,0.92307
0.5796,0.99787,0.92307
0.60276,0.99787,0.92307
0.62592,0.99787,0.92307
0.64908,0.99787,0.92307
0.67224,0.99787,0.92307
0.6954,0.99787,0.92307
0.72089,0.99419,0.92307
0.74639,0.98301,0.92307
0.77188,0.964,0.92307
0.79738,0.93649,0.92307
0.82288,0.89936,0.92307
0.84837,0.85082,0.92307
0.87387,0.78769,0.92307
0.89936,0.70376,0.92307
0.92486,0.5831,0.92307
0.95035,0.26261,0.92307
0.02532,0.0,0.94873
0.04957,0.26949,0.94873
0.07381,0.48826,0.94873
0.09806,0.66139,0.94873
0.1223,0.79395,0.94873
0.14654,0.89101,0.94873
0.17079,0.95764,0.94873
0.19503,0.99893,0.94873
0.21928,1.0,0.94873
0.24352,1.0,0.94873
0.26777,1.0,0.94873
0.29201,1.0,0.94873
0.31626,1.0,0.94873
0.3405,0.9985,0.94873
0.36264,0.9985,0.94873
0.38478,0.9985,0.94873
0.40692,0.9985,0.94873
0.42906,0.9985,0.94873
0.45119,0.9985,0.94873
0.47333,0.9985,0.94873
0.49547,0.9985,0.94873
0.51761,0.9985,0.94873
0.53975,0.9985,0.94873
0.56189,0.9985,0.94873
0.58403,0.9985,0.94873
0.60616,0.9985,0.94873
0.6283,0.9985,0.94873
0.65044,0.9985,0.94873
0.67258,0.9985,0.94873
0.69472,0.9985,0.94873
0.72008,0.99476,0.94873
0.74545,0.98345,0.94873
0.77081,0.96422,0.94873
0.79618,0.93636,0.94873
0.82154,0.89878,0.94873
0.84691,0.84964,0.94873
0.87227,0.78573,0.94873
0.89764,0.70078,0.94873
0.923,0.57865,0.94873
0.94837,0.25423,0.94873
0.02892,0.0,0.97436
0.05227,0.26551,0.97436
0.07563,0.48159,0.97436
0.09898,0.65316,0.97436
0.12234,0.7851,0.97436
0.14569,0.88233,0.97436
0.16905,0.94976,0.97436
0.1924,0.99228,0.97436
0.21576,1.0,0.97436
0.23911,1.0,0.97436
0.26247,1.0,0.97436
0.28582,1.0,0.97436
0.30918,1.0,0.97436
0.33254,0.99911,0.97436
0.35662,0.99911,0.97436
0.3807,0.99911,0.97436
0.40479,0.99911,0.97436
0.42887,0.99911,0.97436
0.45295,0.99911,0.97436
0.47704,0.99911,0.97436
0.50112,0.99911,0.97436
0.5252,0.99911,0.97436
0.54929,0.99911,0.97436
0.57337,0.99911,0.97436
0.59745,0.99911,0.97436
0.62154,0.99911,0.97436
0.64562,0.99911,0.97436
0.6697,0.99911,0.97436
0.69379,0.99911,0.97436
0.71675,0.996,0.97436
0.73971,0.98656,0.97436
0.76267,0.97056,0.97436
0.78564,0.94755,0.97436
0.8086,0.9168,0.97436
0.83156,0.87719,0.97436
0.85453,0.82691,0.97436
0.87749,0.76285,0.97436
0.90045,0.67894,0.97436
0.92342,0.55965,0.97436
0.94638,0.24585,0.97436
0.03275,0.0,1.0
0.05703,0.28015,1.0
0.08131,0.5046,1.0
0.10559,0.67932,1.0
0.12987,0.81028,1.0
0.15415,0.90347,1.0
0.17843,0.96485,1.0
0.20271,1.0,1.0
0.22699,1.0,1.0
0.25127,1.0,1.0
0.27555,1.0,1.0
0.29983,1.0,1.0
0.32411,0.99974,1.0
0.34714,0.99974,1.0
0.37017,0.99974,1.0
0.3932,0.99974,1.0
0.41623,0.99974,1.0
0.43926,0.99974,1.0
0.46229,0.99974,1.0
0.48532,0.99974,1.0
0.50835,0.99974,1.0
0.53138,0.99974,1.0
0.55441,0.99974,1.0
0.57744,0.99974,1.0
0.60048,0.99974,1.0
0.62351,0.99974,1.0
0.64654,0.99974,1.0
0.66957,0.99974,1.0
0.6926,0.99974,1.0
0.71549,0.99658,1.0
0.73838,0.98704,1.0
0.76127,0.97084,1.0
0.78416,0.94756,1.0
0.80705,0.91644,1.0
0.82994,0.87636,1.0
0.85283,0.82548,1.0
0.87572,0.76066,1.0
0.89861,0.67574,1.0
0.9215,0.55502,1.0
0.94439,0.23747,1.0
