0.08231,0.0,0.0
0.09847,0.0,0.0
0.11463,0.0,0.0
0.13079,0.0,0.0
0.14695,0.0,0.0
0.1631,0.0,0.0
0.17926,0.0,0.0
0.19542,0.0,0.0
0.21158,0.0,0.0
0.22773,0.0,0.0
0.24389,0.0,0.0
0.26005,0.0,0.0
0.27621,0.0,0.0
0.29237,0.0,0.0
0.30852,0.0,0.0
0.32468,0.0,0.0
0.34084,0.0,0.0
0.357,0.0,0.0
0.37315,0.0,0.0
0.38931,0.0,0.0
0.40547,0.0,0.0
0.42163,0.0,0.0
0.43778,0.0,0.0
0.45394,0.0,0.0
0.4701,0.0,0.0
0.48626,0.0,0.0
0.50242,0.0,0.0
0.51857,0.0,0.0
0.53473,0.0,0.0
0.55089,0.0,0.0
0.56705,0.0,0.0
0.5832,0.0,0.0
0.59936,0.0,0.0
0.61552,0.0,0.0
0.63168,0.0,0.0
0.64784,0.0,0.0
0.66399,0.0,0.0
0.68015,0.0,0.0
0.69631,0.0,0.0
0.71247,0.0,0.0
0.06618,0.0,0.02564
0.08703,0.07519,0.02564
0.10788,0.06771,0.02564
0.12872,0.02698,0.02564
0.14957,0.00242,0.02564
0.16717,0.00242,0.02564
0.18476,0.00242,0.02564
0.20235,0.00242,0.02564
0.21995,0.00242,0.02564
0.23754,0.00242,0.02564
0.25513,0.00242,0.02564
0.27273,0.00242,0.02564
0.29032,0.00242,0.02564
0.30791,0.00242,0.02564
0.32551,0.00242,0.02564
0.3431,0.00242,0.02564
0.36069,0.00242,0.02564
0.37829,0.00242,0.02564
0.39588,0.00242,0.02564
0.41347,0.00242,0.02564
0.43107,0.00242,0.02564
0.44866,0.00242,0.02564
0.46683,0.00241,0.02564
0.485,0.00239,0.02564
0.50318,0.00235,0.02564
0.52135,0.0023,0.02564
0.53952,0.00223,0.02564
0.55769,0.00215,0.02564
0.57586,0.00206,0.02564
0.59403,0.00194,0.02564
0.61221,0.00182,0.02564
0.63038,0.00167,0.02564
0.64855,0.00152,0.02564
0.66672,0.00134,0.02564
0.68489,0.00116,0.02564
0.70307,0.00095,0.02564
0.72124,0.00074,0.02564
0.73941,0.00051,0.02564
0.75758,0.00026,0.02564
0.77575,0.0,0.02564
0.0595,0.0,0.05128
0.08245,0.08113,0.05128
0.1054,0.07578,0.05128
0.12834,0.03507,0.05128
0.15129,0.01014,0.05128
0.16961,0.01014,0.05128
0.18792,0.01014,0.05128
0.20624,0.01014,0.05128
0.22455,0.01014,0.05128
0.24286,0.01014,0.05128
0.26118,0.01014,0.05128
0.27949,0.01014,0.05128
0.29781,0.01014,0.05128
0.31612,0.01014,0.05128
0.33444,0.01014,0.05128
0.35275,0.01014,0.05128
0.37107,0.01014,0.05128
0.38938,0.01014,0.05128
0.4077,0.01014,0.05128
0.42601,0.01014,0.05128
0.44432,0.01014,0.05128
0.46264,0.01014,0.05128
0.48149,0.0101,0.05128
0.50034,0.01001,0.05128
0.51919,0.00986,0.05128
0.53805,0.00964,0.05128
0.5569,0.00936,0.05128
0.57575,0.00901,0.05128
0.5946,0.00861,0.05128
0.61345,0.00814,0.05128
0.6323,0.0076,0.05128
0.65115,0.00701,0.05128
0.67001,0.00635,0.05128
0.68886,0.00563,0.05128
0.70771,0.00485,0.05128
0.72656,0.00401,0.05128
0.74541,0.0031,0.05128
0.76426,0.00212,0.05128
0.78312,0.0011,0.05128
0.80197,0.0,0.05128
0.05437,0.0,0.07692
0.07408,0.07782,0.07692
0.09378,0.09344,0.07692
0.11349,0.07266,0.07692
0.13319,0.04127,0.07692
0.1529,0.02508,0.07692
0.17309,0.02508,0.07692
0.19328,0.02508,0.07692
0.21347,0.02508,0.07692
0.23366,0.02508,0.07692
0.25385,0.02508,0.07692
0.27404,0.02508,0.07692
0.29423,0.02508,0.07692
0.31442,0.02508,0.07692
0.33461,0.02508,0.07692
0.3548,0.02508,0.07692
0.37499,0.02508,0.07692
0.39518,0.02508,0.07692
0.41537,0.02508,0.07692
0.43556,0.02508,0.07692
0.45575,0.02508,0.07692
0.47594,0.02508,0.07692
0.49517,0.025,0.07692
0.5144,0.02477,0.07692
0.53363,0.02438,0.07692
0.55286,0.02383,0.07692
0.57209,0.02314,0.07692
0.59132,0.02229,0.07692
0.61055,0.02129,0.07692
0.62978,0.02012,0.07692
0.64901,0.0188,0.07692
0.66824,0.01734,0.07692
0.68747,0.01571,0.07692
0.7067,0.01393,0.07692
0.72593,0.01199,0.07692
0.74516,0.0099,0.07692
0.76439,0.00766,0.07692
0.78362,0.00526,0.07692
0.80285,0.00271,0.07692
0.82208,0.0,0.07692
0.05005,0.0,0.10257
0.07092,0.08308,0.10257
0.09179,0.10666,0.10257
0.11266,0.09434,0.10257
0.13353,0.06966,0.10257
0.1544,0.05619,0.10257
0.17406,0.05619,0.10257
0.19371,0.05619,0.10257
0.21337,0.05619,0.10257
0.23302,0.05619,0.10257
0.25268,0.05619,0.10257
0.27234,0.05619,0.10257
0.29199,0.05619,0.10257
0.31165,0.05619,0.10257
0.3313,0.05619,0.10257
0.35096,0.05619,0.10257
0.37061,0.05619,0.10257
0.39027,0.05619,0.10257
0.40992,0.05619,0.10257
0.42958,0.05619,0.10257
0.44924,0.05619,0.10257
0.46889,0.05619,0.10257
0.48855,0.05619,0.10257
0.50917,0.056,0.10257
0.52978,0.05542,0.10257
0.5504,0.05444,0.10257
0.57102,0.05309,0.10257
0.59163,0.05133,0.10257
0.61225,0.04919,0.10257
0.63287,0.04667,0.10257
0.65349,0.04375,0.10257
0.6741,0.04045,0.10257
0.69472,0.03675,0.10257
0.71534,0.03267,0.10257
0.73595,0.0282,0.10257
0.75657,0.02334,0.10257
0.77719,0.01809,0.10257
0.79781,0.01244,0.10257
0.81842,0.00641,0.10257
0.83904,0.0,0.10257
0.04624,0.0,0.12821
0.06815,0.09121,0.12821
0.09006,0.13073,0.12821
0.11197,0.13663,0.12821
0.13388,0.12693,0.12821
0.1558,0.11969,0.12821
0.17607,0.11969,0.12821
0.19635,0.11969,0.12821
0.21662,0.11969,0.12821
0.2369,0.11969,0.12821
0.25717,0.11969,0.12821
0.27745,0.11969,0.12821
0.29772,0.11969,0.12821
0.318,0.11969,0.12821
0.33827,0.11969,0.12821
0.35855,0.11969,0.12821
0.37882,0.11969,0.12821
0.3991,0.11969,0.12821
0.41937,0.11969,0.12821
0.43965,0.11969,0.12821
0.45993,0.11969,0.12821
0.4802,0.11969,0.12821
0.50048,0.11969,0.12821
0.52127,0.11928,0.12821
0.54207,0.11803,0.12821
0.56286,0.11596,0.12821
0.58365,0.11306,0.12821
0.60445,0.10933,0.12821
0.62524,0.10478,0.12821
0.64604,0.09939,0.12821
0.66683,0.09318,0.12821
0.68763,0.08614,0.12821
0.70842,0.07827,0.12821
0.72921,0.06958,0.12821
0.75001,0.06005,0.12821
0.7708,0.0497,0.12821
0.7916,0.03852,0.12821
0.81239,0.0265,0.12821
0.83319,0.01367,0.12821
0.85398,0.0,0.12821
0.0428,0.0,0.15385
0.06565,0.09905,0.15385
0.08851,0.1546,0.15385
0.11137,0.17898,0.15385
0.13422,0.18456,0.15385
0.15708,0.18367,0.15385
0.17794,0.18367,0.15385
0.1988,0.18367,0.15385
0.21966,0.18367,0.15385
0.24052,0.18367,0.15385
0.26139,0.18367,0.15385
0.28225,0.18367,0.15385
0.30311,0.18367,0.15385
0.32397,0.18367,0.15385
0.34483,0.18367,0.15385
0.36569,0.18367,0.15385
0.38655,0.18367,0.15385
0.40741,0.18367,0.15385
0.42828,0.18367,0.15385
0.44914,0.18367,0.15385
0.47,0.18367,0.15385
0.49086,0.18367,0.15385
0.51172,0.18367,0.15385
0.53265,0.18304,0.15385
0.55358,0.18113,0.15385
0.5745,0.17795,0.15385
0.59543,0.1735,0.15385
0.61636,0.16778,0.15385
0.63729,0.16079,0.15385
0.65821,0.15253,0.15385
0.67914,0.14299,0.15385
0.70007,0.13219,0.15385
0.72099,0.12012,0.15385
0.74192,0.10677,0.15385
0.76285,0.09215,0.15385
0.78378,0.07627,0.15385
0.8047,0.0591,0.15385
0.82563,0.04068,0.15385
0.84656,0.02098,0.15385
0.86749,0.0,0.15385
0.03963,0.0,0.17949
0.06336,0.10667,0.17949
0.08708,0.1782,0.17949
0.11081,0.22116,0.17949
0.13453,0.24213,0.17949
0.15825,0.24766,0.17949
0.17967,0.24766,0.17949
0.20108,0.24766,0.17949
0.22249,0.24766,0.17949
0.24391,0.24766,0.17949
0.26532,0.24766,0.17949
0.28673,0.24766,0.17949
0.30815,0.24766,0.17949
0.32956,0.24766,0.17949
0.35097,0.24766,0.17949
0.37239,0.24766,0.17949
0.3938,0.24766,0.17949
0.41521,0.24766,0.17949
0.43663,0.24766,0.17949
0.45804,0.24766,0.17949
0.47945,0.24766,0.17949
0.50087,0.24766,0.17949
0.52228,0.24766,0.17949
0.54332,0.2468,0.17949
0.56435,0.24423,0.17949
0.58539,0.23994,0.17949
0.60643,0.23395,0.17949
0.62747,0.22623,0.17949
0.6485,0.21681,0.17949
0.66954,0.20567,0.17949
0.69058,0.19281,0.17949
0.71161,0.17824,0.17949
0.73265,0.16196,0.17949
0.75369,0.14397,0.17949
0.77472,0.12426,0.17949
0.79576,0.10283,0.17949
0.8168,0.0797,0.17949
0.83783,0.05485,0.17949
0.85887,0.02828,0.17949
0.87991,0.0,0.17949
0.03669,0.0,0.20513
0.06121,0.11412,0.20513
0.08574,0.20162,0.20513
0.11027,0.26322,0.20513
0.13479,0.29966,0.20513
0.15932,0.31164,0.20513
0.18003,0.31164,0.20513
0.20075,0.31164,0.20513
0.22146,0.31164,0.20513
0.24217,0.31164,0.20513
0.26289,0.31164,0.20513
0.2836,0.31164,0.20513
0.30431,0.31164,0.20513
0.32503,0.31164,0.20513
0.34574,0.31164,0.20513
0.36645,0.31164,0.20513
0.38716,0.31164,0.20513
0.40788,0.31164,0.20513
0.42859,0.31164,0.20513
0.4493,0.31164,0.20513
0.47002,0.31164,0.20513
0.49073,0.31164,0.20513
0.51144,0.31164,0.20513
0.53216,0.31164,0.20513
0.55461,0.31043,0.20513
0.57707,0.30678,0.20513
0.59953,0.30069,0.20513
0.62199,0.29217,0.20513
0.64444,0.28121,0.20513
0.6669,0.26782,0.20513
0.68936,0.25199,0.20513
0.71181,0.23373,0.20513
0.73427,0.21304,0.20513
0.75673,0.18991,0.20513
0.77918,0.16434,0.20513
0.80164,0.13635,0.20513
0.8241,0.10591,0.20513
0.84656,0.07304,0.20513
0.86901,0.03774,0.20513
0.89147,0.0,0.20513
0.03392,0.0,0.23077
0.05919,0.12146,0.23077
0.08446,0.22492,0.23077
0.10973,0.3052,0.23077
0.13501,0.35716,0.23077
0.16028,0.37563,0.23077
0.18145,0.37563,0.23077
0.20262,0.37563,0.23077
0.22379,0.37563,0.23077
0.24496,0.37563,0.23077
0.26613,0.37563,0.23077
0.2873,0.37563,0.23077
0.30847,0.37563,0.23077
0.32964,0.37563,0.23077
0.35081,0.37563,0.23077
0.37198,0.37563,0.23077
0.39316,0.37563,0.23077
0.41433,0.37563,0.23077
0.4355,0.37563,0.23077
0.45667,0.37563,0.23077
0.47784,0.37563,0.23077
0.49901,0.37563,0.23077
0.52018,0.37563,0.23077
0.54135,0.37563,0.23077
0.56391,0.37416,0.23077
0.58647,0.36976,0.23077
0.60903,0.36242,0.23077
0.63159,0.35215,0.23077
0.65416,0.33895,0.23077
0.67672,0.3228,0.23077
0.69928,0.30373,0.23077
0.72184,0.28172,0.23077
0.7444,0.25678,0.23077
0.76696,0.2289,0.23077
0.78952,0.19808,0.23077
0.81208,0.16434,0.23077
0.83464,0.12765,0.23077
0.8572,0.08804,0.23077
0.87977,0.04549,0.23077
0.90233,0.0,0.23077
0.0313,0.0,0.25641
0.05727,0.12873,0.25641
0.08323,0.24813,0.25641
0.1092,0.34713,0.25641
0.13516,0.41465,0.25641
0.16113,0.43961,0.25641
0.18272,0.43961,0.25641
0.20432,0.43961,0.25641
0.22592,0.43961,0.25641
0.24751,0.43961,0.25641
0.26911,0.43961,0.25641
0.2907,0.43961,0.25641
0.3123,0.43961,0.25641
0.3339,0.43961,0.25641
0.35549,0.43961,0.25641
0.37709,0.43961,0.25641
0.39868,0.43961,0.25641
0.42028,0.43961,0.25641
0.44188,0.43961,0.25641
0.46347,0.43961,0.25641
0.48507,0.43961,0.25641
0.50667,0.43961,0.25641
0.52826,0.43961,0.25641
0.54986,0.43961,0.25641
0.57253,0.4379,0.25641
0.5952,0.43275,0.25641
0.61787,0.42416,0.25641
0.64054,0.41214,0.25641
0.66321,0.39669,0.25641
0.68589,0.37779,0.25641
0.70856,0.35547,0.25641
0.73123,0.32971,0.25641
0.7539,0.30052,0.25641
0.77657,0.26789,0.25641
0.79924,0.23183,0.25641
0.82191,0.19233,0.25641
0.84458,0.1494,0.25641
0.86726,0.10303,0.25641
0.88993,0.05323,0.25641
0.9126,0.0,0.25641
0.02881,0.0,0.28205
0.05542,0.13596,0.28205
0.08203,0.27131,0.28205
0.10864,0.38902,0.28205
0.13526,0.47213,0.28205
0.16187,0.5036,0.28205
0.18386,0.5036,0.28205
0.20585,0.5036,0.28205
0.22784,0.5036,0.28205
0.24983,0.5036,0.28205
0.27182,0.5036,0.28205
0.29381,0.5036,0.28205
0.3158,0.5036,0.28205
0.33779,0.5036,0.28205
0.35978,0.5036,0.28205
0.38177,0.5036,0.28205
0.40375,0.5036,0.28205
0.42574,0.5036,0.28205
0.44773,0.5036,0.28205
0.46972,0.5036,0.28205
0.49171,0.5036,0.28205
0.5137,0.5036,0.28205
0.53569,0.5036,0.28205
0.55768,0.5036,0.28205
0.58048,0.50163,0.28205
0.60327,0.49573,0.28205
0.62606,0.48589,0.28205
0.64885,0.47213,0.28205
0.67165,0.45442,0.28205
0.69444,0.43278,0.28205
0.71723,0.40721,0.28205
0.74002,0.3777,0.28205
0.76282,0.34426,0.28205
0.78561,0.30688,0.28205
0.8084,0.26557,0.28205
0.8312,0.22032,0.28205
0.85399,0.17114,0.28205
0.87678,0.11803,0.28205
0.89957,0.06099,0.28205
0.92237,0.0,0.28205
0.02643,0.0,0.30769
0.04911,0.11813,0.30769
0.07179,0.24455,0.30769
0.09447,0.36597,0.30769
0.11714,0.46913,0.30769
0.13982,0.54076,0.30769
0.1625,0.56759,0.30769
0.18616,0.56759,0.30769
0.20983,0.56759,0.30769
0.2335,0.56759,0.30769
0.25716,0.56759,0.30769
0.28083,0.56759,0.30769
0.3045,0.56759,0.30769
0.32816,0.56759,0.30769
0.35183,0.56759,0.30769
0.37549,0.56759,0.30769
0.39916,0.56759,0.30769
0.42283,0.56759,0.30769
0.44649,0.56759,0.30769
0.47016,0.56759,0.30769
0.49383,0.56759,0.30769
0.51749,0.56759,0.30769
0.54116,0.56759,0.30769
0.56482,0.56759,0.30769
0.58775,0.56537,0.30769
0.61068,0.55872,0.30769
0.63361,0.54763,0.30769
0.65654,0.53211,0.30769
0.67947,0.51216,0.30769
0.7024,0.48777,0.30769
0.72533,0.45895,0.30769
0.74826,0.42569,0.30769
0.77119,0.388,0.30769
0.79412,0.34587,0.30769
0.81705,0.29931,0.30769
0.83998,0.24832,0.30769
0.86291,0.19289,0.30769
0.88584,0.13303,0.30769
0.90877,0.06873,0.30769
0.9317,0.0,0.30769
0.02415,0.0,0.33333
0.04729,0.12295,0.33333
0.07044,0.26026,0.33333
0.09358,0.39557,0.33333
0.11673,0.51249,0.33333
0.13988,0.59465,0.33333
0.16302,0.62568,0.33333
0.18704,0.62568,0.33333
0.21105,0.62568,0.33333
0.23507,0.62568,0.33333
0.25908,0.62568,0.33333
0.2831,0.62568,0.33333
0.30711,0.62568,0.33333
0.33113,0.62568,0.33333
0.35514,0.62568,0.33333
0.37916,0.62568,0.33333
0.40317,0.62568,0.33333
0.42719,0.62568,0.33333
0.4512,0.62568,0.33333
0.47522,0.62568,0.33333
0.49923,0.62568,0.33333
0.52325,0.62568,0.33333
0.54727,0.62568,0.33333
0.57128,0.62568,0.33333
0.59437,0.62324,0.33333
0.61745,0.6159,0.33333
0.64054,0.60368,0.33333
0.66362,0.58657,0.33333
0.68671,0.56458,0.33333
0.70979,0.53769,0.33333
0.73288,0.50592,0.33333
0.75597,0.46926,0.33333
0.77905,0.42771,0.33333
0.80214,0.38127,0.33333
0.82522,0.32994,0.33333
0.84831,0.27373,0.33333
0.87139,0.21263,0.33333
0.89448,0.14665,0.33333
0.91757,0.07576,0.33333
0.94065,0.0,0.33333
0.02195,0.0,0.35897
0.04553,0.12681,0.35897
0.06911,0.27258,0.35897
0.09269,0.41859,0.35897
0.11628,0.54608,0.35897
0.13985,0.63632,0.35897
0.16344,0.67057,0.35897
0.18777,0.67057,0.35897
0.2121,0.67057,0.35897
0.23643,0.67057,0.35897
0.26076,0.67057,0.35897
0.28509,0.67057,0.35897
0.30942,0.67057,0.35897
0.33375,0.67057,0.35897
0.35808,0.67057,0.35897
0.38241,0.67057,0.35897
0.40674,0.67057,0.35897
0.43107,0.67057,0.35897
0.4554,0.67057,0.35897
0.47973,0.67057,0.35897
0.50406,0.67057,0.35897
0.52839,0.67057,0.35897
0.55272,0.67057,0.35897
0.57705,0.67057,0.35897
0.60032,0.66794,0.35897
0.62358,0.66008,0.35897
0.64684,0.64699,0.35897
0.67011,0.62865,0.35897
0.69337,0.60508,0.35897
0.71663,0.57627,0.35897
0.7399,0.54221,0.35897
0.76316,0.50292,0.35897
0.78642,0.4584,0.35897
0.80969,0.40863,0.35897
0.83295,0.35362,0.35897
0.85621,0.29337,0.35897
0.87948,0.22789,0.35897
0.90274,0.15717,0.35897
0.926,0.0812,0.35897
0.94926,0.0,0.35897
0.01984,0.0,0.38461
0.04382,0.13013,0.38461
0.0678,0.28294,0.38461
0.09179,0.43776,0.38461
0.11577,0.57394,0.38461
0.13976,0.6708,0.38461
0.16374,0.70768,0.38461
0.18835,0.70768,0.38461
0.21297,0.70768,0.38461
0.23758,0.70768,0.38461
0.26219,0.70768,0.38461
0.2868,0.70768,0.38461
0.31141,0.70768,0.38461
0.33602,0.70768,0.38461
0.36064,0.70768,0.38461
0.38525,0.70768,0.38461
0.40986,0.70768,0.38461
0.43447,0.70768,0.38461
0.45908,0.70768,0.38461
0.4837,0.70768,0.38461
0.50831,0.70768,0.38461
0.53292,0.70768,0.38461
0.55753,0.70768,0.38461
0.58214,0.70768,0.38461
0.60561,0.70491,0.38461
0.62907,0.69662,0.38461
0.65254,0.6828,0.38461
0.676,0.66345,0.38461
0.69947,0.63857,0.38461
0.72293,0.60816,0.38461
0.74639,0.57223,0.38461
0.76986,0.53076,0.38461
0.79332,0.48376,0.38461
0.81679,0.43124,0.38461
0.84025,0.37319,0.38461
0.86372,0.30961,0.38461
0.88718,0.2405,0.38461
0.91065,0.16586,0.38461
0.93411,0.08569,0.38461
0.95758,0.0,0.38461
0.01779,0.0,0.41025
0.04214,0.13311,0.41025
0.0665,0.292,0.41025
0.09086,0.45438,0.41025
0.11522,0.59796,0.41025
0.13958,0.70045,0.41025
0.16394,0.73957,0.41025
0.18742,0.73957,0.41025
0.21089,0.73957,0.41025
0.23437,0.73957,0.41025
0.25785,0.73957,0.41025
0.28133,0.73957,0.41025
0.30481,0.73957,0.41025
0.32829,0.73957,0.41025
0.35176,0.73957,0.41025
0.37524,0.73957,0.41025
0.39872,0.73957,0.41025
0.4222,0.73957,0.41025
0.44568,0.73957,0.41025
0.46916,0.73957,0.41025
0.49263,0.73957,0.41025
0.51611,0.73957,0.41025
0.53959,0.73957,0.41025
0.56307,0.73957,0.41025
0.58655,0.73957,0.41025
0.61182,0.73628,0.41025
0.63709,0.72642,0.41025
0.66236,0.70998,0.41025
0.68763,0.68698,0.41025
0.7129,0.6574,0.41025
0.73817,0.62124,0.41025
0.76345,0.57851,0.41025
0.78872,0.5292,0.41025
0.81399,0.47332,0.41025
0.83926,0.41087,0.41025
0.86453,0.34184,0.41025
0.8898,0.26624,0.41025
0.91507,0.18407,0.41025
0.94034,0.09532,0.41025
0.96561,0.0,0.41025
0.0158,0.0,0.4359
0.0405,0.13586,0.4359
0.06521,0.30013,0.4359
0.08991,0.46912,0.4359
0.11462,0.61915,0.4359
0.13932,0.72653,0.4359
0.16403,0.76759,0.4359
0.1891,0.76759,0.4359
0.21417,0.76759,0.4359
0.23925,0.76759,0.4359
0.26432,0.76759,0.4359
0.28939,0.76759,0.4359
0.31446,0.76759,0.4359
0.33954,0.76759,0.4359
0.36461,0.76759,0.4359
0.38968,0.76759,0.4359
0.41476,0.76759,0.4359
0.43983,0.76759,0.4359
0.4649,0.76759,0.4359
0.48998,0.76759,0.4359
0.51505,0.76759,0.4359
0.54012,0.76759,0.4359
0.5652,0.76759,0.4359
0.59027,0.76759,0.4359
0.61422,0.76459,0.4359
0.63816,0.75559,0.4359
0.66211,0.7406,0.4359
0.68605,0.71961,0.4359
0.71,0.69262,0.4359
0.73395,0.65964,0.4359
0.75789,0.62067,0.4359
0.78184,0.57569,0.4359
0.80578,0.52471,0.4359
0.82973,0.46775,0.4359
0.85368,0.40478,0.4359
0.87762,0.33582,0.4359
0.90157,0.26086,0.4359
0.92551,0.1799,0.4359
0.94946,0.09295,0.4359
0.97341,0.0,0.4359
0.01387,0.0,0.46154
0.03889,0.13846,0.46154
0.06392,0.30756,0.46154
0.08894,0.48241,0.46154
0.11396,0.63812,0.46154
0.13898,0.74981,0.46154
0.164,0.79256,0.46154
0.18926,0.79256,0.46154
0.21451,0.79256,0.46154
0.23976,0.79256,0.46154
0.26502,0.79256,0.46154
0.29027,0.79256,0.46154
0.31552,0.79256,0.46154
0.34078,0.79256,0.46154
0.36603,0.79256,0.46154
0.39128,0.79256,0.46154
0.41653,0.79256,0.46154
0.44179,0.79256,0.46154
0.46704,0.79256,0.46154
0.49229,0.79256,0.46154
0.51755,0.79256,0.46154
0.5428,0.79256,0.46154
0.56805,0.79256,0.46154
0.59331,0.79256,0.46154
0.61754,0.78946,0.46154
0.64176,0.78017,0.46154
0.66599,0.7647,0.46154
0.69022,0.74302,0.46154
0.71445,0.71516,0.46154
0.73868,0.68111,0.46154
0.76291,0.64086,0.46154
0.78714,0.59442,0.46154
0.81137,0.54179,0.46154
0.8356,0.48296,0.46154
0.85983,0.41795,0.46154
0.88405,0.34675,0.46154
0.90828,0.26935,0.46154
0.93251,0.18575,0.46154
0.95674,0.09597,0.46154
0.98097,0.0,0.46154
0.012,0.0,0.48718
0.03731,0.14095,0.48718
0.06262,0.31445,0.48718
0.08794,0.49455,0.48718
0.11325,0.6553,0.48718
0.13856,0.77078,0.48718
0.16388,0.81504,0.48718
0.18927,0.81504,0.48718
0.21467,0.81504,0.48718
0.24007,0.81504,0.48718
0.26547,0.81504,0.48718
0.29087,0.81504,0.48718
0.31627,0.81504,0.48718
0.34167,0.81504,0.48718
0.36707,0.81504,0.48718
0.39247,0.81504,0.48718
0.41787,0.81504,0.48718
0.44327,0.81504,0.48718
0.46866,0.81504,0.48718
0.49406,0.81504,0.48718
0.51946,0.81504,0.48718
0.54486,0.81504,0.48718
0.57026,0.81504,0.48718
0.59566,0.81504,0.48718
0.6202,0.81185,0.48718
0.64474,0.8023,0.48718
0.66929,0.78639,0.48718
0.69383,0.7641,0.48718
0.71837,0.73544,0.48718
0.74291,0.70042,0.48718
0.76745,0.65904,0.48718
0.79199,0.61127,0.48718
0.81654,0.55715,0.48718
0.84108,0.49667,0.48718
0.86562,0.4298,0.48718
0.89016,0.35658,0.48718
0.9147,0.27699,0.48718
0.93924,0.19102,0.48718
0.96379,0.0987,0.48718
0.98833,0.0,0.48718
0.01017,0.0,0.51282
0.03575,0.14338,0.51282
0.06132,0.3209,0.51282
0.0869,0.50571,0.51282
0.11248,0.67098,0.51282
0.13806,0.78982,0.51282
0.16364,0.8354,0.51282
0.18915,0.8354,0.51282
0.21466,0.8354,0.51282
0.24017,0.8354,0.51282
0.26568,0.8354,0.51282
0.29119,0.8354,0.51282
0.31671,0.8354,0.51282
0.34222,0.8354,0.51282
0.36773,0.8354,0.51282
0.39324,0.8354,0.51282
0.41875,0.8354,0.51282
0.44426,0.8354,0.51282
0.46977,0.8354,0.51282
0.49528,0.8354,0.51282
0.5208,0.8354,0.51282
0.54631,0.8354,0.51282
0.57182,0.8354,0.51282
0.59733,0.8354,0.51282
0.62221,0.83214,0.51282
0.6471,0.82235,0.51282
0.67199,0.80603,0.51282
0.69687,0.78319,0.51282
0.72176,0.75382,0.51282
0.74664,0.71792,0.51282
0.77153,0.6755,0.51282
0.79641,0.62655,0.51282
0.8213,0.57108,0.51282
0.84618,0.50908,0.51282
0.87107,0.44055,0.51282
0.89595,0.36549,0.51282
0.92084,0.2839,0.51282
0.94572,0.1958,0.51282
0.97061,0.10116,0.51282
0.99549,0.0,0.51282
0.00839,0.0,0.53846
0.0342,0.14576,0.53846
0.06002,0.32699,0.53846
0.08584,0.51607,0.53846
0.11166,0.68535,0.53846
0.13747,0.80719,0.53846
0.16329,0.85394,0.53846
0.18888,0.85394,0.53846
0.21447,0.85394,0.53846
0.24006,0.85394,0.53846
0.26565,0.85394,0.53846
0.29124,0.85394,0.53846
0.31683,0.85394,0.53846
0.34242,0.85394,0.53846
0.36801,0.85394,0.53846
0.3936,0.85394,0.53846
0.41919,0.85394,0.53846
0.44478,0.85394,0.53846
0.47037,0.85394,0.53846
0.49596,0.85394,0.53846
0.52155,0.85394,0.53846
0.54714,0.85394,0.53846
0.57273,0.85394,0.53846
0.59831,0.85394,0.53846
0.62342,0.85234,0.53846
0.64853,0.84751,0.53846
0.67363,0.83938,0.53846
0.69874,0.82787,0.53846
0.72384,0.81282,0.53846
0.74895,0.79402,0.53846
0.77405,0.77119,0.53846
0.79916,0.74394,0.53846
0.82426,0.71173,0.53846
0.84937,0.67382,0.53846
0.87447,0.62912,0.53846
0.89958,0.57596,0.53846
0.92468,0.51152,0.53846
0.94979,0.43038,0.53846
0.9749,0.3186,0.53846
1.0,0.03288,0.53846
0.00665,0.0,0.5641
0.03268,0.14812,0.5641
0.05871,0.3328,0.5641
0.08474,0.52573,0.5641
0.11077,0.69859,0.5641
0.1368,0.82308,0.5641
0.16283,0.87087,0.5641
0.18847,0.87087,0.5641
0.2141,0.87087,0.5641
0.23974,0.87087,0.5641
0.26537,0.87087,0.5641
0.29101,0.87087,0.5641
0.31664,0.87087,0.5641
0.34227,0.87087,0.5641
0.36791,0.87087,0.5641
0.39354,0.87087,0.5641
0.41918,0.87087,0.5641
0.44481,0.87087,0.5641
0.47045,0.87087,0.5641
0.49608,0.87087,0.5641
0.52171,0.87087,0.5641
0.54735,0.87087,0.5641
0.57298,0.87087,0.5641
0.59862,0.87087,0.5641
0.62367,0.86939,0.5641
0.64873,0.86494,0.5641
0.67378,0.85746,0.5641
0.69883,0.84685,0.5641
0.72389,0.83299,0.5641
0.74894,0.81568,0.5641
0.774,0.79465,0.5641
0.79905,0.76954,0.5641
0.82411,0.73987,0.5641
0.84916,0.70495,0.5641
0.87422,0.66378,0.5641
0.89927,0.61481,0.5641
0.92433,0.55546,0.5641
0.94938,0.4807,0.5641
0.97443,0.37774,0.5641
0.99949,0.11456,0.5641
0.00527,0.0,0.58975
0.03144,0.1503,0.58975
0.05761,0.33814,0.58975
0.08377,0.53459,0.58975
0.10994,0.71073,0.58975
0.1361,0.83762,0.58975
0.16227,0.88635,0.58975
0.18792,0.88635,0.58975
0.21356,0.88635,0.58975
0.23921,0.88635,0.58975
0.26485,0.88635,0.58975
0.2905,0.88635,0.58975
0.31614,0.88635,0.58975
0.34178,0.88635,0.58975
0.36743,0.88635,0.58975
0.39307,0.88635,0.58975
0.41872,0.88635,0.58975
0.44436,0.88635,0.58975
0.47001,0.88635,0.58975
0.49565,0.88635,0.58975
0.5213,0.88635,0.58975
0.54694,0.88635,0.58975
0.57259,0.88635,0.58975
0.59823,0.88635,0.58975
0.62328,0.885,0.58975
0.64833,0.88094,0.58975
0.67337,0.87411,0.58975
0.69842,0.86443,0.58975
0.72347,0.85179,0.58975
0.74851,0.83599,0.58975
0.77356,0.8168,0.58975
0.79861,0.7939,0.58975
0.82365,0.76682,0.58975
0.8487,0.73496,0.58975
0.87375,0.69738,0.58975
0.89879,0.6527,0.58975
0.92384,0.59855,0.58975
0.94888,0.53033,0.58975
0.97393,0.43639,0.58975
0.99898,0.19624,0.58975
0.0053,0.0,0.61539
0.03135,0.15175,0.61539
0.0574,0.34233,0.61539
0.08345,0.54211,0.61539
0.1095,0.72149,0.61539
0.13555,0.85083,0.61539
0.1616,0.90052,0.61539
0.18722,0.90052,0.61539
0.21284,0.90052,0.61539
0.23846,0.90052,0.61539
0.26408,0.90052,0.61539
0.28971,0.90052,0.61539
0.31533,0.90052,0.61539
0.34095,0.90052,0.61539
0.36657,0.90052,0.61539
0.39219,0.90052,0.61539
0.41782,0.90052,0.61539
0.44344,0.90052,0.61539
0.46906,0.90052,0.61539
0.49468,0.90052,0.61539
0.5203,0.90052,0.61539
0.54592,0.90052,0.61539
0.57155,0.90052,0.61539
0.59717,0.90052,0.61539
0.62225,0.89931,0.61539
0.64733,0.89564,0.61539
0.67241,0.88948,0.61539
0.69749,0.88075,0.61539
0.72257,0.86934,0.61539
0.74765,0.85509,0.61539
0.77274,0.83778,0.61539
0.79782,0.81711,0.61539
0.8229,0.79269,0.61539
0.84798,0.76394,0.61539
0.87306,0.73005,0.61539
0.89814,0.68973,0.61539
0.92322,0.64087,0.61539
0.9483,0.57933,0.61539
0.97338,0.49457,0.61539
0.99847,0.27791,0.61539
0.00528,0.0,0.64103
0.0312,0.15326,0.64103
0.05713,0.3464,0.64103
0.08305,0.54919,0.64103
0.10897,0.73144,0.64103
0.13489,0.86294,0.64103
0.16082,0.91349,0.64103
0.18638,0.91349,0.64103
0.21195,0.91349,0.64103
0.23751,0.91349,0.64103
0.26307,0.91349,0.64103
0.28864,0.91349,0.64103
0.3142,0.91349,0.64103
0.33977,0.91349,0.64103
0.36533,0.91349,0.64103
0.3909,0.91349,0.64103
0.41646,0.91349,0.64103
0.44203,0.91349,0.64103
0.46759,0.91349,0.64103
0.49316,0.91349,0.64103
0.51872,0.91349,0.64103
0.54429,0.91349,0.64103
0.56985,0.91349,0.64103
0.59542,0.91349,0.64103
0.62058,0.91241,0.64103
0.64573,0.90914,0.64103
0.67089,0.90366,0.64103
0.69605,0.89591,0.64103
0.72121,0.88575,0.64103
0.74637,0.87307,0.64103
0.77153,0.85767,0.64103
0.79669,0.83928,0.64103
0.82184,0.81755,0.64103
0.847,0.79198,0.64103
0.87216,0.76183,0.64103
0.89732,0.72596,0.64103
0.92248,0.6825,0.64103
0.94764,0.62775,0.64103
0.9728,0.55235,0.64103
0.99796,0.3596,0.64103
0.00521,0.0,0.66667
0.031,0.15483,0.66667
0.05678,0.35035,0.66667
0.08257,0.55586,0.66667
0.10835,0.74066,0.66667
0.13414,0.87406,0.66667
0.15992,0.92535,0.66667
0.1854,0.92535,0.66667
0.21087,0.92535,0.66667
0.23635,0.92535,0.66667
0.26182,0.92535,0.66667
0.2873,0.92535,0.66667
0.31277,0.92535,0.66667
0.33824,0.92535,0.66667
0.36372,0.92535,0.66667
0.38919,0.92535,0.66667
0.41467,0.92535,0.66667
0.44014,0.92535,0.66667
0.46561,0.92535,0.66667
0.49109,0.92535,0.66667
0.51656,0.92535,0.66667
0.54204,0.92535,0.66667
0.56751,0.92535,0.66667
0.59298,0.92535,0.66667
0.61826,0.92434,0.66667
0.64354,0.92134,0.66667
0.66882,0.91629,0.66667
0.6941,0.90913,0.66667
0.71938,0.89976,0.66667
0.74466,0.88807,0.66667
0.76994,0.87387,0.66667
0.79521,0.85692,0.66667
0.82049,0.83688,0.66667
0.84577,0.8133,0.66667
0.87105,0.7855,0.66667
0.89633,0.75243,0.66667
0.92161,0.71235,0.66667
0.94689,0.66187,0.66667
0.97217,0.59234,0.66667
0.99744,0.4146,0.66667
0.0051,0.0,0.69231
0.03074,0.15646,0.69231
0.05637,0.35422,0.69231
0.08201,0.56217,0.69231
0.10765,0.74921,0.69231
0.13329,0.88424,0.69231
0.15893,0.93616,0.69231
0.18428,0.93616,0.69231
0.20962,0.93616,0.69231
0.23497,0.93616,0.69231
0.26032,0.93616,0.69231
0.28567,0.93616,0.69231
0.31102,0.93616,0.69231
0.33637,0.93616,0.69231
0.36172,0.93616,0.69231
0.38707,0.93616,0.69231
0.41242,0.93616,0.69231
0.43777,0.93616,0.69231
0.46312,0.93616,0.69231
0.48847,0.93616,0.69231
0.51382,0.93616,0.69231
0.53917,0.93616,0.69231
0.56452,0.93616,0.69231
0.58987,0.93616,0.69231
0.61531,0.93518,0.69231
0.64075,0.93224,0.69231
0.66619,0.92729,0.69231
0.69163,0.92028,0.69231
0.71707,0.91112,0.69231
0.74252,0.89967,0.69231
0.76796,0.88577,0.69231
0.7934,0.86917,0.69231
0.81884,0.84955,0.69231
0.84428,0.82646,0.69231
0.86972,0.79924,0.69231
0.89517,0.76687,0.69231
0.92061,0.72763,0.69231
0.94605,0.6782,0.69231
0.97149,0.61013,0.69231
0.99693,0.43613,0.69231
0.00493,0.0,0.71795
0.03041,0.15817,0.71795
0.0559,0.35802,0.71795
0.08138,0.56814,0.71795
0.10686,0.75712,0.71795
0.13234,0.89354,0.71795
0.15782,0.94599,0.71795
0.18301,0.94599,0.71795
0.2082,0.94599,0.71795
0.23339,0.94599,0.71795
0.25858,0.94599,0.71795
0.28377,0.94599,0.71795
0.30896,0.94599,0.71795
0.33415,0.94599,0.71795
0.35935,0.94599,0.71795
0.38454,0.94599,0.71795
0.40973,0.94599,0.71795
0.43492,0.94599,0.71795
0.46011,0.94599,0.71795
0.4853,0.94599,0.71795
0.51049,0.94599,0.71795
0.53568,0.94599,0.71795
0.56087,0.94599,0.71795
0.58606,0.94599,0.71795
0.61171,0.94504,0.71795
0.63736,0.94216,0.71795
0.66301,0.93732,0.71795
0.68865,0.93046,0.71795
0.7143,0.9215,0.71795
0.73995,0.91031,0.71795
0.7656,0.89671,0.71795
0.79124,0.88047,0.71795
0.81689,0.86129,0.71795
0.84254,0.83871,0.71795
0.86818,0.81207,0.71795
0.89383,0.78041,0.71795
0.91948,0.74203,0.71795
0.94513,0.69369,0.71795
0.97077,0.62711,0.71795
0.99642,0.45692,0.71795
0.00472,0.0,0.74359
0.03004,0.15995,0.74359
0.05535,0.36177,0.74359
0.08066,0.57381,0.74359
0.10598,0.76443,0.74359
0.13129,0.90202,0.74359
0.1566,0.9549,0.74359
0.1816,0.9549,0.74359
0.2066,0.9549,0.74359
0.2316,0.9549,0.74359
0.2566,0.9549,0.74359
0.28159,0.9549,0.74359
0.30659,0.9549,0.74359
0.33159,0.9549,0.74359
0.35659,0.9549,0.74359
0.38159,0.9549,0.74359
0.40659,0.9549,0.74359
0.43159,0.9549,0.74359
0.45659,0.9549,0.74359
0.48158,0.9549,0.74359
0.50658,0.9549,0.74359
0.53158,0.9549,0.74359
0.55658,0.9549,0.74359
0.58158,0.9549,0.74359
0.60747,0.95397,0.74359
0.63337,0.95116,0.74359
0.65927,0.94644,0.74359
0.68516,0.93975,0.74359
0.71106,0.93101,0.74359
0.73695,0.92008,0.74359
0.76285,0.90681,0.74359
0.78874,0.89097,0.74359
0.81464,0.87225,0.74359
0.84054,0.85022,0.74359
0.86643,0.82424,0.74359
0.89233,0.79334,0.74359
0.91822,0.75589,0.74359
0.94412,0.70873,0.74359
0.97001,0.64376,0.74359
0.99591,0.47771,0.74359
0.00447,0.0,0.76923
0.0296,0.16182,0.76923
0.05473,0.36548,0.76923
0.07987,0.57919,0.76923
0.10501,0.7712,0.76923
0.13014,0.9097,0.76923
0.15528,0.96293,0.76923
0.18005,0.96293,0.76923
0.20482,0.96293,0.76923
0.22959,0.96293,0.76923
0.25437,0.96293,0.76923
0.27914,0.96293,0.76923
0.30391,0.96293,0.76923
0.32868,0.96293,0.76923
0.35346,0.96293,0.76923
0.37823,0.96293,0.76923
0.403,0.96293,0.76923
0.42777,0.96293,0.76923
0.45255,0.96293,0.76923
0.47732,0.96293,0.76923
0.50209,0.96293,0.76923
0.52686,0.96293,0.76923
0.55164,0.96293,0.76923
0.57641,0.96293,0.76923
0.60259,0.96202,0.76923
0.62878,0.95928,0.76923
0.65497,0.95469,0.76923
0.68116,0.94818,0.76923
0.70734,0.93967,0.76923
0.73353,0.92904,0.76923
0.75972,0.91612,0.76923
0.7859,0.90071,0.76923
0.81209,0.88249,0.76923
0.83828,0.86105,0.76923
0.86446,0.83576,0.76923
0.89065,0.80569,0.76923
0.91684,0.76924,0.76923
0.94303,0.72334,0.76923
0.96921,0.66011,0.76923
0.9954,0.49849,0.76923
0.00416,0.0,0.79487
0.02911,0.16378,0.79487
0.05405,0.36916,0.79487
0.079,0.58432,0.79487
0.10395,0.77742,0.79487
0.12889,0.91663,0.79487
0.15384,0.97011,0.79487
0.17989,0.97011,0.79487
0.20593,0.97011,0.79487
0.23198,0.97011,0.79487
0.25802,0.97011,0.79487
0.28406,0.97011,0.79487
0.31011,0.97011,0.79487
0.33615,0.97011,0.79487
0.3622,0.97011,0.79487
0.38824,0.97011,0.79487
0.41429,0.97011,0.79487
0.44033,0.97011,0.79487
0.46638,0.97011,0.79487
0.49242,0.97011,0.79487
0.51847,0.97011,0.79487
0.54451,0.97011,0.79487
0.57056,0.97011,0.79487
0.59552,0.96933,0.79487
0.62048,0.96698,0.79487
0.64544,0.96304,0.79487
0.6704,0.95745,0.79487
0.69536,0.95017,0.79487
0.72032,0.9411,0.79487
0.74528,0.93012,0.79487
0.77024,0.91707,0.79487
0.7952,0.90175,0.79487
0.82016,0.88386,0.79487
0.84512,0.86301,0.79487
0.87008,0.83862,0.79487
0.89504,0.80978,0.79487
0.92,0.77502,0.79487
0.94497,0.73144,0.79487
0.96993,0.67162,0.79487
0.99489,0.51928,0.79487
0.00381,0.0,0.82051
0.0335,0.20495,0.82051
0.0632,0.46004,0.82051
0.0929,0.7103,0.82051
0.1226,0.90077,0.82051
0.1523,0.97648,0.82051
0.17652,0.97648,0.82051
0.20074,0.97648,0.82051
0.22496,0.97648,0.82051
0.24917,0.97648,0.82051
0.27339,0.97648,0.82051
0.29761,0.97648,0.82051
0.32183,0.97648,0.82051
0.34605,0.97648,0.82051
0.37027,0.97648,0.82051
0.39449,0.97648,0.82051
0.4187,0.97648,0.82051
0.44292,0.97648,0.82051
0.46714,0.97648,0.82051
0.49136,0.97648,0.82051
0.51558,0.97648,0.82051
0.5398,0.97648,0.82051
0.56402,0.97648,0.82051
0.58933,0.97572,0.82051
0.61465,0.97344,0.82051
0.63996,0.96962,0.82051
0.66528,0.96423,0.82051
0.69059,0.95717,0.82051
0.71591,0.94839,0.82051
0.74122,0.93776,0.82051
0.76654,0.92513,0.82051
0.79185,0.9103,0.82051
0.81717,0.89299,0.82051
0.84248,0.8728,0.82051
0.8678,0.84919,0.82051
0.89312,0.82128,0.82051
0.91843,0.78763,0.82051
0.94375,0.74543,0.82051
0.96906,0.68754,0.82051
0.99438,0.54006,0.82051
0.0034,0.0,0.84615
0.03285,0.20745,0.84615
0.0623,0.46416,0.84615
0.09175,0.71536,0.84615
0.1212,0.90625,0.84615
0.15065,0.98206,0.84615
0.17454,0.98206,0.84615
0.19843,0.98206,0.84615
0.22232,0.98206,0.84615
0.24621,0.98206,0.84615
0.2701,0.98206,0.84615
0.29399,0.98206,0.84615
0.31788,0.98206,0.84615
0.34178,0.98206,0.84615
0.36567,0.98206,0.84615
0.38956,0.98206,0.84615
0.41345,0.98206,0.84615
0.43734,0.98206,0.84615
0.46123,0.98206,0.84615
0.48512,0.98206,0.84615
0.50901,0.98206,0.84615
0.53291,0.98206,0.84615
0.5568,0.98206,0.84615
0.58251,0.98132,0.84615
0.60822,0.97913,0.84615
0.63393,0.97545,0.84615
0.65964,0.97023,0.84615
0.68535,0.96343,0.84615
0.71106,0.95495,0.84615
0.73676,0.94469,0.84615
0.76247,0.9325,0.84615
0.78819,0.91819,0.84615
0.8139,0.90147,0.84615
0.8396,0.882,0.84615
0.86531,0.8592,0.84615
0.89102,0.83226,0.84615
0.91674,0.79979,0.84615
0.94244,0.75906,0.84615
0.96815,0.70319,0.84615
0.99386,0.56085,0.84615
0.00296,0.0,0.87179
0.03214,0.21005,0.87179
0.06133,0.46822,0.87179
0.09052,0.72006,0.87179
0.1197,0.91109,0.87179
0.14889,0.98687,0.87179
0.17242,0.98687,0.87179
0.19595,0.98687,0.87179
0.21948,0.98687,0.87179
0.24301,0.98687,0.87179
0.26654,0.98687,0.87179
0.29007,0.98687,0.87179
0.31359,0.98687,0.87179
0.33712,0.98687,0.87179
0.36065,0.98687,0.87179
0.38418,0.98687,0.87179
0.40771,0.98687,0.87179
0.43124,0.98687,0.87179
0.45477,0.98687,0.87179
0.4783,0.98687,0.87179
0.50183,0.98687,0.87179
0.52536,0.98687,0.87179
0.54889,0.98687,0.87179
0.57504,0.98616,0.87179
0.60118,0.98405,0.87179
0.62733,0.98051,0.87179
0.65347,0.97549,0.87179
0.67961,0.96895,0.87179
0.70576,0.96079,0.87179
0.7319,0.95092,0.87179
0.75805,0.9392,0.87179
0.78419,0.92542,0.87179
0.81034,0.90935,0.87179
0.83648,0.8906,0.87179
0.86263,0.86868,0.87179
0.88877,0.84276,0.87179
0.91492,0.81152,0.87179
0.94106,0.77233,0.87179
0.96721,0.71858,0.87179
0.99335,0.58164,0.87179
0.00246,0.0,0.89743
0.03137,0.21277,0.89743
0.06028,0.47223,0.89743
0.0892,0.72441,0.89743
0.11811,0.91531,0.89743
0.14702,0.99094,0.89743
0.1716,0.99094,0.89743
0.19618,0.99094,0.89743
0.22076,0.99094,0.89743
0.24534,0.99094,0.89743
0.26992,0.99094,0.89743
0.2945,0.99094,0.89743
0.31908,0.99094,0.89743
0.34366,0.99094,0.89743
0.36824,0.99094,0.89743
0.39282,0.99094,0.89743
0.4174,0.99094,0.89743
0.44198,0.99094,0.89743
0.46656,0.99094,0.89743
0.49114,0.99094,0.89743
0.51572,0.99094,0.89743
0.5403,0.99094,0.89743
0.56544,0.99033,0.89743
0.59058,0.98853,0.89743
0.61572,0.9855,0.89743
0.64087,0.98122,0.89743
0.66601,0.97565,0.89743
0.69115,0.96872,0.89743
0.71629,0.96035,0.89743
0.74143,0.95046,0.89743
0.76657,0.93889,0.89743
0.79171,0.92546,0.89743
0.81685,0.90995,0.89743
0.84199,0.89201,0.89743
0.86714,0.87114,0.89743
0.89228,0.84662,0.89743
0.91742,0.81718,0.89743
0.94256,0.78041,0.89743
0.9677,0.73012,0.89743
0.99284,0.60243,0.89743
0.00192,0.0,0.92308
0.03054,0.2156,0.92308
0.05917,0.47621,0.92308
0.08779,0.72844,0.92308
0.11642,0.91892,0.92308
0.14504,0.99427,0.92308
0.16917,0.99427,0.92308
0.19329,0.99427,0.92308
0.21741,0.99427,0.92308
0.24154,0.99427,0.92308
0.26566,0.99427,0.92308
0.28979,0.99427,0.92308
0.31391,0.99427,0.92308
0.33803,0.99427,0.92308
0.36216,0.99427,0.92308
0.38628,0.99427,0.92308
0.41041,0.99427,0.92308
0.43453,0.99427,0.92308
0.45866,0.99427,0.92308
0.48278,0.99427,0.92308
0.5069,0.99427,0.92308
0.53103,0.99427,0.92308
0.55666,0.9937,0.92308
0.58228,0.99197,0.92308
0.60791,0.98908,0.92308
0.63354,0.98499,0.92308
0.65917,0.97967,0.92308
0.6848,0.97305,0.92308
0.71042,0.96506,0.92308
0.73605,0.95561,0.92308
0.76168,0.94456,0.92308
0.78731,0.93174,0.92308
0.81293,0.91692,0.92308
0.83856,0.89978,0.92308
0.86419,0.87986,0.92308
0.88982,0.85644,0.92308
0.91545,0.82832,0.92308
0.94107,0.7932,0.92308
0.9667,0.74517,0.92308
0.99233,0.62322,0.92308
0.00133,0.0,0.94872
0.02965,0.21858,0.94872
0.05798,0.48017,0.94872
0.0863,0.73216,0.94872
0.11463,0.92194,0.94872
0.14296,0.99689,0.94872
0.16816,0.99689,0.94872
0.19337,0.99689,0.94872
0.21858,0.99689,0.94872
0.24379,0.99689,0.94872
0.26899,0.99689,0.94872
0.2942,0.99689,0.94872
0.31941,0.99689,0.94872
0.34462,0.99689,0.94872
0.36982,0.99689,0.94872
0.39503,0.99689,0.94872
0.42024,0.99689,0.94872
0.44545,0.99689,0.94872
0.47066,0.99689,0.94872
0.49586,0.99689,0.94872
0.52107,0.99689,0.94872
0.54585,0.9964,0.94872
0.57062,0.99492,0.94872
0.5954,0.99246,0.94872
0.62018,0.98898,0.94872
0.64495,0.98445,0.94872
0.66973,0.97883,0.94872
0.6945,0.97207,0.94872
0.71928,0.96408,0.94872
0.74406,0.95479,0.94872
0.76883,0.94406,0.94872
0.79361,0.93173,0.94872
0.81839,0.9176,0.94872
0.84316,0.90136,0.94872
0.86794,0.88257,0.94872
0.89271,0.8606,0.94872
0.91749,0.83432,0.94872
0.94227,0.8016,0.94872
0.96704,0.75698,0.94872
0.99182,0.644,0.94872
0.00069,0.0,0.97436
0.0287,0.22171,0.97436
0.05672,0.48414,0.97436
0.08473,0.73559,0.97436
0.11275,0.92438,0.97436
0.14076,0.9988,0.97436
0.1654,0.9988,0.97436
0.19005,0.9988,0.97436
0.21469,0.9988,0.97436
0.23934,0.9988,0.97436
0.26398,0.9988,0.97436
0.28863,0.9988,0.97436
0.31327,0.9988,0.97436
0.33792,0.9988,0.97436
0.36256,0.9988,0.97436
0.38721,0.9988,0.97436
0.41185,0.9988,0.97436
0.4365,0.9988,0.97436
0.46114,0.9988,0.97436
0.48578,0.9988,0.97436
0.51043,0.9988,0.97436
0.53574,0.99833,0.97436
0.56105,0.99694,0.97436
0.58636,0.99461,0.97436
0.61167,0.99131,0.97436
0.63698,0.98702,0.97436
0.66229,0.98171,0.97436
0.6876,0.9753,0.97436
0.7129,0.96774,0.97436
0.73821,0.95895,0.97436
0.76352,0.94879,0.97436
0.78883,0.93713,0.97436
0.81414,0.92375,0.97436
0.83945,0.90838,0.97436
0.86476,0.8906,0.97436
0.89007,0.8698,0.97436
0.91538,0.84492,0.97436
0.94069,0.81396,0.97436
0.966,0.77172,0.97436
0.99131,0.66479,0.97436
0.0,0.0,1.0
0.02769,0.225,1.0
0.05538,0.48813,1.0
0.08307,0.73875,1.0
0.11077,0.92625,1.0
0.13846,1.0,1.0
0.1625,1.0,1.0
0.18654,1.0,1.0
0.21059,1.0,1.0
0.23463,1.0,1.0
0.25867,1.0,1.0
0.28272,1.0,1.0
0.30676,1.0,1.0
0.3308,1.0,1.0
0.35485,1.0,1.0
0.37889,1.0,1.0
0.40293,1.0,1.0
0.42697,1.0,1.0
0.45102,1.0,1.0
0.47506,1.0,1.0
0.4991,1.0,1.0
0.52498,0.99956,1.0
0.55086,0.99825,1.0
0.57674,0.99605,1.0
0.60262,0.99295,1.0
0.6285,0.98892,1.0
0.65438,0.98391,1.0
0.68025,0.97788,1.0
0.70613,0.97077,1.0
0.73201,0.96248,1.0
0.75789,0.95292,1.0
0.78377,0.94195,1.0
0.80965,0.92935,1.0
0.83552,0.91488,1.0
0.8614,0.89814,1.0
0.88728,0.87857,1.0
0.91316,0.85515,1.0
0.93904,0.826,1.0
0.96492,0.78624,1.0
0.9908,0.68558,1.0
