0.15856,0.0,0.0
0.17826,0.0,0.0
0.19796,0.0,0.0
0.21767,0.0,0.0
0.23737,0.0,0.0
0.25707,0.0,0.0
0.27677,0.0,0.0
0.29647,0.0,0.0
0.31617,0.0,0.0
0.33587,0.0,0.0
0.35557,0.0,0.0
0.37527,0.0,0.0
0.39498,0.0,0.0
0.41468,0.0,0.0
0.43438,0.0,0.0
0.45408,0.0,0.0
0.47378,0.0,0.0
0.49348,0.0,0.0
0.51318,0.0,0.0
0.53288,0.0,0.0
0.55258,0.0,0.0
0.57228,0.0,0.0
0.59198,0.0,0.0
0.61169,0.0,0.0
0.63139,0.0,0.0
0.65109,0.0,0.0
0.67079,0.0,0.0
0.69049,0.0,0.0
0.71019,0.0,0.0
0.72989,0.0,0.0
0.74959,0.0,0.0
0.76929,0.0,0.0
0.789,0.0,0.0
0.8087,0.0,0.0
0.8284,0.0,0.0
0.8481,0.0,0.0
0.8678,0.0,0.0
0.8875,0.0,0.0
0.9072,0.0,0.0
0.9269,0.0,0.0
0.13424,0.0,0.02564
0.15529,0.05699,0.02564
0.17634,0.08743,0.02564
0.1974,0.09661,0.02564
0.21845,0.08982,0.02564
0.2395,0.07238,0.02564
0.26056,0.04959,0.02564
0.28161,0.02673,0.02564
0.30266,0.00914,0.02564
0.32372,0.0021,0.02564
0.34431,0.0021,0.02564
0.36491,0.0021,0.02564
0.3855,0.0021,0.02564
0.4061,0.0021,0.02564
0.42669,0.0021,0.02564
0.44729,0.0021,0.02564
0.46788,0.0021,0.02564
0.48848,0.0021,0.02564
0.50907,0.0021,0.02564
0.52967,0.0021,0.02564
0.55027,0.0021,0.02564
0.57086,0.0021,0.02564
0.59146,0.0021,0.02564
0.61205,0.0021,0.02564
0.63265,0.0021,0.02564
0.65334,0.0021,0.02564
0.67404,0.00208,0.02564
0.69474,0.00205,0.02564
0.71543,0.00203,0.02564
0.73613,0.00198,0.02564
0.75682,0.00192,0.02564
0.77752,0.00186,0.02564
0.79822,0.00178,0.02564
0.81891,0.00168,0.02564
0.83961,0.00156,0.02564
0.8603,0.00143,0.02564
0.881,0.00126,0.02564
0.9017,0.00105,0.02564
0.92239,0.00075,0.02564
0.94309,0.0,0.02564
0.12416,0.0,0.05128
0.14695,0.06303,0.05128
0.16974,0.09714,0.05128
0.19253,0.10808,0.05128
0.21532,0.10159,0.05128
0.2381,0.0834,0.05128
0.26089,0.05927,0.05128
0.28368,0.03491,0.05128
0.30647,0.01609,0.05128
0.32926,0.00855,0.05128
0.34952,0.00855,0.05128
0.36977,0.00855,0.05128
0.39003,0.00855,0.05128
0.41029,0.00855,0.05128
0.43054,0.00855,0.05128
0.4508,0.00855,0.05128
0.47105,0.00855,0.05128
0.49131,0.00855,0.05128
0.51157,0.00855,0.05128
0.53182,0.00855,0.05128
0.55208,0.00855,0.05128
0.57234,0.00855,0.05128
0.59259,0.00855,0.05128
0.61285,0.00855,0.05128
0.63311,0.00855,0.05128
0.65422,0.00853,0.05128
0.67533,0.00847,0.05128
0.69644,0.00838,0.05128
0.71756,0.00824,0.05128
0.73867,0.00806,0.05128
0.75978,0.00783,0.05128
0.78089,0.00756,0.05128
0.802,0.00723,0.05128
0.82312,0.00684,0.05128
0.84423,0.00637,0.05128
0.86534,0.00581,0.05128
0.88645,0.00513,0.05128
0.90757,0.00426,0.05128
0.92868,0.00307,0.05128
0.94979,0.0,0.05128
0.11643,0.0,0.07692
0.13824,0.06318,0.07692
0.16006,0.10102,0.07692
0.18187,0.11793,0.07692
0.20368,0.11832,0.07692
0.22549,0.10658,0.07692
0.24731,0.08711,0.07692
0.26912,0.0643,0.07692
0.29093,0.04257,0.07692
0.31274,0.02631,0.07692
0.33456,0.0199,0.07692
0.35592,0.0199,0.07692
0.37728,0.0199,0.07692
0.39864,0.0199,0.07692
0.42,0.0199,0.07692
0.44137,0.0199,0.07692
0.46273,0.0199,0.07692
0.48409,0.0199,0.07692
0.50545,0.0199,0.07692
0.52681,0.0199,0.07692
0.54818,0.0199,0.07692
0.56954,0.0199,0.07692
0.5909,0.0199,0.07692
0.61226,0.0199,0.07692
0.63363,0.0199,0.07692
0.65505,0.01986,0.07692
0.67647,0.01973,0.07692
0.69789,0.0195,0.07692
0.71931,0.01918,0.07692
0.74073,0.01877,0.07692
0.76215,0.01824,0.07692
0.78357,0.0176,0.07692
0.80499,0.01684,0.07692
0.82641,0.01593,0.07692
0.84783,0.01483,0.07692
0.86925,0.01354,0.07692
0.89067,0.01195,0.07692
0.91209,0.00993,0.07692
0.93352,0.00715,0.07692
0.95494,0.0,0.07692
0.10991,0.0,0.10257
0.13288,0.06806,0.10257
0.15585,0.10979,0.10257
0.17882,0.12969,0.10257
0.20179,0.13229,0.10257
0.22476,0.12211,0.10257
0.24773,0.10365,0.10257
0.2707,0.08143,0.10257
0.29367,0.05997,0.10257
0.31664,0.04378,0.10257
0.33961,0.03738,0.10257
0.36065,0.03738,0.10257
0.38169,0.03738,0.10257
0.40273,0.03738,0.10257
0.42378,0.03738,0.10257
0.44482,0.03738,0.10257
0.46586,0.03738,0.10257
0.48691,0.03738,0.10257
0.50795,0.03738,0.10257
0.52899,0.03738,0.10257
0.55003,0.03738,0.10257
0.57108,0.03738,0.10257
0.59212,0.03738,0.10257
0.61316,0.03738,0.10257
0.63421,0.03738,0.10257
0.65588,0.0373,0.10257
0.67755,0.03705,0.10257
0.69922,0.03663,0.10257
0.72089,0.03603,0.10257
0.74256,0.03524,0.10257
0.76423,0.03427,0.10257
0.7859,0.03307,0.10257
0.80757,0.03162,0.10257
0.82925,0.0299,0.10257
0.85092,0.02786,0.10257
0.87259,0.02542,0.10257
0.89426,0.02243,0.10257
0.91593,0.01865,0.10257
0.9376,0.01342,0.10257
0.95927,0.0,0.10257
0.10417,0.0,0.12821
0.12601,0.06751,0.12821
0.14785,0.11251,0.12821
0.16969,0.13842,0.12821
0.19153,0.14859,0.12821
0.21337,0.14643,0.12821
0.23521,0.13531,0.12821
0.25705,0.11863,0.12821
0.27889,0.09975,0.12821
0.30073,0.08208,0.12821
0.32257,0.06899,0.12821
0.34441,0.06388,0.12821
0.36675,0.06388,0.12821
0.38909,0.06388,0.12821
0.41143,0.06388,0.12821
0.43377,0.06388,0.12821
0.45612,0.06388,0.12821
0.47846,0.06388,0.12821
0.5008,0.06388,0.12821
0.52314,0.06388,0.12821
0.54548,0.06388,0.12821
0.56782,0.06388,0.12821
0.59016,0.06388,0.12821
0.61251,0.06388,0.12821
0.63485,0.06388,0.12821
0.65673,0.06374,0.12821
0.67861,0.06331,0.12821
0.7005,0.06259,0.12821
0.72238,0.06156,0.12821
0.74426,0.06023,0.12821
0.76615,0.05854,0.12821
0.78803,0.0565,0.12821
0.80991,0.05404,0.12821
0.8318,0.0511,0.12821
0.85368,0.04761,0.12821
0.87556,0.04342,0.12821
0.89745,0.03832,0.12821
0.91933,0.03187,0.12821
0.94121,0.02293,0.12821
0.96309,0.0,0.12821
0.09898,0.0,0.15384
0.1217,0.07199,0.15384
0.14443,0.12147,0.15384
0.16716,0.15173,0.15384
0.18988,0.16608,0.15384
0.21261,0.16781,0.15384
0.23533,0.16024,0.15384
0.25806,0.14663,0.15384
0.28079,0.13031,0.15384
0.30351,0.11458,0.15384
0.32624,0.10271,0.15384
0.34896,0.09802,0.15384
0.37101,0.09802,0.15384
0.39305,0.09802,0.15384
0.4151,0.09802,0.15384
0.43714,0.09802,0.15384
0.45919,0.09802,0.15384
0.48123,0.09802,0.15384
0.50328,0.09802,0.15384
0.52532,0.09802,0.15384
0.54737,0.09802,0.15384
0.56941,0.09802,0.15384
0.59146,0.09802,0.15384
0.6135,0.09802,0.15384
0.63555,0.09802,0.15384
0.65762,0.09781,0.15384
0.67968,0.09715,0.15384
0.70175,0.09604,0.15384
0.72382,0.09447,0.15384
0.74588,0.09241,0.15384
0.76795,0.08984,0.15384
0.79002,0.0867,0.15384
0.81208,0.08292,0.15384
0.83415,0.07842,0.15384
0.85622,0.07306,0.15384
0.87828,0.06664,0.15384
0.90035,0.05882,0.15384
0.92242,0.0489,0.15384
0.94448,0.03519,0.15384
0.96655,0.0,0.15384
0.0942,0.0,0.17949
0.11776,0.07632,0.17949
0.14131,0.13017,0.17949
0.16486,0.16476,0.17949
0.18841,0.18328,0.17949
0.21196,0.18895,0.17949
0.23551,0.18495,0.17949
0.25906,0.17451,0.17949
0.28262,0.1608,0.17949
0.30617,0.14706,0.17949
0.32972,0.13645,0.17949
0.35327,0.13221,0.17949
0.37504,0.13221,0.17949
0.39682,0.13221,0.17949
0.41859,0.13221,0.17949
0.44036,0.13221,0.17949
0.46213,0.13221,0.17949
0.48391,0.13221,0.17949
0.50568,0.13221,0.17949
0.52745,0.13221,0.17949
0.54922,0.13221,0.17949
0.571,0.13221,0.17949
0.59277,0.13221,0.17949
0.61454,0.13221,0.17949
0.63631,0.13221,0.17949
0.65854,0.13191,0.17949
0.68077,0.13102,0.17949
0.703,0.12953,0.17949
0.72522,0.12742,0.17949
0.74745,0.12465,0.17949
0.76968,0.12117,0.17949
0.79191,0.11693,0.17949
0.81413,0.11183,0.17949
0.83636,0.10576,0.17949
0.85859,0.09854,0.17949
0.88082,0.08988,0.17949
0.90304,0.07932,0.17949
0.92527,0.06596,0.17949
0.9475,0.04746,0.17949
0.96973,0.0,0.17949
0.08976,0.0,0.20513
0.11206,0.0747,0.20513
0.13436,0.13038,0.20513
0.15665,0.16945,0.20513
0.17895,0.19425,0.20513
0.20125,0.20721,0.20513
0.22355,0.2107,0.20513
0.24584,0.20711,0.20513
0.26814,0.19881,0.20513
0.29044,0.18821,0.20513
0.31274,0.17768,0.20513
0.33503,0.16962,0.20513
0.35733,0.16639,0.20513
0.38065,0.16639,0.20513
0.40397,0.16639,0.20513
0.42728,0.16639,0.20513
0.4506,0.16639,0.20513
0.47392,0.16639,0.20513
0.49724,0.16639,0.20513
0.52055,0.16639,0.20513
0.54387,0.16639,0.20513
0.56719,0.16639,0.20513
0.5905,0.16639,0.20513
0.61382,0.16639,0.20513
0.63714,0.16639,0.20513
0.65951,0.16603,0.20513
0.68188,0.16491,0.20513
0.70425,0.16303,0.20513
0.72662,0.16037,0.20513
0.74899,0.15688,0.20513
0.77136,0.1525,0.20513
0.79373,0.14716,0.20513
0.81609,0.14075,0.20513
0.83846,0.13311,0.20513
0.86083,0.12403,0.20513
0.8832,0.11313,0.20513
0.90557,0.09984,0.20513
0.92794,0.08301,0.20513
0.95031,0.05974,0.20513
0.97268,0.0,0.20513
0.08559,0.0,0.23077
0.10855,0.07842,0.23077
0.13151,0.13795,0.23077
0.15448,0.1809,0.23077
0.17744,0.20956,0.23077
0.2004,0.22624,0.23077
0.22337,0.23323,0.23077
0.24633,0.23284,0.23077
0.26929,0.22736,0.23077
0.29225,0.21909,0.23077
0.31522,0.21034,0.23077
0.33818,0.2034,0.23077
0.36114,0.20058,0.23077
0.38422,0.20058,0.23077
0.40729,0.20058,0.23077
0.43036,0.20058,0.23077
0.45344,0.20058,0.23077
0.47651,0.20058,0.23077
0.49958,0.20058,0.23077
0.52266,0.20058,0.23077
0.54573,0.20058,0.23077
0.5688,0.20058,0.23077
0.59188,0.20058,0.23077
0.61495,0.20058,0.23077
0.63802,0.20058,0.23077
0.66052,0.20013,0.23077
0.68302,0.19879,0.23077
0.70551,0.19653,0.23077
0.72801,0.19332,0.23077
0.7505,0.18911,0.23077
0.773,0.18384,0.23077
0.79549,0.1774,0.23077
0.81799,0.16967,0.23077
0.84049,0.16047,0.23077
0.86298,0.14951,0.23077
0.88548,0.13637,0.23077
0.90797,0.12035,0.23077
0.93047,0.10007,0.23077
0.95296,0.07201,0.23077
0.97546,0.0,0.23077
0.08164,0.0,0.25641
0.10523,0.08201,0.25641
0.12882,0.14531,0.25641
0.15241,0.1921,0.25641
0.176,0.2246,0.25641
0.19959,0.24501,0.25641
0.22317,0.25554,0.25641
0.24676,0.25839,0.25641
0.27035,0.25577,0.25641
0.29394,0.24989,0.25641
0.31753,0.24296,0.25641
0.34112,0.23718,0.25641
0.36471,0.23476,0.25641
0.38756,0.23476,0.25641
0.41042,0.23476,0.25641
0.43328,0.23476,0.25641
0.45613,0.23476,0.25641
0.47899,0.23476,0.25641
0.50184,0.23476,0.25641
0.52469,0.23476,0.25641
0.54755,0.23476,0.25641
0.57041,0.23476,0.25641
0.59326,0.23476,0.25641
0.61612,0.23476,0.25641
0.63897,0.23476,0.25641
0.66158,0.23425,0.25641
0.68419,0.23267,0.25641
0.70679,0.23002,0.25641
0.7294,0.22626,0.25641
0.75201,0.22134,0.25641
0.77462,0.21517,0.25641
0.79723,0.20764,0.25641
0.81983,0.19859,0.25641
0.84244,0.18781,0.25641
0.86505,0.17499,0.25641
0.88766,0.15961,0.25641
0.91026,0.14086,0.25641
0.93287,0.11712,0.25641
0.95548,0.08429,0.25641
0.97809,0.0,0.25641
0.07788,0.0,0.28205
0.10206,0.08549,0.28205
0.12624,0.15247,0.28205
0.15042,0.20307,0.28205
0.1746,0.23939,0.28205
0.19878,0.26354,0.28205
0.22296,0.27763,0.28205
0.24714,0.28376,0.28205
0.27131,0.28406,0.28205
0.29549,0.28061,0.28205
0.31967,0.27554,0.28205
0.34385,0.27095,0.28205
0.36803,0.26895,0.28205
0.39069,0.26895,0.28205
0.41335,0.26895,0.28205
0.43602,0.26895,0.28205
0.45868,0.26895,0.28205
0.48134,0.26895,0.28205
0.504,0.26895,0.28205
0.52667,0.26895,0.28205
0.54933,0.26895,0.28205
0.57199,0.26895,0.28205
0.59465,0.26895,0.28205
0.61732,0.26895,0.28205
0.63998,0.26895,0.28205
0.66269,0.26835,0.28205
0.68539,0.26655,0.28205
0.7081,0.26352,0.28205
0.73081,0.25921,0.28205
0.75351,0.25357,0.28205
0.77622,0.2465,0.28205
0.79893,0.23787,0.28205
0.82163,0.22751,0.28205
0.84434,0.21516,0.28205
0.86705,0.20046,0.28205
0.88976,0.18285,0.28205
0.91246,0.16137,0.28205
0.93517,0.13418,0.28205
0.95788,0.09655,0.28205
0.98058,0.0,0.28205
0.0743,0.0,0.3077
0.09713,0.08268,0.3077
0.11996,0.14968,0.3077
0.14279,0.20258,0.3077
0.16562,0.24297,0.3077
0.18845,0.27241,0.3077
0.21128,0.29249,0.3077
0.23411,0.30478,0.3077
0.25694,0.31084,0.3077
0.27977,0.31227,0.3077
0.30261,0.31064,0.3077
0.32544,0.30752,0.3077
0.34827,0.30449,0.3077
0.3711,0.30314,0.3077
0.39564,0.30314,0.3077
0.42018,0.30314,0.3077
0.44472,0.30314,0.3077
0.46926,0.30314,0.3077
0.4938,0.30314,0.3077
0.51834,0.30314,0.3077
0.54288,0.30314,0.3077
0.56743,0.30314,0.3077
0.59197,0.30314,0.3077
0.61651,0.30314,0.3077
0.64105,0.30314,0.3077
0.66384,0.30247,0.3077
0.68664,0.30044,0.3077
0.70943,0.29702,0.3077
0.73223,0.29217,0.3077
0.75502,0.28581,0.3077
0.77782,0.27783,0.3077
0.80061,0.26811,0.3077
0.82341,0.25643,0.3077
0.8462,0.24251,0.3077
0.869,0.22594,0.3077
0.89179,0.20609,0.3077
0.91459,0.18188,0.3077
0.93738,0.15123,0.3077
0.96018,0.10883,0.3077
0.98297,0.0,0.3077
0.07086,0.0,0.33333
0.09417,0.08565,0.33333
0.11748,0.15588,0.33333
0.14079,0.21219,0.33333
0.16411,0.25608,0.33333
0.18742,0.28902,0.33333
0.21073,0.31251,0.33333
0.23405,0.32803,0.33333
0.25736,0.33707,0.33333
0.28067,0.34114,0.33333
0.30398,0.3417,0.33333
0.3273,0.34026,0.33333
0.35061,0.33831,0.33333
0.37392,0.33733,0.33333
0.39831,0.33733,0.33333
0.4227,0.33733,0.33333
0.44708,0.33733,0.33333
0.47147,0.33733,0.33333
0.49586,0.33733,0.33333
0.52024,0.33733,0.33333
0.54463,0.33733,0.33333
0.56902,0.33733,0.33333
0.5934,0.33733,0.33333
0.61779,0.33733,0.33333
0.64218,0.33733,0.33333
0.66505,0.33658,0.33333
0.68792,0.33431,0.33333
0.71079,0.33051,0.33333
0.73367,0.32511,0.33333
0.75654,0.31803,0.33333
0.77941,0.30917,0.33333
0.80228,0.29834,0.33333
0.82516,0.28535,0.33333
0.84803,0.26986,0.33333
0.8709,0.25143,0.33333
0.89377,0.22934,0.33333
0.91664,0.2024,0.33333
0.93952,0.16829,0.33333
0.96239,0.1211,0.33333
0.98526,0.0,0.33333
0.06755,0.0,0.35897
0.09131,0.0885,0.35897
0.11508,0.16189,0.35897
0.13884,0.22156,0.35897
0.16261,0.26892,0.35897
0.18637,0.30536,0.35897
0.21014,0.33229,0.35897
0.2339,0.35108,0.35897
0.25767,0.36314,0.35897
0.28144,0.36988,0.35897
0.3052,0.3727,0.35897
0.32897,0.37297,0.35897
0.35273,0.37211,0.35897
0.3765,0.37152,0.35897
0.39874,0.37152,0.35897
0.42098,0.37152,0.35897
0.44322,0.37152,0.35897
0.46546,0.37152,0.35897
0.48769,0.37152,0.35897
0.50993,0.37152,0.35897
0.53217,0.37152,0.35897
0.55441,0.37152,0.35897
0.57665,0.37152,0.35897
0.59889,0.37152,0.35897
0.62113,0.37152,0.35897
0.64337,0.37152,0.35897
0.66795,0.37057,0.35897
0.69252,0.36771,0.35897
0.7171,0.36288,0.35897
0.74168,0.35603,0.35897
0.76626,0.34701,0.35897
0.79084,0.33566,0.35897
0.81542,0.32174,0.35897
0.84,0.30488,0.35897
0.86457,0.28457,0.35897
0.88915,0.26001,0.35897
0.91373,0.22982,0.35897
0.93831,0.19136,0.35897
0.96289,0.13789,0.35897
0.98746,0.0,0.35897
0.06435,0.0,0.38462
0.08854,0.09124,0.38462
0.11273,0.1677,0.38462
0.13692,0.23069,0.38462
0.16111,0.28151,0.38462
0.1853,0.32145,0.38462
0.20949,0.35182,0.38462
0.23368,0.37392,0.38462
0.25787,0.38905,0.38462
0.28206,0.39852,0.38462
0.30626,0.40361,0.38462
0.33045,0.40564,0.38462
0.35464,0.4059,0.38462
0.37883,0.4057,0.38462
0.40098,0.4057,0.38462
0.42313,0.4057,0.38462
0.44528,0.4057,0.38462
0.46742,0.4057,0.38462
0.48957,0.4057,0.38462
0.51172,0.4057,0.38462
0.53387,0.4057,0.38462
0.55602,0.4057,0.38462
0.57817,0.4057,0.38462
0.60032,0.4057,0.38462
0.62247,0.4057,0.38462
0.64462,0.4057,0.38462
0.66926,0.40466,0.38462
0.6939,0.40154,0.38462
0.71854,0.39628,0.38462
0.74318,0.38879,0.38462
0.76782,0.37894,0.38462
0.79246,0.36655,0.38462
0.81711,0.35135,0.38462
0.84175,0.33293,0.38462
0.86639,0.31076,0.38462
0.89103,0.28393,0.38462
0.91567,0.25096,0.38462
0.94031,0.20897,0.38462
0.96495,0.15057,0.38462
0.98959,0.0,0.38462
0.06126,0.0,0.41026
0.08585,0.09385,0.41026
0.11044,0.17331,0.41026
0.13503,0.23956,0.41026
0.15961,0.29381,0.41026
0.1842,0.33726,0.41026
0.20879,0.37111,0.41026
0.23338,0.39655,0.41026
0.25797,0.41479,0.41026
0.28256,0.42702,0.41026
0.30714,0.43445,0.41026
0.33173,0.43827,0.41026
0.35632,0.43968,0.41026
0.38091,0.43989,0.41026
0.40299,0.43989,0.41026
0.42508,0.43989,0.41026
0.44717,0.43989,0.41026
0.46925,0.43989,0.41026
0.49134,0.43989,0.41026
0.51342,0.43989,0.41026
0.53551,0.43989,0.41026
0.55759,0.43989,0.41026
0.57968,0.43989,0.41026
0.60176,0.43989,0.41026
0.62385,0.43989,0.41026
0.64593,0.43989,0.41026
0.67063,0.43876,0.41026
0.69532,0.43538,0.41026
0.72001,0.42967,0.41026
0.74471,0.42155,0.41026
0.7694,0.41087,0.41026
0.7941,0.39744,0.41026
0.81879,0.38095,0.41026
0.84348,0.36099,0.41026
0.86818,0.33695,0.41026
0.89287,0.30785,0.41026
0.91756,0.27211,0.41026
0.94226,0.22657,0.41026
0.96695,0.16326,0.41026
0.99165,0.0,0.41026
0.05827,0.0,0.4359
0.08323,0.09635,0.4359
0.10819,0.17871,0.4359
0.13315,0.24817,0.4359
0.15811,0.30584,0.4359
0.18306,0.3528,0.4359
0.20802,0.39015,0.4359
0.23299,0.41897,0.4359
0.25794,0.44036,0.4359
0.2829,0.4554,0.4359
0.30786,0.46521,0.4359
0.33282,0.47086,0.4359
0.35778,0.47345,0.4359
0.38274,0.47407,0.4359
0.40479,0.47407,0.4359
0.42684,0.47407,0.4359
0.44889,0.47407,0.4359
0.47093,0.47407,0.4359
0.49298,0.47407,0.4359
0.51503,0.47407,0.4359
0.53707,0.47407,0.4359
0.55912,0.47407,0.4359
0.58117,0.47407,0.4359
0.60321,0.47407,0.4359
0.62526,0.47407,0.4359
0.64731,0.47407,0.4359
0.67205,0.47286,0.4359
0.69678,0.46921,0.4359
0.72152,0.46306,0.4359
0.74626,0.45431,0.4359
0.771,0.44281,0.4359
0.79574,0.42832,0.4359
0.82047,0.41056,0.4359
0.84521,0.38905,0.4359
0.86995,0.36313,0.4359
0.89469,0.33178,0.4359
0.91942,0.29326,0.4359
0.94416,0.24419,0.4359
0.9689,0.17596,0.4359
0.99364,0.0,0.4359
0.05536,0.0,0.46154
0.08066,0.09871,0.46154
0.10597,0.1839,0.46154
0.13127,0.25653,0.46154
0.15658,0.31759,0.46154
0.18189,0.36807,0.46154
0.20719,0.40894,0.46154
0.2325,0.44117,0.46154
0.2578,0.46575,0.46154
0.28311,0.48367,0.46154
0.30841,0.4959,0.46154
0.33372,0.50342,0.46154
0.35902,0.50721,0.46154
0.38433,0.50826,0.46154
0.40636,0.50826,0.46154
0.4284,0.50826,0.46154
0.45043,0.50826,0.46154
0.47247,0.50826,0.46154
0.4945,0.50826,0.46154
0.51654,0.50826,0.46154
0.53857,0.50826,0.46154
0.56061,0.50826,0.46154
0.58264,0.50826,0.46154
0.60467,0.50826,0.46154
0.62671,0.50826,0.46154
0.64874,0.50826,0.46154
0.67352,0.50696,0.46154
0.69829,0.50305,0.46154
0.72306,0.49646,0.46154
0.74784,0.48707,0.46154
0.77261,0.47474,0.46154
0.79738,0.45921,0.46154
0.82216,0.44016,0.46154
0.84693,0.41711,0.46154
0.87171,0.38932,0.46154
0.89648,0.35571,0.46154
0.92125,0.31441,0.46154
0.94603,0.26179,0.46154
0.9708,0.18864,0.46154
0.99557,0.0,0.46154
0.05253,0.0,0.48718
0.07633,0.09419,0.48718
0.10012,0.17708,0.48718
0.12392,0.24937,0.48718
0.14771,0.31176,0.48718
0.17151,0.36492,0.48718
0.1953,0.40955,0.48718
0.2191,0.44634,0.48718
0.2429,0.47598,0.48718
0.26669,0.49917,0.48718
0.29049,0.51659,0.48718
0.31428,0.52894,0.48718
0.33808,0.5369,0.48718
0.36187,0.54118,0.48718
0.38567,0.54245,0.48718
0.40972,0.54245,0.48718
0.43377,0.54245,0.48718
0.45783,0.54245,0.48718
0.48188,0.54245,0.48718
0.50593,0.54245,0.48718
0.52998,0.54245,0.48718
0.55403,0.54245,0.48718
0.57808,0.54245,0.48718
0.60214,0.54245,0.48718
0.62619,0.54245,0.48718
0.65024,0.54245,0.48718
0.67504,0.54106,0.48718
0.69984,0.53688,0.48718
0.72464,0.52984,0.48718
0.74944,0.51983,0.48718
0.77425,0.50667,0.48718
0.79905,0.49011,0.48718
0.82385,0.46978,0.48718
0.84865,0.44515,0.48718
0.87345,0.41551,0.48718
0.89825,0.37963,0.48718
0.92305,0.33555,0.48718
0.94785,0.2794,0.48718
0.97265,0.20133,0.48718
0.99746,0.0,0.48718
0.04978,0.0,0.51282
0.07385,0.09613,0.51282
0.09792,0.18144,0.51282
0.12199,0.25651,0.51282
0.14606,0.32195,0.51282
0.17013,0.37834,0.51282
0.1942,0.42628,0.51282
0.21827,0.46636,0.51282
0.24234,0.49917,0.51282
0.26641,0.52531,0.51282
0.29048,0.54537,0.51282
0.31455,0.55993,0.51282
0.33862,0.56961,0.51282
0.36269,0.57497,0.51282
0.38676,0.57663,0.51282
0.41086,0.57663,0.51282
0.43495,0.57663,0.51282
0.45904,0.57663,0.51282
0.48314,0.57663,0.51282
0.50723,0.57663,0.51282
0.53133,0.57663,0.51282
0.55542,0.57663,0.51282
0.57952,0.57663,0.51282
0.60361,0.57663,0.51282
0.6277,0.57663,0.51282
0.6518,0.57663,0.51282
0.67662,0.57516,0.51282
0.70144,0.57072,0.51282
0.72626,0.56324,0.51282
0.75108,0.5526,0.51282
0.7759,0.5386,0.51282
0.80072,0.52099,0.51282
0.82554,0.49938,0.51282
0.85036,0.47321,0.51282
0.87518,0.44169,0.51282
0.9,0.40356,0.51282
0.92483,0.3567,0.51282
0.94965,0.29701,0.51282
0.97447,0.21402,0.51282
0.99929,0.0,0.51282
0.04821,0.0,0.53846
0.07245,0.09766,0.53846
0.09669,0.18508,0.53846
0.12094,0.26276,0.53846
0.14518,0.33116,0.53846
0.16942,0.39077,0.53846
0.19367,0.44207,0.53846
0.21791,0.48554,0.53846
0.24215,0.52165,0.53846
0.26639,0.5509,0.53846
0.29064,0.57375,0.53846
0.31488,0.59068,0.53846
0.33912,0.60219,0.53846
0.36336,0.60874,0.53846
0.38761,0.61082,0.53846
0.41177,0.61082,0.53846
0.43594,0.61082,0.53846
0.4601,0.61082,0.53846
0.48427,0.61082,0.53846
0.50843,0.61082,0.53846
0.53259,0.61082,0.53846
0.55676,0.61082,0.53846
0.58092,0.61082,0.53846
0.60509,0.61082,0.53846
0.62925,0.61082,0.53846
0.65342,0.61082,0.53846
0.67817,0.60933,0.53846
0.70293,0.60485,0.53846
0.72768,0.5973,0.53846
0.75244,0.58656,0.53846
0.7772,0.57245,0.53846
0.80195,0.55468,0.53846
0.82671,0.53287,0.53846
0.85146,0.50647,0.53846
0.87622,0.47467,0.53846
0.90098,0.43619,0.53846
0.92573,0.38892,0.53846
0.95049,0.3287,0.53846
0.97524,0.24496,0.53846
1.0,0.02903,0.53846
0.04876,0.0,0.5641
0.07301,0.09852,0.5641
0.09725,0.18759,0.5641
0.1215,0.26756,0.5641
0.14575,0.33879,0.5641
0.16999,0.4016,0.5641
0.19424,0.45635,0.5641
0.21848,0.50337,0.5641
0.24273,0.543,0.5641
0.26698,0.57559,0.5641
0.29122,0.6015,0.5641
0.31547,0.62105,0.5641
0.33971,0.63459,0.5641
0.36396,0.64245,0.5641
0.38821,0.645,0.5641
0.41247,0.645,0.5641
0.43673,0.645,0.5641
0.46099,0.645,0.5641
0.48526,0.645,0.5641
0.50952,0.645,0.5641
0.53378,0.645,0.5641
0.55804,0.645,0.5641
0.58231,0.645,0.5641
0.60657,0.645,0.5641
0.63083,0.645,0.5641
0.6551,0.645,0.5641
0.67967,0.64355,0.5641
0.70424,0.63914,0.5641
0.72882,0.63173,0.5641
0.75339,0.62119,0.5641
0.77797,0.60734,0.5641
0.80254,0.58989,0.5641
0.82712,0.56848,0.5641
0.85169,0.54256,0.5641
0.87626,0.51134,0.5641
0.90084,0.47357,0.5641
0.92541,0.42714,0.5641
0.94999,0.36803,0.5641
0.97456,0.28582,0.5641
0.99914,0.07382,0.5641
0.04893,0.0,0.58974
0.07319,0.09935,0.58974
0.09745,0.19007,0.58974
0.12171,0.27234,0.58974
0.14597,0.34638,0.58974
0.17023,0.41239,0.58974
0.19449,0.47057,0.58974
0.21874,0.52116,0.58974
0.243,0.56431,0.58974
0.26726,0.60028,0.58974
0.29152,0.62923,0.58974
0.31578,0.6514,0.58974
0.34004,0.66698,0.58974
0.3643,0.67617,0.58974
0.38856,0.67919,0.58974
0.41294,0.67919,0.58974
0.43733,0.67919,0.58974
0.46172,0.67919,0.58974
0.48611,0.67919,0.58974
0.5105,0.67919,0.58974
0.53489,0.67919,0.58974
0.55928,0.67919,0.58974
0.58367,0.67919,0.58974
0.60806,0.67919,0.58974
0.63245,0.67919,0.58974
0.65684,0.67919,0.58974
0.68122,0.67776,0.58974
0.70561,0.67344,0.58974
0.73,0.66617,0.58974
0.75439,0.65582,0.58974
0.77878,0.64222,0.58974
0.80317,0.6251,0.58974
0.82755,0.60409,0.58974
0.85194,0.57865,0.58974
0.87633,0.54801,0.58974
0.90072,0.51093,0.58974
0.92511,0.46538,0.58974
0.94949,0.40735,0.58974
0.97388,0.32667,0.58974
0.99827,0.11861,0.58974
0.04873,0.0,0.61538
0.07301,0.10012,0.61538
0.09729,0.19227,0.61538
0.12157,0.27655,0.61538
0.14585,0.35304,0.61538
0.17013,0.42184,0.61538
0.19441,0.48302,0.61538
0.21869,0.53667,0.61538
0.24297,0.58289,0.61538
0.26725,0.62176,0.61538
0.29154,0.65337,0.61538
0.31582,0.6778,0.61538
0.3401,0.69514,0.61538
0.36438,0.70548,0.61538
0.38866,0.70891,0.61538
0.4132,0.70891,0.61538
0.43775,0.70891,0.61538
0.46229,0.70891,0.61538
0.48683,0.70891,0.61538
0.51138,0.70891,0.61538
0.53592,0.70891,0.61538
0.56046,0.70891,0.61538
0.58501,0.70891,0.61538
0.60955,0.70891,0.61538
0.63409,0.70891,0.61538
0.65864,0.70891,0.61538
0.68284,0.70751,0.61538
0.70703,0.70331,0.61538
0.73123,0.69623,0.61538
0.75543,0.68617,0.61538
0.77963,0.67293,0.61538
0.80382,0.65627,0.61538
0.82802,0.63582,0.61538
0.85222,0.61108,0.61538
0.87642,0.58125,0.61538
0.90062,0.54517,0.61538
0.92481,0.50084,0.61538
0.94901,0.44437,0.61538
0.97321,0.36587,0.61538
0.99741,0.16339,0.61538
0.04814,0.0,0.64103
0.07245,0.10075,0.64103
0.09677,0.19405,0.64103
0.12108,0.27988,0.64103
0.14539,0.35825,0.64103
0.1697,0.42916,0.64103
0.19401,0.4926,0.64103
0.21833,0.54857,0.64103
0.24264,0.5971,0.64103
0.26695,0.63815,0.64103
0.29126,0.67174,0.64103
0.31558,0.69786,0.64103
0.33989,0.71652,0.64103
0.3642,0.72772,0.64103
0.38851,0.73145,0.64103
0.41324,0.73145,0.64103
0.43797,0.73145,0.64103
0.46269,0.73145,0.64103
0.48742,0.73145,0.64103
0.51214,0.73145,0.64103
0.53687,0.73145,0.64103
0.5616,0.73145,0.64103
0.58632,0.73145,0.64103
0.61105,0.73145,0.64103
0.63577,0.73145,0.64103
0.6605,0.73145,0.64103
0.6845,0.73012,0.64103
0.70851,0.72609,0.64103
0.73251,0.7193,0.64103
0.75651,0.70964,0.64103
0.78052,0.69694,0.64103
0.80452,0.68096,0.64103
0.82852,0.66135,0.64103
0.85252,0.63761,0.64103
0.87653,0.609,0.64103
0.90053,0.57439,0.64103
0.92453,0.53187,0.64103
0.94854,0.47771,0.64103
0.97254,0.4024,0.64103
0.99654,0.20818,0.64103
0.04717,0.0,0.66667
0.07153,0.10133,0.66667
0.09588,0.19561,0.66667
0.12023,0.28278,0.66667
0.14459,0.36276,0.66667
0.16894,0.43546,0.66667
0.19329,0.50083,0.66667
0.21765,0.55878,0.66667
0.242,0.60925,0.66667
0.26635,0.65215,0.66667
0.29071,0.68741,0.66667
0.31506,0.71497,0.66667
0.33942,0.73475,0.66667
0.36377,0.74667,0.66667
0.38812,0.75066,0.66667
0.41306,0.75066,0.66667
0.438,0.75066,0.66667
0.46293,0.75066,0.66667
0.48787,0.75066,0.66667
0.5128,0.75066,0.66667
0.53774,0.75066,0.66667
0.56268,0.75066,0.66667
0.58761,0.75066,0.66667
0.61255,0.75066,0.66667
0.63749,0.75066,0.66667
0.66242,0.75066,0.66667
0.68623,0.74939,0.66667
0.71003,0.74556,0.66667
0.73384,0.73911,0.66667
0.75764,0.72991,0.66667
0.78144,0.71784,0.66667
0.80525,0.70264,0.66667
0.82905,0.68399,0.66667
0.85285,0.6614,0.66667
0.87666,0.63419,0.66667
0.90046,0.60128,0.66667
0.92427,0.56084,0.66667
0.94807,0.50932,0.66667
0.97187,0.43769,0.66667
0.99568,0.25297,0.66667
0.04583,0.0,0.6923
0.07023,0.10189,0.6923
0.09463,0.19715,0.6923
0.11904,0.28565,0.6923
0.14344,0.36722,0.6923
0.16785,0.44172,0.6923
0.19225,0.50901,0.6923
0.21665,0.56893,0.6923
0.24106,0.62135,0.6923
0.26546,0.66611,0.6923
0.28987,0.70306,0.6923
0.31427,0.73205,0.6923
0.33868,0.75295,0.6923
0.36308,0.76559,0.6923
0.38748,0.76985,0.6923
0.41056,0.76985,0.6923
0.43364,0.76985,0.6923
0.45672,0.76985,0.6923
0.47979,0.76985,0.6923
0.50287,0.76985,0.6923
0.52595,0.76985,0.6923
0.54902,0.76985,0.6923
0.5721,0.76985,0.6923
0.59518,0.76985,0.6923
0.61826,0.76985,0.6923
0.64133,0.76985,0.6923
0.66441,0.76985,0.6923
0.68982,0.76844,0.6923
0.71524,0.76422,0.6923
0.74066,0.7571,0.6923
0.76607,0.74694,0.6923
0.79149,0.73353,0.6923
0.8169,0.71656,0.6923
0.84232,0.69556,0.6923
0.86773,0.66986,0.6923
0.89315,0.63841,0.6923
0.91857,0.5994,0.6923
0.94398,0.54935,0.6923
0.9694,0.47933,0.6923
0.99481,0.29775,0.6923
0.0441,0.0,0.71795
0.06856,0.10242,0.71795
0.09303,0.19866,0.71795
0.11749,0.28847,0.71795
0.14195,0.37163,0.71795
0.16642,0.44793,0.71795
0.19088,0.51715,0.71795
0.21535,0.57906,0.71795
0.23981,0.63342,0.71795
0.26428,0.68004,0.71795
0.28874,0.71869,0.71795
0.3132,0.74913,0.71795
0.33767,0.77114,0.71795
0.36213,0.78452,0.71795
0.3866,0.78902,0.71795
0.40992,0.78902,0.71795
0.43324,0.78902,0.71795
0.45656,0.78902,0.71795
0.47988,0.78902,0.71795
0.50321,0.78902,0.71795
0.52653,0.78902,0.71795
0.54985,0.78902,0.71795
0.57317,0.78902,0.71795
0.59649,0.78902,0.71795
0.61981,0.78902,0.71795
0.64313,0.78902,0.71795
0.66645,0.78902,0.71795
0.69165,0.78767,0.71795
0.71684,0.7836,0.71795
0.74203,0.77673,0.71795
0.76722,0.76692,0.71795
0.79241,0.75397,0.71795
0.81761,0.7376,0.71795
0.8428,0.71734,0.71795
0.86799,0.69254,0.71795
0.89318,0.66218,0.71795
0.91837,0.62454,0.71795
0.94357,0.57623,0.71795
0.96876,0.50865,0.71795
0.99395,0.33342,0.71795
0.04199,0.0,0.74359
0.06652,0.10295,0.74359
0.09106,0.20013,0.74359
0.11559,0.29126,0.74359
0.14012,0.37601,0.74359
0.16466,0.45412,0.74359
0.18919,0.52525,0.74359
0.21373,0.58914,0.74359
0.23826,0.64547,0.74359
0.26279,0.69395,0.74359
0.28733,0.73429,0.74359
0.31186,0.76618,0.74359
0.3364,0.78932,0.74359
0.36093,0.80344,0.74359
0.38546,0.80821,0.74359
0.40906,0.80821,0.74359
0.43265,0.80821,0.74359
0.45624,0.80821,0.74359
0.47983,0.80821,0.74359
0.50342,0.80821,0.74359
0.52701,0.80821,0.74359
0.5506,0.80821,0.74359
0.5742,0.80821,0.74359
0.59779,0.80821,0.74359
0.62138,0.80821,0.74359
0.64497,0.80821,0.74359
0.66856,0.80821,0.74359
0.69353,0.80685,0.74359
0.71849,0.80274,0.74359
0.74345,0.79583,0.74359
0.76842,0.78598,0.74359
0.79338,0.77295,0.74359
0.81834,0.75648,0.74359
0.8433,0.7361,0.74359
0.86827,0.71116,0.74359
0.89323,0.68063,0.74359
0.9182,0.64277,0.74359
0.94316,0.59418,0.74359
0.96812,0.52622,0.74359
0.99309,0.34997,0.74359
0.0395,0.0,0.76923
0.06411,0.10346,0.76923
0.08873,0.20158,0.76923
0.11334,0.294,0.76923
0.13795,0.38035,0.76923
0.16257,0.46025,0.76923
0.18718,0.53332,0.76923
0.21179,0.59919,0.76923
0.23641,0.65749,0.76923
0.26102,0.70784,0.76923
0.28563,0.74988,0.76923
0.31024,0.78323,0.76923
0.33486,0.80751,0.76923
0.35947,0.82236,0.76923
0.38408,0.82738,0.76923
0.40797,0.82738,0.76923
0.43186,0.82738,0.76923
0.45574,0.82738,0.76923
0.47963,0.82738,0.76923
0.50352,0.82738,0.76923
0.52741,0.82738,0.76923
0.55129,0.82738,0.76923
0.57518,0.82738,0.76923
0.59907,0.82738,0.76923
0.62296,0.82738,0.76923
0.64684,0.82738,0.76923
0.67073,0.82738,0.76923
0.69546,0.82601,0.76923
0.72019,0.82188,0.76923
0.74492,0.81491,0.76923
0.76965,0.80496,0.76923
0.79438,0.79184,0.76923
0.81911,0.77523,0.76923
0.84384,0.75468,0.76923
0.86857,0.72953,0.76923
0.8933,0.69875,0.76923
0.91803,0.66056,0.76923
0.94276,0.61157,0.76923
0.96749,0.54304,0.76923
0.99222,0.36533,0.76923
0.03663,0.0,0.79487
0.06133,0.10394,0.79487
0.08604,0.203,0.79487
0.11074,0.29671,0.79487
0.13544,0.38464,0.79487
0.16014,0.46634,0.79487
0.18484,0.54134,0.79487
0.20954,0.6092,0.79487
0.23425,0.66947,0.79487
0.25895,0.72171,0.79487
0.28365,0.76546,0.79487
0.30835,0.80027,0.79487
0.33305,0.82569,0.79487
0.35775,0.84126,0.79487
0.38245,0.84656,0.79487
0.40666,0.84656,0.79487
0.43087,0.84656,0.79487
0.45508,0.84656,0.79487
0.47929,0.84656,0.79487
0.5035,0.84656,0.79487
0.52771,0.84656,0.79487
0.55192,0.84656,0.79487
0.57612,0.84656,0.79487
0.60033,0.84656,0.79487
0.62454,0.84656,0.79487
0.64875,0.84656,0.79487
0.67296,0.84656,0.79487
0.69745,0.84518,0.79487
0.72194,0.84102,0.79487
0.74644,0.83399,0.79487
0.77093,0.82396,0.79487
0.79542,0.81072,0.79487
0.81991,0.79397,0.79487
0.8444,0.77326,0.79487
0.8689,0.7479,0.79487
0.89339,0.71686,0.79487
0.91788,0.67836,0.79487
0.94237,0.62896,0.79487
0.96686,0.55986,0.79487
0.99136,0.38067,0.79487
0.03338,0.0,0.82051
0.05818,0.10441,0.82051
0.08298,0.20439,0.82051
0.10778,0.29939,0.82051
0.13258,0.3889,0.82051
0.15738,0.47238,0.82051
0.18218,0.54931,0.82051
0.20698,0.61918,0.82051
0.23178,0.68143,0.82051
0.25658,0.73554,0.82051
0.28138,0.78101,0.82051
0.30618,0.81729,0.82051
0.33098,0.84386,0.82051
0.35578,0.86018,0.82051
0.38058,0.86574,0.82051
0.40513,0.86574,0.82051
0.42969,0.86574,0.82051
0.45425,0.86574,0.82051
0.4788,0.86574,0.82051
0.50336,0.86574,0.82051
0.52791,0.86574,0.82051
0.55247,0.86574,0.82051
0.57703,0.86574,0.82051
0.60158,0.86574,0.82051
0.62614,0.86574,0.82051
0.65069,0.86574,0.82051
0.67525,0.86574,0.82051
0.6995,0.86435,0.82051
0.72375,0.86015,0.82051
0.748,0.85306,0.82051
0.77225,0.84295,0.82051
0.7965,0.82961,0.82051
0.82075,0.81272,0.82051
0.845,0.79183,0.82051
0.86924,0.76627,0.82051
0.89349,0.73498,0.82051
0.91774,0.69616,0.82051
0.94199,0.64635,0.82051
0.96624,0.57669,0.82051
0.99049,0.39603,0.82051
0.02976,0.0,0.84616
0.05466,0.10486,0.84616
0.07957,0.20574,0.84616
0.10448,0.30202,0.84616
0.12938,0.3931,0.84616
0.15429,0.47838,0.84616
0.1792,0.55725,0.84616
0.20411,0.62911,0.84616
0.22901,0.69335,0.84616
0.25392,0.74936,0.84616
0.27883,0.79655,0.84616
0.30373,0.8343,0.84616
0.32864,0.86202,0.84616
0.35355,0.87909,0.84616
0.37846,0.88492,0.84616
0.40338,0.88492,0.84616
0.42831,0.88492,0.84616
0.45324,0.88492,0.84616
0.47817,0.88492,0.84616
0.5031,0.88492,0.84616
0.52803,0.88492,0.84616
0.55296,0.88492,0.84616
0.57789,0.88492,0.84616
0.60281,0.88492,0.84616
0.62774,0.88492,0.84616
0.65267,0.88492,0.84616
0.6776,0.88492,0.84616
0.7016,0.88352,0.84616
0.7256,0.87929,0.84616
0.74961,0.87214,0.84616
0.77361,0.86195,0.84616
0.79761,0.84849,0.84616
0.82161,0.83147,0.84616
0.84562,0.81041,0.84616
0.86962,0.78463,0.84616
0.89362,0.75309,0.84616
0.91762,0.71396,0.84616
0.94162,0.66374,0.84616
0.96563,0.59351,0.84616
0.98963,0.41138,0.84616
0.02575,0.0,0.87179
0.05077,0.10529,0.87179
0.07579,0.20705,0.87179
0.10082,0.3046,0.87179
0.12584,0.39726,0.87179
0.15087,0.48432,0.87179
0.17589,0.56514,0.87179
0.20092,0.639,0.87179
0.22594,0.70523,0.87179
0.25096,0.76315,0.87179
0.27599,0.81207,0.87179
0.30101,0.85131,0.87179
0.32604,0.88018,0.87179
0.35106,0.89801,0.87179
0.37609,0.9041,0.87179
0.39947,0.9041,0.87179
0.42284,0.9041,0.87179
0.44622,0.9041,0.87179
0.4696,0.9041,0.87179
0.49298,0.9041,0.87179
0.51636,0.9041,0.87179
0.53974,0.9041,0.87179
0.56312,0.9041,0.87179
0.5865,0.9041,0.87179
0.60988,0.9041,0.87179
0.63325,0.9041,0.87179
0.65663,0.9041,0.87179
0.68001,0.9041,0.87179
0.70574,0.90244,0.87179
0.73147,0.89742,0.87179
0.7572,0.88894,0.87179
0.78293,0.8768,0.87179
0.80866,0.86069,0.87179
0.83439,0.84015,0.87179
0.86012,0.81447,0.87179
0.88585,0.78254,0.87179
0.91158,0.74248,0.87179
0.93731,0.69061,0.87179
0.96303,0.61751,0.87179
0.98876,0.42673,0.87179
0.02136,0.0,0.89743
0.04651,0.1057,0.89743
0.07166,0.20833,0.89743
0.09681,0.30714,0.89743
0.12196,0.40136,0.89743
0.14711,0.49022,0.89743
0.17226,0.57297,0.89743
0.19741,0.64885,0.89743
0.22256,0.71708,0.89743
0.24771,0.77691,0.89743
0.27287,0.82757,0.89743
0.29802,0.8683,0.89743
0.32317,0.89833,0.89743
0.34832,0.91692,0.89743
0.37347,0.92328,0.89743
0.39724,0.92328,0.89743
0.42101,0.92328,0.89743
0.44478,0.92328,0.89743
0.46855,0.92328,0.89743
0.49232,0.92328,0.89743
0.51609,0.92328,0.89743
0.53986,0.92328,0.89743
0.56363,0.92328,0.89743
0.5874,0.92328,0.89743
0.61117,0.92328,0.89743
0.63495,0.92328,0.89743
0.65872,0.92328,0.89743
0.68249,0.92328,0.89743
0.70794,0.92161,0.89743
0.73339,0.91655,0.89743
0.75884,0.908,0.89743
0.78429,0.89576,0.89743
0.80974,0.87952,0.89743
0.83519,0.85882,0.89743
0.86064,0.83292,0.89743
0.88609,0.80075,0.89743
0.91155,0.76037,0.89743
0.937,0.70807,0.89743
0.96245,0.6344,0.89743
0.9879,0.44208,0.89743
0.01659,0.0,0.92308
0.04188,0.10608,0.92308
0.06716,0.20957,0.92308
0.09245,0.30963,0.92308
0.11774,0.40541,0.92308
0.14302,0.49607,0.92308
0.16831,0.58076,0.92308
0.1936,0.65866,0.92308
0.21888,0.72889,0.92308
0.24417,0.79064,0.92308
0.26946,0.84304,0.92308
0.29474,0.88527,0.92308
0.32003,0.91648,0.92308
0.34532,0.93583,0.92308
0.3706,0.94246,0.92308
0.39479,0.94246,0.92308
0.41898,0.94246,0.92308
0.44316,0.94246,0.92308
0.46735,0.94246,0.92308
0.49153,0.94246,0.92308
0.51572,0.94246,0.92308
0.5399,0.94246,0.92308
0.56409,0.94246,0.92308
0.58828,0.94246,0.92308
0.61246,0.94246,0.92308
0.63665,0.94246,0.92308
0.66083,0.94246,0.92308
0.68502,0.94246,0.92308
0.71019,0.94078,0.92308
0.73536,0.93568,0.92308
0.76052,0.92705,0.92308
0.78569,0.91472,0.92308
0.81086,0.89835,0.92308
0.83603,0.87748,0.92308
0.8612,0.85139,0.92308
0.88636,0.81895,0.92308
0.91153,0.77825,0.92308
0.9367,0.72554,0.92308
0.96187,0.65127,0.92308
0.98704,0.45744,0.92308
0.01144,0.0,0.94872
0.03687,0.10645,0.94872
0.0623,0.21077,0.94872
0.08774,0.31207,0.94872
0.11317,0.40941,0.94872
0.1386,0.50186,0.94872
0.16403,0.5885,0.94872
0.18947,0.66841,0.94872
0.2149,0.74066,0.94872
0.24033,0.80433,0.94872
0.26576,0.8585,0.94872
0.29119,0.90224,0.94872
0.31663,0.93462,0.94872
0.34206,0.95473,0.94872
0.36749,0.96164,0.94872
0.39212,0.96164,0.94872
0.41674,0.96164,0.94872
0.44137,0.96164,0.94872
0.46599,0.96164,0.94872
0.49062,0.96164,0.94872
0.51524,0.96164,0.94872
0.53987,0.96164,0.94872
0.56449,0.96164,0.94872
0.58912,0.96164,0.94872
0.61374,0.96164,0.94872
0.63837,0.96164,0.94872
0.66299,0.96164,0.94872
0.68762,0.96164,0.94872
0.7125,0.95994,0.94872
0.73738,0.9548,0.94872
0.76226,0.94611,0.94872
0.78713,0.93368,0.94872
0.81201,0.91719,0.94872
0.83689,0.89615,0.94872
0.86177,0.86985,0.94872
0.88665,0.83715,0.94872
0.91153,0.79614,0.94872
0.93641,0.74301,0.94872
0.96129,0.66816,0.94872
0.98617,0.47279,0.94872
0.00591,0.0,0.97436
0.0315,0.10679,0.97436
0.05708,0.21194,0.97436
0.08267,0.31446,0.97436
0.10826,0.41335,0.97436
0.13385,0.50759,0.97436
0.15943,0.59618,0.97436
0.18502,0.67812,0.97436
0.21061,0.75239,0.97436
0.2362,0.81799,0.97436
0.26178,0.87393,0.97436
0.28737,0.91918,0.97436
0.31296,0.95276,0.97436
0.33854,0.97364,0.97436
0.36413,0.98082,0.97436
0.38922,0.98082,0.97436
0.41431,0.98082,0.97436
0.43939,0.98082,0.97436
0.46448,0.98082,0.97436
0.48957,0.98082,0.97436
0.51466,0.98082,0.97436
0.53975,0.98082,0.97436
0.56483,0.98082,0.97436
0.58992,0.98082,0.97436
0.61501,0.98082,0.97436
0.6401,0.98082,0.97436
0.66519,0.98082,0.97436
0.69027,0.98082,0.97436
0.71486,0.9791,0.97436
0.73944,0.97393,0.97436
0.76403,0.96517,0.97436
0.78862,0.95264,0.97436
0.8132,0.93602,0.97436
0.83779,0.91481,0.97436
0.86238,0.88831,0.97436
0.88696,0.85536,0.97436
0.91155,0.81402,0.97436
0.93613,0.76048,0.97436
0.96072,0.68504,0.97436
0.98531,0.48814,0.97436
0.0,0.0,1.0
0.02575,0.1071,1.0
0.0515,0.21306,1.0
0.07726,0.3168,1.0
0.10301,0.41722,1.0
0.12876,0.51326,1.0
0.15451,0.6038,1.0
0.18026,0.68777,1.0
0.20601,0.76407,1.0
0.23177,0.83163,1.0
0.25752,0.88934,1.0
0.28327,0.93612,1.0
0.30902,0.97089,1.0
0.33477,0.99254,1.0
0.36052,1.0,1.0
0.38427,1.0,1.0
0.40802,1.0,1.0
0.43177,1.0,1.0
0.45551,1.0,1.0
0.47926,1.0,1.0
0.50301,1.0,1.0
0.52676,1.0,1.0
0.55051,1.0,1.0
0.57425,1.0,1.0
0.598,1.0,1.0
0.62175,1.0,1.0
0.6455,1.0,1.0
0.66924,1.0,1.0
0.69299,1.0,1.0
0.71949,0.99794,1.0
0.74598,0.99172,1.0
0.77248,0.98118,1.0
0.79897,0.96601,1.0
0.82547,0.94574,1.0
0.85196,0.91964,1.0
0.87846,0.88649,1.0
0.90495,0.84427,1.0
0.93145,0.78896,1.0
0.95795,0.71034,1.0
0.98444,0.50349,1.0
