0.13254,0.0,0.0
0.15163,0.0,0.0
0.17073,0.0,0.0
0.18982,0.0,0.0
0.20891,0.0,0.0
0.22801,0.0,0.0
0.2471,0.0,0.0
0.26619,0.0,0.0
0.28529,0.0,0.0
0.30438,0.0,0.0
0.32347,0.0,0.0
0.34257,0.0,0.0
0.36166,0.0,0.0
0.38076,0.0,0.0
0.39985,0.0,0.0
0.41894,0.0,0.0
0.43804,0.0,0.0
0.45713,0.0,0.0
0.47622,0.0,0.0
0.49532,0.0,0.0
0.51441,0.0,0.0
0.53351,0.0,0.0
0.5526,0.0,0.0
0.57169,0.0,0.0
0.59079,0.0,0.0
0.60988,0.0,0.0
0.62897,0.0,0.0
0.64807,0.0,0.0
0.66716,0.0,0.0
0.68626,0.0,0.0
0.70535,0.0,0.0
0.72444,0.0,0.0
0.74354,0.0,0.0
0.76263,0.0,0.0
0.78172,0.0,0.0
0.80082,0.0,0.0
0.81991,0.0,0.0
0.839,0.0,0.0
0.8581,0.0,0.0
0.87719,0.0,0.0
0.09428,0.0,0.02564
0.11728,0.05912,0.02564
0.14028,0.09272,0.02564
0.16329,0.10679,0.02564
0.18629,0.1073,0.02564
0.2093,0.10026,0.02564
0.2323,0.09163,0.02564
0.2553,0.08743,0.02564
0.27539,0.08743,0.02564
0.29549,0.08743,0.02564
0.31558,0.08743,0.02564
0.33567,0.08743,0.02564
0.35576,0.08743,0.02564
0.37585,0.08743,0.02564
0.39594,0.08743,0.02564
0.41603,0.08743,0.02564
0.43613,0.08743,0.02564
0.45622,0.08743,0.02564
0.47631,0.08743,0.02564
0.4964,0.08743,0.02564
0.51649,0.08743,0.02564
0.53658,0.08743,0.02564
0.55667,0.08743,0.02564
0.57677,0.08743,0.02564
0.59686,0.08743,0.02564
0.61695,0.08743,0.02564
0.63704,0.08743,0.02564
0.65713,0.08743,0.02564
0.67722,0.08743,0.02564
0.69731,0.08743,0.02564
0.71741,0.08743,0.02564
0.7399,0.08689,0.02564
0.7624,0.08524,0.02564
0.78489,0.08243,0.02564
0.80739,0.07832,0.02564
0.82988,0.07269,0.02564
0.85238,0.06517,0.02564
0.87487,0.05495,0.02564
0.89737,0.04005,0.02564
0.91987,0.0,0.02564
0.07843,0.0,0.05128
0.10224,0.07536,0.05128
0.12605,0.12438,0.05128
0.14986,0.15207,0.05128
0.17367,0.16347,0.05128
0.19748,0.16359,0.05128
0.22129,0.15745,0.05128
0.2451,0.1501,0.05128
0.26891,0.14652,0.05128
0.29052,0.14652,0.05128
0.31212,0.14652,0.05128
0.33373,0.14652,0.05128
0.35533,0.14652,0.05128
0.37694,0.14652,0.05128
0.39854,0.14652,0.05128
0.42015,0.14652,0.05128
0.44176,0.14652,0.05128
0.46336,0.14652,0.05128
0.48497,0.14652,0.05128
0.50657,0.14652,0.05128
0.52818,0.14652,0.05128
0.54978,0.14652,0.05128
0.57139,0.14652,0.05128
0.59299,0.14652,0.05128
0.6146,0.14652,0.05128
0.6362,0.14652,0.05128
0.65781,0.14652,0.05128
0.67941,0.14652,0.05128
0.70102,0.14652,0.05128
0.72263,0.14652,0.05128
0.74412,0.14579,0.05128
0.76561,0.14356,0.05128
0.7871,0.13978,0.05128
0.80859,0.13429,0.05128
0.83008,0.1269,0.05128
0.85158,0.11722,0.05128
0.87307,0.10464,0.05128
0.89456,0.08792,0.05128
0.91605,0.06387,0.05128
0.93754,0.0,0.05128
0.06627,0.0,0.07692
0.09022,0.0898,0.07692
0.11417,0.15266,0.07692
0.13812,0.19295,0.07692
0.16207,0.21504,0.07692
0.18602,0.22331,0.07692
0.20997,0.22213,0.07692
0.23392,0.21587,0.07692
0.25787,0.20891,0.07692
0.28182,0.20562,0.07692
0.30411,0.20562,0.07692
0.32641,0.20562,0.07692
0.3487,0.20562,0.07692
0.37099,0.20562,0.07692
0.39328,0.20562,0.07692
0.41557,0.20562,0.07692
0.43786,0.20562,0.07692
0.46015,0.20562,0.07692
0.48244,0.20562,0.07692
0.50473,0.20562,0.07692
0.52702,0.20562,0.07692
0.54931,0.20562,0.07692
0.5716,0.20562,0.07692
0.59389,0.20562,0.07692
0.61618,0.20562,0.07692
0.63847,0.20562,0.07692
0.66076,0.20562,0.07692
0.68305,0.20562,0.07692
0.70535,0.20562,0.07692
0.72764,0.20562,0.07692
0.74998,0.20459,0.07692
0.77233,0.20146,0.07692
0.79468,0.19614,0.07692
0.81702,0.18845,0.07692
0.83937,0.17807,0.07692
0.86172,0.1645,0.07692
0.88406,0.14684,0.07692
0.90641,0.12337,0.07692
0.92876,0.08963,0.07692
0.95111,0.0,0.07692
0.05602,0.0,0.10257
0.07982,0.10317,0.10257
0.10362,0.17884,0.10257
0.12742,0.23095,0.10257
0.15123,0.26341,0.10257
0.17503,0.28013,0.10257
0.19883,0.28501,0.10257
0.22263,0.28201,0.10257
0.24643,0.27501,0.10257
0.27024,0.26794,0.10257
0.29404,0.26471,0.10257
0.31711,0.26471,0.10257
0.34019,0.26471,0.10257
0.36326,0.26471,0.10257
0.38633,0.26471,0.10257
0.40941,0.26471,0.10257
0.43248,0.26471,0.10257
0.45555,0.26471,0.10257
0.47863,0.26471,0.10257
0.5017,0.26471,0.10257
0.52477,0.26471,0.10257
0.54785,0.26471,0.10257
0.57092,0.26471,0.10257
0.594,0.26471,0.10257
0.61707,0.26471,0.10257
0.64014,0.26471,0.10257
0.66322,0.26471,0.10257
0.68629,0.26471,0.10257
0.70936,0.26471,0.10257
0.73244,0.26471,0.10257
0.75545,0.26338,0.10257
0.77846,0.25936,0.10257
0.80147,0.25252,0.10257
0.82448,0.24261,0.10257
0.84749,0.22925,0.10257
0.8705,0.21177,0.10257
0.89351,0.18904,0.10257
0.91652,0.15883,0.10257
0.93953,0.11539,0.10257
0.96254,0.0,0.10257
0.04699,0.0,0.12821
0.07049,0.11579,0.12821
0.094,0.20358,0.12821
0.1175,0.26696,0.12821
0.14101,0.30948,0.12821
0.16452,0.33473,0.12821
0.18802,0.34629,0.12821
0.21153,0.34773,0.12821
0.23504,0.34263,0.12821
0.25854,0.33455,0.12821
0.28205,0.32708,0.12821
0.30556,0.32381,0.12821
0.32953,0.32381,0.12821
0.3535,0.32381,0.12821
0.37747,0.32381,0.12821
0.40144,0.32381,0.12821
0.42541,0.32381,0.12821
0.44938,0.32381,0.12821
0.47335,0.32381,0.12821
0.49732,0.32381,0.12821
0.52129,0.32381,0.12821
0.54526,0.32381,0.12821
0.56923,0.32381,0.12821
0.59321,0.32381,0.12821
0.61718,0.32381,0.12821
0.64115,0.32381,0.12821
0.66512,0.32381,0.12821
0.68909,0.32381,0.12821
0.71306,0.32381,0.12821
0.73703,0.32381,0.12821
0.76059,0.32218,0.12821
0.78415,0.31726,0.12821
0.8077,0.30889,0.12821
0.83126,0.29677,0.12821
0.85482,0.28043,0.12821
0.87838,0.25905,0.12821
0.90194,0.23124,0.12821
0.9255,0.19429,0.12821
0.94906,0.14114,0.12821
0.97261,0.0,0.12821
0.03882,0.0,0.15384
0.06405,0.13803,0.15384
0.08928,0.24253,0.15384
0.11452,0.3178,0.15384
0.13975,0.36813,0.15384
0.16498,0.39781,0.15384
0.19021,0.41115,0.15384
0.21545,0.41243,0.15384
0.24068,0.40595,0.15384
0.26591,0.39601,0.15384
0.29114,0.38689,0.15384
0.31638,0.38289,0.15384
0.33999,0.38289,0.15384
0.3636,0.38289,0.15384
0.38722,0.38289,0.15384
0.41083,0.38289,0.15384
0.43444,0.38289,0.15384
0.45806,0.38289,0.15384
0.48167,0.38289,0.15384
0.50528,0.38289,0.15384
0.52889,0.38289,0.15384
0.55251,0.38289,0.15384
0.57612,0.38289,0.15384
0.59973,0.38289,0.15384
0.62335,0.38289,0.15384
0.64696,0.38289,0.15384
0.67057,0.38289,0.15384
0.69419,0.38289,0.15384
0.7178,0.38289,0.15384
0.74141,0.38289,0.15384
0.76544,0.38098,0.15384
0.78947,0.37516,0.15384
0.8135,0.36526,0.15384
0.83754,0.35093,0.15384
0.86157,0.3316,0.15384
0.8856,0.30632,0.15384
0.90963,0.27344,0.15384
0.93366,0.22974,0.15384
0.95769,0.16691,0.15384
0.98172,0.0,0.15384
0.03131,0.0,0.17949
0.05591,0.14979,0.17949
0.08051,0.26596,0.17949
0.10511,0.35242,0.17949
0.12971,0.41311,0.17949
0.15431,0.45195,0.17949
0.17891,0.47287,0.17949
0.20351,0.4798,0.17949
0.2281,0.47666,0.17949
0.2527,0.46738,0.17949
0.2773,0.4559,0.17949
0.3019,0.44612,0.17949
0.3265,0.44199,0.17949
0.35115,0.44199,0.17949
0.3758,0.44199,0.17949
0.40046,0.44199,0.17949
0.42511,0.44199,0.17949
0.44976,0.44199,0.17949
0.47441,0.44199,0.17949
0.49906,0.44199,0.17949
0.52372,0.44199,0.17949
0.54837,0.44199,0.17949
0.57302,0.44199,0.17949
0.59767,0.44199,0.17949
0.62232,0.44199,0.17949
0.64698,0.44199,0.17949
0.67163,0.44199,0.17949
0.69628,0.44199,0.17949
0.72093,0.44199,0.17949
0.74558,0.44199,0.17949
0.77004,0.43978,0.17949
0.79449,0.43306,0.17949
0.81894,0.42163,0.17949
0.84339,0.40509,0.17949
0.86784,0.38278,0.17949
0.89229,0.3536,0.17949
0.91674,0.31565,0.17949
0.94119,0.26519,0.17949
0.96565,0.19266,0.17949
0.9901,0.0,0.17949
0.02432,0.0,0.20513
0.05029,0.17302,0.20513
0.07626,0.3068,0.20513
0.10222,0.40597,0.20513
0.12819,0.47511,0.20513
0.15416,0.51886,0.20513
0.18012,0.54181,0.20513
0.20609,0.54857,0.20513
0.23206,0.54377,0.20513
0.25803,0.53201,0.20513
0.28399,0.51791,0.20513
0.30996,0.50606,0.20513
0.33593,0.50108,0.20513
0.36026,0.50108,0.20513
0.38459,0.50108,0.20513
0.40892,0.50108,0.20513
0.43325,0.50108,0.20513
0.45758,0.50108,0.20513
0.48191,0.50108,0.20513
0.50624,0.50108,0.20513
0.53057,0.50108,0.20513
0.5549,0.50108,0.20513
0.57923,0.50108,0.20513
0.60356,0.50108,0.20513
0.6279,0.50108,0.20513
0.65223,0.50108,0.20513
0.67656,0.50108,0.20513
0.70089,0.50108,0.20513
0.72522,0.50108,0.20513
0.74955,0.50108,0.20513
0.77438,0.49857,0.20513
0.79922,0.49096,0.20513
0.82405,0.47801,0.20513
0.84889,0.45925,0.20513
0.87372,0.43395,0.20513
0.89855,0.40087,0.20513
0.92339,0.35785,0.20513
0.94822,0.30065,0.20513
0.97306,0.21842,0.20513
0.99789,0.0,0.20513
0.01776,0.0,0.23077
0.0429,0.18399,0.23077
0.06805,0.32906,0.23077
0.0932,0.4394,0.23077
0.11834,0.51923,0.23077
0.14349,0.57277,0.23077
0.16863,0.60423,0.23077
0.19378,0.61783,0.23077
0.21893,0.61777,0.23077
0.24407,0.60828,0.23077
0.26922,0.59355,0.23077
0.29436,0.57782,0.23077
0.31951,0.5653,0.23077
0.34466,0.56018,0.23077
0.3702,0.56018,0.23077
0.39574,0.56018,0.23077
0.42128,0.56018,0.23077
0.44682,0.56018,0.23077
0.47236,0.56018,0.23077
0.4979,0.56018,0.23077
0.52344,0.56018,0.23077
0.54898,0.56018,0.23077
0.57452,0.56018,0.23077
0.60006,0.56018,0.23077
0.6256,0.56018,0.23077
0.65114,0.56018,0.23077
0.67668,0.56018,0.23077
0.70222,0.56018,0.23077
0.72776,0.56018,0.23077
0.7533,0.56018,0.23077
0.77797,0.55738,0.23077
0.80264,0.54887,0.23077
0.82731,0.5344,0.23077
0.85198,0.51345,0.23077
0.87665,0.48519,0.23077
0.90132,0.44823,0.23077
0.92599,0.40018,0.23077
0.95066,0.3363,0.23077
0.97533,0.24444,0.23077
1.0,0.00047,0.23077
0.01155,0.0,0.25641
0.03779,0.20797,0.25641
0.06403,0.37143,0.25641
0.09027,0.49526,0.25641
0.11651,0.58427,0.25641
0.14276,0.64334,0.25641
0.169,0.67729,0.25641
0.19524,0.69098,0.25641
0.22148,0.68927,0.25641
0.24772,0.677,0.25641
0.27396,0.65902,0.25641
0.30021,0.64017,0.25641
0.32645,0.6253,0.25641
0.35269,0.61928,0.25641
0.37646,0.61928,0.25641
0.40024,0.61928,0.25641
0.42401,0.61928,0.25641
0.44779,0.61928,0.25641
0.47156,0.61928,0.25641
0.49533,0.61928,0.25641
0.51911,0.61928,0.25641
0.54288,0.61928,0.25641
0.56666,0.61928,0.25641
0.59043,0.61928,0.25641
0.6142,0.61928,0.25641
0.63798,0.61928,0.25641
0.66175,0.61928,0.25641
0.68553,0.61928,0.25641
0.7093,0.61928,0.25641
0.73307,0.61928,0.25641
0.75685,0.61928,0.25641
0.78334,0.61547,0.25641
0.80983,0.60392,0.25641
0.83632,0.58415,0.25641
0.86281,0.55528,0.25641
0.8893,0.51578,0.25641
0.91579,0.46289,0.25641
0.94228,0.39115,0.25641
0.96878,0.28648,0.25641
0.99527,0.00513,0.25641
0.00564,0.0,0.28205
0.03096,0.21812,0.28205
0.05627,0.39242,0.28205
0.08158,0.52736,0.28205
0.10689,0.62733,0.28205
0.13221,0.69678,0.28205
0.15752,0.74013,0.28205
0.18283,0.7618,0.28205
0.20815,0.76622,0.28205
0.23346,0.75782,0.28205
0.25877,0.74102,0.28205
0.28409,0.72025,0.28205
0.3094,0.69993,0.28205
0.33471,0.6845,0.28205
0.36003,0.67837,0.28205
0.38504,0.67837,0.28205
0.41005,0.67837,0.28205
0.43506,0.67837,0.28205
0.46006,0.67837,0.28205
0.48507,0.67837,0.28205
0.51008,0.67837,0.28205
0.53509,0.67837,0.28205
0.5601,0.67837,0.28205
0.58511,0.67837,0.28205
0.61012,0.67837,0.28205
0.63513,0.67837,0.28205
0.66014,0.67837,0.28205
0.68515,0.67837,0.28205
0.71016,0.67837,0.28205
0.73517,0.67837,0.28205
0.76018,0.67837,0.28205
0.78578,0.67426,0.28205
0.81137,0.66178,0.28205
0.83697,0.64043,0.28205
0.86256,0.60925,0.28205
0.88816,0.56657,0.28205
0.91375,0.50944,0.28205
0.93935,0.43195,0.28205
0.96494,0.3189,0.28205
0.99053,0.015,0.28205
0.0,0.0,0.30769
0.02619,0.24253,0.30769
0.05238,0.43583,0.30769
0.07857,0.58491,0.30769
0.10476,0.69478,0.30769
0.13095,0.77044,0.30769
0.15714,0.81689,0.30769
0.18333,0.83914,0.30769
0.20952,0.84218,0.30769
0.23571,0.83103,0.30769
0.2619,0.81069,0.30769
0.28809,0.78616,0.30769
0.31428,0.76244,0.30769
0.34047,0.74454,0.30769
0.36667,0.73746,0.30769
0.39145,0.73746,0.30769
0.41624,0.73746,0.30769
0.44104,0.73746,0.30769
0.46583,0.73746,0.30769
0.49062,0.73746,0.30769
0.51541,0.73746,0.30769
0.5402,0.73746,0.30769
0.56499,0.73746,0.30769
0.58978,0.73746,0.30769
0.61457,0.73746,0.30769
0.63936,0.73746,0.30769
0.66415,0.73746,0.30769
0.68894,0.73746,0.30769
0.71373,0.73746,0.30769
0.73852,0.73746,0.30769
0.76331,0.73746,0.30769
0.78803,0.73309,0.30769
0.81275,0.71979,0.30769
0.83747,0.69704,0.30769
0.86219,0.66381,0.30769
0.88692,0.61835,0.30769
0.91164,0.55748,0.30769
0.93636,0.47491,0.30769
0.96108,0.35446,0.30769
0.9858,0.03066,0.30769
0.00159,0.0,0.33333
0.02633,0.24715,0.33333
0.05106,0.44728,0.33333
0.0758,0.60484,0.33333
0.10053,0.72427,0.33333
0.12527,0.81,0.33333
0.15,0.8665,0.33333
0.17473,0.89818,0.33333
0.19947,0.9095,0.33333
0.2242,0.9049,0.33333
0.24894,0.88882,0.33333
0.27367,0.8657,0.33333
0.2984,0.83999,0.33333
0.32314,0.81613,0.33333
0.34787,0.79855,0.33333
0.37261,0.7917,0.33333
0.39721,0.7917,0.33333
0.42181,0.7917,0.33333
0.44641,0.7917,0.33333
0.47101,0.7917,0.33333
0.49561,0.7917,0.33333
0.52021,0.7917,0.33333
0.54481,0.7917,0.33333
0.56942,0.7917,0.33333
0.59402,0.7917,0.33333
0.61862,0.7917,0.33333
0.64322,0.7917,0.33333
0.66782,0.7917,0.33333
0.69242,0.7917,0.33333
0.71702,0.7917,0.33333
0.74162,0.7917,0.33333
0.76622,0.7917,0.33333
0.79308,0.78591,0.33333
0.81993,0.76825,0.33333
0.84679,0.73781,0.33333
0.87365,0.69276,0.33333
0.9005,0.6297,0.33333
0.92736,0.54168,0.33333
0.95421,0.41073,0.33333
0.98107,0.05321,0.33333
0.00466,0.0,0.35897
0.02954,0.26541,0.35897
0.05442,0.47992,0.35897
0.0793,0.6484,0.35897
0.10418,0.77563,0.35897
0.12906,0.86648,0.35897
0.15394,0.92576,0.35897
0.17882,0.9583,0.35897
0.20369,0.96892,0.35897
0.22857,0.96247,0.35897
0.25345,0.94375,0.35897
0.27833,0.91762,0.35897
0.30321,0.88889,0.35897
0.32809,0.86238,0.35897
0.35297,0.84295,0.35897
0.37785,0.83539,0.35897
0.40229,0.83539,0.35897
0.42674,0.83539,0.35897
0.45118,0.83539,0.35897
0.47562,0.83539,0.35897
0.50006,0.83539,0.35897
0.52451,0.83539,0.35897
0.54895,0.83539,0.35897
0.57339,0.83539,0.35897
0.59783,0.83539,0.35897
0.62228,0.83539,0.35897
0.64672,0.83539,0.35897
0.67116,0.83539,0.35897
0.6956,0.83539,0.35897
0.72005,0.83539,0.35897
0.74449,0.83539,0.35897
0.76893,0.83539,0.35897
0.79486,0.8295,0.35897
0.82078,0.81155,0.35897
0.84671,0.78061,0.35897
0.87263,0.73483,0.35897
0.89856,0.67073,0.35897
0.92448,0.58127,0.35897
0.95041,0.44817,0.35897
0.97634,0.08479,0.35897
0.00756,0.0,0.38462
0.03255,0.28358,0.38462
0.05754,0.51222,0.38462
0.08253,0.69118,0.38462
0.10752,0.8257,0.38462
0.13251,0.92102,0.38462
0.1575,0.98238,0.38462
0.18249,1.0,0.38462
0.20748,1.0,0.38462
0.23246,1.0,0.38462
0.25745,0.9931,0.38462
0.28244,0.96331,0.38462
0.30743,0.93102,0.38462
0.33242,0.90146,0.38462
0.35741,0.87987,0.38462
0.3824,0.87152,0.38462
0.40671,0.87152,0.38462
0.43103,0.87152,0.38462
0.45534,0.87152,0.38462
0.47966,0.87152,0.38462
0.50397,0.87152,0.38462
0.52828,0.87152,0.38462
0.5526,0.87152,0.38462
0.57691,0.87152,0.38462
0.60123,0.87152,0.38462
0.62554,0.87152,0.38462
0.64986,0.87152,0.38462
0.67417,0.87152,0.38462
0.69848,0.87152,0.38462
0.7228,0.87152,0.38462
0.74711,0.87152,0.38462
0.77143,0.87152,0.38462
0.79645,0.8657,0.38462
0.82147,0.84799,0.38462
0.84649,0.81744,0.38462
0.87152,0.77223,0.38462
0.89654,0.70893,0.38462
0.92156,0.6206,0.38462
0.94658,0.4892,0.38462
0.9716,0.1304,0.38462
0.01031,0.0,0.41026
0.03537,0.3015,0.41026
0.06043,0.54394,0.41026
0.0855,0.73299,0.41026
0.11056,0.87433,0.41026
0.13562,0.97362,0.41026
0.16068,1.0,0.41026
0.18575,1.0,0.41026
0.21081,1.0,0.41026
0.23587,1.0,0.41026
0.26094,1.0,0.41026
0.286,1.0,0.41026
0.31106,0.96782,0.41026
0.33612,0.93493,0.41026
0.36119,0.91104,0.41026
0.38625,0.90181,0.41026
0.41047,0.90181,0.41026
0.43468,0.90181,0.41026
0.4589,0.90181,0.41026
0.48312,0.90181,0.41026
0.50733,0.90181,0.41026
0.53155,0.90181,0.41026
0.55577,0.90181,0.41026
0.57998,0.90181,0.41026
0.6042,0.90181,0.41026
0.62842,0.90181,0.41026
0.65263,0.90181,0.41026
0.67685,0.90181,0.41026
0.70107,0.90181,0.41026
0.72528,0.90181,0.41026
0.7495,0.90181,0.41026
0.77371,0.90181,0.41026
0.79786,0.89638,0.41026
0.822,0.87982,0.41026
0.84615,0.85127,0.41026
0.87029,0.80902,0.41026
0.89444,0.74987,0.41026
0.91858,0.66731,0.41026
0.94273,0.5445,0.41026
0.96687,0.20919,0.41026
0.01289,0.0,0.4359
0.03799,0.319,0.4359
0.0631,0.57479,0.4359
0.0882,0.77349,0.4359
0.1133,0.9212,0.4359
0.1384,1.0,0.4359
0.1635,1.0,0.4359
0.1886,1.0,0.4359
0.2137,1.0,0.4359
0.2388,1.0,0.4359
0.2639,1.0,0.4359
0.289,1.0,0.4359
0.3141,1.0,0.4359
0.3392,0.96377,0.4359
0.3643,0.93747,0.4359
0.3894,0.92734,0.4359
0.41213,0.92734,0.4359
0.43486,0.92734,0.4359
0.45759,0.92734,0.4359
0.48032,0.92734,0.4359
0.50305,0.92734,0.4359
0.52578,0.92734,0.4359
0.54851,0.92734,0.4359
0.57123,0.92734,0.4359
0.59396,0.92734,0.4359
0.61669,0.92734,0.4359
0.63942,0.92734,0.4359
0.66215,0.92734,0.4359
0.68488,0.92734,0.4359
0.70761,0.92734,0.4359
0.73034,0.92734,0.4359
0.75306,0.92734,0.4359
0.77579,0.92734,0.4359
0.80241,0.92132,0.4359
0.82903,0.90287,0.4359
0.85566,0.87069,0.4359
0.88228,0.82203,0.4359
0.9089,0.75111,0.4359
0.93552,0.64261,0.4359
0.96214,0.34018,0.4359
0.01532,0.0,0.46154
0.04042,0.33581,0.46154
0.06553,0.60437,0.46154
0.09063,0.81219,0.46154
0.11573,0.96583,0.46154
0.14083,1.0,0.46154
0.16594,1.0,0.46154
0.19104,1.0,0.46154
0.21614,1.0,0.46154
0.24124,1.0,0.46154
0.26635,1.0,0.46154
0.29145,1.0,0.46154
0.31655,1.0,0.46154
0.34166,0.98858,0.46154
0.36676,0.95984,0.46154
0.39186,0.9488,0.46154
0.41456,0.9488,0.46154
0.43725,0.9488,0.46154
0.45994,0.9488,0.46154
0.48264,0.9488,0.46154
0.50533,0.9488,0.46154
0.52803,0.9488,0.46154
0.55072,0.9488,0.46154
0.57341,0.9488,0.46154
0.59611,0.9488,0.46154
0.6188,0.9488,0.46154
0.6415,0.9488,0.46154
0.66419,0.9488,0.46154
0.68689,0.9488,0.46154
0.70958,0.9488,0.46154
0.73227,0.9488,0.46154
0.75497,0.9488,0.46154
0.77766,0.9488,0.46154
0.80334,0.94391,0.46154
0.82902,0.92891,0.46154
0.85469,0.90274,0.46154
0.88037,0.86318,0.46154
0.90605,0.80552,0.46154
0.93173,0.71731,0.46154
0.95741,0.47143,0.46154
0.01759,0.0,0.48718
0.04109,0.33187,0.48718
0.06459,0.60082,0.48718
0.08809,0.81257,0.48718
0.1116,0.97285,0.48718
0.1351,1.0,0.48718
0.1586,1.0,0.48718
0.1821,1.0,0.48718
0.2056,1.0,0.48718
0.22911,1.0,0.48718
0.25261,1.0,0.48718
0.27611,1.0,0.48718
0.29961,1.0,0.48718
0.32311,1.0,0.48718
0.34662,1.0,0.48718
0.37012,0.97722,0.48718
0.39362,0.96668,0.48718
0.41773,0.96668,0.48718
0.44183,0.96668,0.48718
0.46594,0.96668,0.48718
0.49005,0.96668,0.48718
0.51415,0.96668,0.48718
0.53826,0.96668,0.48718
0.56236,0.96668,0.48718
0.58647,0.96668,0.48718
0.61058,0.96668,0.48718
0.63468,0.96668,0.48718
0.65879,0.96668,0.48718
0.6829,0.96668,0.48718
0.707,0.96668,0.48718
0.73111,0.96668,0.48718
0.75522,0.96668,0.48718
0.77932,0.96668,0.48718
0.80409,0.96207,0.48718
0.82885,0.94794,0.48718
0.85361,0.92328,0.48718
0.87838,0.88601,0.48718
0.90314,0.83167,0.48718
0.92791,0.74857,0.48718
0.95267,0.51688,0.48718
0.0197,0.0,0.51282
0.04313,0.34572,0.51282
0.06657,0.62529,0.51282
0.09001,0.84475,0.51282
0.11344,1.0,0.51282
0.13688,1.0,0.51282
0.16032,1.0,0.51282
0.18375,1.0,0.51282
0.20719,1.0,0.51282
0.23063,1.0,0.51282
0.25406,1.0,0.51282
0.2775,1.0,0.51282
0.30094,1.0,0.51282
0.32437,1.0,0.51282
0.34781,1.0,0.51282
0.37125,0.99262,0.51282
0.39468,0.98133,0.51282
0.41881,0.98133,0.51282
0.44294,0.98133,0.51282
0.46708,0.98133,0.51282
0.49121,0.98133,0.51282
0.51534,0.98133,0.51282
0.53947,0.98133,0.51282
0.5636,0.98133,0.51282
0.58773,0.98133,0.51282
0.61186,0.98133,0.51282
0.63599,0.98133,0.51282
0.66012,0.98133,0.51282
0.68425,0.98133,0.51282
0.70838,0.98133,0.51282
0.73251,0.98133,0.51282
0.75664,0.98133,0.51282
0.78077,0.98133,0.51282
0.80465,0.97664,0.51282
0.82853,0.96226,0.51282
0.85241,0.93721,0.51282
0.8763,0.89933,0.51282
0.90018,0.8441,0.51282
0.92406,0.75963,0.51282
0.94794,0.52413,0.51282
0.02164,0.0,0.53846
0.04498,0.3581,0.53846
0.06832,0.64713,0.53846
0.09166,0.87344,0.53846
0.11499,1.0,0.53846
0.13833,1.0,0.53846
0.16167,1.0,0.53846
0.18501,1.0,0.53846
0.20835,1.0,0.53846
0.23168,1.0,0.53846
0.25502,1.0,0.53846
0.27836,1.0,0.53846
0.3017,1.0,0.53846
0.32504,1.0,0.53846
0.34837,1.0,0.53846
0.37171,1.0,0.53846
0.39505,0.99298,0.53846
0.41781,0.99298,0.53846
0.44057,0.99298,0.53846
0.46334,0.99298,0.53846
0.4861,0.99298,0.53846
0.50886,0.99298,0.53846
0.53162,0.99298,0.53846
0.55439,0.99298,0.53846
0.57715,0.99298,0.53846
0.59991,0.99298,0.53846
0.62267,0.99298,0.53846
0.64544,0.99298,0.53846
0.6682,0.99298,0.53846
0.69096,0.99298,0.53846
0.71372,0.99298,0.53846
0.73649,0.99298,0.53846
0.75925,0.99298,0.53846
0.78201,0.99298,0.53846
0.80888,0.98638,0.53846
0.83574,0.96596,0.53846
0.86261,0.92968,0.53846
0.88948,0.87265,0.53846
0.91634,0.78165,0.53846
0.94321,0.52043,0.53846
0.02343,0.0,0.5641
0.04664,0.36872,0.5641
0.06984,0.66584,0.5641
0.09305,0.89795,0.5641
0.11625,1.0,0.5641
0.13946,1.0,0.5641
0.16267,1.0,0.5641
0.18587,1.0,0.5641
0.20908,1.0,0.5641
0.23228,1.0,0.5641
0.25549,1.0,0.5641
0.27869,1.0,0.5641
0.3019,1.0,0.5641
0.3251,1.0,0.5641
0.34831,1.0,0.5641
0.37151,1.0,0.5641
0.39472,1.0,0.5641
0.41756,1.0,0.5641
0.4404,1.0,0.5641
0.46325,1.0,0.5641
0.48609,1.0,0.5641
0.50893,1.0,0.5641
0.53177,1.0,0.5641
0.55462,1.0,0.5641
0.57746,1.0,0.5641
0.6003,1.0,0.5641
0.62314,1.0,0.5641
0.64599,1.0,0.5641
0.66883,1.0,0.5641
0.69167,1.0,0.5641
0.71452,1.0,0.5641
0.73736,1.0,0.5641
0.7602,1.0,0.5641
0.78304,1.0,0.5641
0.80895,0.99506,0.5641
0.83485,0.9741,0.5641
0.86076,0.93686,0.5641
0.88666,0.87831,0.5641
0.91257,0.78489,0.5641
0.93847,0.51673,0.5641
0.02506,0.0,0.58974
0.0481,0.37727,0.58974
0.07114,0.68088,0.58974
0.09418,0.91763,0.58974
0.11722,1.0,0.58974
0.14026,1.0,0.58974
0.1633,1.0,0.58974
0.18634,1.0,0.58974
0.20938,1.0,0.58974
0.23242,1.0,0.58974
0.25546,1.0,0.58974
0.27849,1.0,0.58974
0.30153,1.0,0.58974
0.32457,1.0,0.58974
0.34761,1.0,0.58974
0.37065,1.0,0.58974
0.39369,1.0,0.58974
0.41664,1.0,0.58974
0.43959,1.0,0.58974
0.46254,1.0,0.58974
0.4855,1.0,0.58974
0.50845,1.0,0.58974
0.5314,1.0,0.58974
0.55435,1.0,0.58974
0.5773,1.0,0.58974
0.60025,1.0,0.58974
0.6232,1.0,0.58974
0.64616,1.0,0.58974
0.66911,1.0,0.58974
0.69206,1.0,0.58974
0.71501,1.0,0.58974
0.73796,1.0,0.58974
0.76091,1.0,0.58974
0.78386,1.0,0.58974
0.80884,1.0,0.58974
0.83382,0.97973,0.58974
0.8588,0.94172,0.58974
0.88378,0.88198,0.58974
0.90876,0.78666,0.58974
0.93374,0.51303,0.58974
0.02653,0.0,0.61538
0.04937,0.38347,0.61538
0.07221,0.69178,0.61538
0.09505,0.93186,0.61538
0.11789,1.0,0.61538
0.14073,1.0,0.61538
0.16357,1.0,0.61538
0.18641,1.0,0.61538
0.20925,1.0,0.61538
0.23209,1.0,0.61538
0.25493,1.0,0.61538
0.27777,1.0,0.61538
0.30061,1.0,0.61538
0.32345,1.0,0.61538
0.34629,1.0,0.61538
0.36913,1.0,0.61538
0.39197,1.0,0.61538
0.41505,1.0,0.61538
0.43814,1.0,0.61538
0.46123,1.0,0.61538
0.48432,1.0,0.61538
0.50741,1.0,0.61538
0.5305,1.0,0.61538
0.55359,1.0,0.61538
0.57668,1.0,0.61538
0.59977,1.0,0.61538
0.62285,1.0,0.61538
0.64594,1.0,0.61538
0.66903,1.0,0.61538
0.69212,1.0,0.61538
0.71521,1.0,0.61538
0.7383,1.0,0.61538
0.76139,1.0,0.61538
0.78448,1.0,0.61538
0.80856,1.0,0.61538
0.83265,0.9829,0.61538
0.85674,0.94433,0.61538
0.88083,0.88372,0.61538
0.90492,0.78699,0.61538
0.92901,0.50933,0.61538
0.02784,0.0,0.64103
0.05045,0.38711,0.64103
0.07306,0.69813,0.64103
0.09566,0.94011,0.64103
0.11827,1.0,0.64103
0.14088,1.0,0.64103
0.16348,1.0,0.64103
0.18609,1.0,0.64103
0.20869,1.0,0.64103
0.2313,1.0,0.64103
0.25391,1.0,0.64103
0.27651,1.0,0.64103
0.29912,1.0,0.64103
0.32172,1.0,0.64103
0.34433,1.0,0.64103
0.36694,1.0,0.64103
0.38954,1.0,0.64103
0.4128,1.0,0.64103
0.43605,1.0,0.64103
0.45931,1.0,0.64103
0.48256,1.0,0.64103
0.50582,1.0,0.64103
0.52907,1.0,0.64103
0.55233,1.0,0.64103
0.57558,1.0,0.64103
0.59884,1.0,0.64103
0.62209,1.0,0.64103
0.64535,1.0,0.64103
0.6686,1.0,0.64103
0.69186,1.0,0.64103
0.71511,1.0,0.64103
0.73837,1.0,0.64103
0.76162,1.0,0.64103
0.78488,1.0,0.64103
0.80811,1.0,0.64103
0.83135,0.9837,0.64103
0.85458,0.94476,0.64103
0.87781,0.88357,0.64103
0.90104,0.78592,0.64103
0.92428,0.50563,0.64103
0.029,0.0,0.66667
0.05134,0.38799,0.66667
0.07367,0.69965,0.66667
0.09601,0.94205,0.66667
0.11835,1.0,0.66667
0.14069,1.0,0.66667
0.16303,1.0,0.66667
0.18537,1.0,0.66667
0.20771,1.0,0.66667
0.23005,1.0,0.66667
0.25239,1.0,0.66667
0.27473,1.0,0.66667
0.29707,1.0,0.66667
0.31941,1.0,0.66667
0.34175,1.0,0.66667
0.36409,1.0,0.66667
0.38642,1.0,0.66667
0.40987,1.0,0.66667
0.43332,1.0,0.66667
0.45677,1.0,0.66667
0.48022,1.0,0.66667
0.50367,1.0,0.66667
0.52712,1.0,0.66667
0.55057,1.0,0.66667
0.57402,1.0,0.66667
0.59747,1.0,0.66667
0.62092,1.0,0.66667
0.64437,1.0,0.66667
0.66782,1.0,0.66667
0.69127,1.0,0.66667
0.71472,1.0,0.66667
0.73817,1.0,0.66667
0.76162,1.0,0.66667
0.78507,1.0,0.66667
0.80748,1.0,0.66667
0.8299,0.98273,0.66667
0.85231,0.94358,0.66667
0.87472,0.88203,0.66667
0.89713,0.78382,0.66667
0.91954,0.50192,0.66667
0.02999,0.0,0.69231
0.0535,0.40902,0.69231
0.077,0.73226,0.69231
0.10051,0.97825,0.69231
0.12402,1.0,0.69231
0.14753,1.0,0.69231
0.17104,1.0,0.69231
0.19454,1.0,0.69231
0.21805,1.0,0.69231
0.24156,1.0,0.69231
0.26507,1.0,0.69231
0.28858,1.0,0.69231
0.31208,1.0,0.69231
0.33559,1.0,0.69231
0.3591,1.0,0.69231
0.38261,1.0,0.69231
0.40379,1.0,0.69231
0.42497,1.0,0.69231
0.44615,1.0,0.69231
0.46733,1.0,0.69231
0.48852,1.0,0.69231
0.5097,1.0,0.69231
0.53088,1.0,0.69231
0.55206,1.0,0.69231
0.57324,1.0,0.69231
0.59442,1.0,0.69231
0.6156,1.0,0.69231
0.63679,1.0,0.69231
0.65797,1.0,0.69231
0.67915,1.0,0.69231
0.70033,1.0,0.69231
0.72151,1.0,0.69231
0.74269,1.0,0.69231
0.76387,1.0,0.69231
0.78506,1.0,0.69231
0.81101,1.0,0.69231
0.83696,0.9682,0.69231
0.86291,0.90845,0.69231
0.88886,0.80589,0.69231
0.91481,0.49822,0.69231
0.03082,0.0,0.71795
0.05397,0.40396,0.71795
0.07713,0.72351,0.71795
0.10028,0.96704,0.71795
0.12343,1.0,0.71795
0.14658,1.0,0.71795
0.16973,1.0,0.71795
0.19288,1.0,0.71795
0.21603,1.0,0.71795
0.23919,1.0,0.71795
0.26234,1.0,0.71795
0.28549,1.0,0.71795
0.30864,1.0,0.71795
0.33179,1.0,0.71795
0.35494,1.0,0.71795
0.3781,1.0,0.71795
0.3995,1.0,0.71795
0.42091,1.0,0.71795
0.44232,1.0,0.71795
0.46372,1.0,0.71795
0.48513,1.0,0.71795
0.50654,1.0,0.71795
0.52794,1.0,0.71795
0.54935,1.0,0.71795
0.57076,1.0,0.71795
0.59217,1.0,0.71795
0.61357,1.0,0.71795
0.63498,1.0,0.71795
0.65639,1.0,0.71795
0.67779,1.0,0.71795
0.6992,1.0,0.71795
0.72061,1.0,0.71795
0.74202,1.0,0.71795
0.76342,1.0,0.71795
0.78483,1.0,0.71795
0.80988,0.9997,0.71795
0.83493,0.96708,0.71795
0.85998,0.907,0.71795
0.88503,0.80388,0.71795
0.91008,0.49452,0.71795
0.0315,0.0,0.74359
0.05426,0.39596,0.74359
0.07701,0.70971,0.74359
0.09977,0.94936,0.74359
0.12253,1.0,0.74359
0.14529,1.0,0.74359
0.16805,1.0,0.74359
0.19081,1.0,0.74359
0.21357,1.0,0.74359
0.23633,1.0,0.74359
0.25909,1.0,0.74359
0.28185,1.0,0.74359
0.30461,1.0,0.74359
0.32737,1.0,0.74359
0.35013,1.0,0.74359
0.37289,1.0,0.74359
0.39454,1.0,0.74359
0.4162,1.0,0.74359
0.43786,1.0,0.74359
0.45952,1.0,0.74359
0.48118,1.0,0.74359
0.50284,1.0,0.74359
0.52449,1.0,0.74359
0.54615,1.0,0.74359
0.56781,1.0,0.74359
0.58947,1.0,0.74359
0.61113,1.0,0.74359
0.63279,1.0,0.74359
0.65444,1.0,0.74359
0.6761,1.0,0.74359
0.69776,1.0,0.74359
0.71942,1.0,0.74359
0.74108,1.0,0.74359
0.76274,1.0,0.74359
0.78439,1.0,0.74359
0.80859,0.99876,0.74359
0.83278,0.96595,0.74359
0.85697,0.90555,0.74359
0.88116,0.80186,0.74359
0.90535,0.49081,0.74359
0.03201,0.0,0.76923
0.05434,0.3852,0.76923
0.07667,0.69113,0.76923
0.099,0.92558,0.76923
0.12134,1.0,0.76923
0.14367,1.0,0.76923
0.166,1.0,0.76923
0.18833,1.0,0.76923
0.21066,1.0,0.76923
0.23299,1.0,0.76923
0.25532,1.0,0.76923
0.27765,1.0,0.76923
0.29998,1.0,0.76923
0.32232,1.0,0.76923
0.34465,1.0,0.76923
0.36698,1.0,0.76923
0.38891,1.0,0.76923
0.41085,1.0,0.76923
0.43278,1.0,0.76923
0.45472,1.0,0.76923
0.47665,1.0,0.76923
0.49859,1.0,0.76923
0.52053,1.0,0.76923
0.54246,1.0,0.76923
0.5644,1.0,0.76923
0.58633,1.0,0.76923
0.60827,1.0,0.76923
0.6302,1.0,0.76923
0.65214,1.0,0.76923
0.67407,1.0,0.76923
0.69601,1.0,0.76923
0.71794,1.0,0.76923
0.73988,1.0,0.76923
0.76181,1.0,0.76923
0.78375,1.0,0.76923
0.80712,0.99781,0.76923
0.8305,0.96483,0.76923
0.85387,0.9041,0.76923
0.87724,0.79985,0.76923
0.90061,0.48711,0.76923
0.03237,0.0,0.79487
0.05423,0.37192,0.79487
0.0761,0.6682,0.79487
0.09797,0.89623,0.79487
0.11983,1.0,0.79487
0.1417,1.0,0.79487
0.16357,1.0,0.79487
0.18544,1.0,0.79487
0.2073,1.0,0.79487
0.22917,1.0,0.79487
0.25104,1.0,0.79487
0.2729,1.0,0.79487
0.29477,1.0,0.79487
0.31664,1.0,0.79487
0.33851,1.0,0.79487
0.36037,1.0,0.79487
0.38261,1.0,0.79487
0.40485,1.0,0.79487
0.42709,1.0,0.79487
0.44933,1.0,0.79487
0.47156,1.0,0.79487
0.4938,1.0,0.79487
0.51604,1.0,0.79487
0.53828,1.0,0.79487
0.56052,1.0,0.79487
0.58275,1.0,0.79487
0.60499,1.0,0.79487
0.62723,1.0,0.79487
0.64947,1.0,0.79487
0.67171,1.0,0.79487
0.69394,1.0,0.79487
0.71618,1.0,0.79487
0.73842,1.0,0.79487
0.76066,1.0,0.79487
0.7829,1.0,0.79487
0.80549,0.99687,0.79487
0.82809,0.9637,0.79487
0.85069,0.90265,0.79487
0.87328,0.79784,0.79487
0.89588,0.48341,0.79487
0.03256,0.0,0.82051
0.05546,0.37907,0.82051
0.07835,0.67675,0.82051
0.10124,0.90156,0.82051
0.12414,1.0,0.82051
0.14703,1.0,0.82051
0.16992,1.0,0.82051
0.19282,1.0,0.82051
0.21571,1.0,0.82051
0.2386,1.0,0.82051
0.2615,1.0,0.82051
0.28439,1.0,0.82051
0.30729,1.0,0.82051
0.33018,1.0,0.82051
0.35307,1.0,0.82051
0.37451,1.0,0.82051
0.39595,1.0,0.82051
0.41739,1.0,0.82051
0.43882,1.0,0.82051
0.46026,1.0,0.82051
0.4817,1.0,0.82051
0.50314,1.0,0.82051
0.52458,1.0,0.82051
0.54601,1.0,0.82051
0.56745,1.0,0.82051
0.58889,1.0,0.82051
0.61033,1.0,0.82051
0.63177,1.0,0.82051
0.6532,1.0,0.82051
0.67464,1.0,0.82051
0.69608,1.0,0.82051
0.71752,1.0,0.82051
0.73896,1.0,0.82051
0.76039,1.0,0.82051
0.78183,1.0,0.82051
0.80369,0.99592,0.82051
0.82556,0.96258,0.82051
0.84742,0.90119,0.82051
0.86928,0.79582,0.82051
0.89115,0.4797,0.82051
0.0326,0.0,0.84616
0.05492,0.36068,0.84616
0.07724,0.64537,0.84616
0.09956,0.86197,0.84616
0.12188,1.0,0.84616
0.1442,1.0,0.84616
0.16652,1.0,0.84616
0.18884,1.0,0.84616
0.21116,1.0,0.84616
0.23348,1.0,0.84616
0.2558,1.0,0.84616
0.27812,1.0,0.84616
0.30044,1.0,0.84616
0.32276,1.0,0.84616
0.34507,1.0,0.84616
0.36581,1.0,0.84616
0.38655,1.0,0.84616
0.40729,1.0,0.84616
0.42802,1.0,0.84616
0.44876,1.0,0.84616
0.4695,1.0,0.84616
0.49024,1.0,0.84616
0.51097,1.0,0.84616
0.53171,1.0,0.84616
0.55245,1.0,0.84616
0.57319,1.0,0.84616
0.59392,1.0,0.84616
0.61466,1.0,0.84616
0.6354,1.0,0.84616
0.65613,1.0,0.84616
0.67687,1.0,0.84616
0.69761,1.0,0.84616
0.71835,1.0,0.84616
0.73908,1.0,0.84616
0.75982,1.0,0.84616
0.78056,1.0,0.84616
0.80702,0.98886,0.84616
0.83349,0.93471,0.84616
0.85995,0.82635,0.84616
0.88642,0.476,0.84616
0.03248,0.0,0.87179
0.05418,0.34072,0.87179
0.07589,0.61134,0.87179
0.0976,0.81904,0.87179
0.11931,0.97098,0.87179
0.14101,1.0,0.87179
0.16272,1.0,0.87179
0.18443,1.0,0.87179
0.20614,1.0,0.87179
0.22784,1.0,0.87179
0.24955,1.0,0.87179
0.27126,1.0,0.87179
0.29296,1.0,0.87179
0.31467,1.0,0.87179
0.33638,1.0,0.87179
0.35746,1.0,0.87179
0.37854,1.0,0.87179
0.39962,1.0,0.87179
0.4207,1.0,0.87179
0.44178,1.0,0.87179
0.46286,1.0,0.87179
0.48395,1.0,0.87179
0.50503,1.0,0.87179
0.52611,1.0,0.87179
0.54719,1.0,0.87179
0.56827,1.0,0.87179
0.58935,1.0,0.87179
0.61043,1.0,0.87179
0.63151,1.0,0.87179
0.65259,1.0,0.87179
0.67367,1.0,0.87179
0.69475,1.0,0.87179
0.71583,1.0,0.87179
0.73691,1.0,0.87179
0.758,1.0,0.87179
0.77908,1.0,0.87179
0.80473,0.98788,0.87179
0.83038,0.93345,0.87179
0.85603,0.82451,0.87179
0.88168,0.47229,0.87179
0.03219,0.0,0.89743
0.05487,0.34149,0.89743
0.07755,0.60944,0.89743
0.10022,0.81192,0.89743
0.1229,0.95695,0.89743
0.14558,1.0,0.89743
0.16825,1.0,0.89743
0.19093,1.0,0.89743
0.21361,1.0,0.89743
0.23628,1.0,0.89743
0.25896,1.0,0.89743
0.28163,1.0,0.89743
0.30431,1.0,0.89743
0.32699,1.0,0.89743
0.34746,1.0,0.89743
0.36793,1.0,0.89743
0.38841,1.0,0.89743
0.40888,1.0,0.89743
0.42935,1.0,0.89743
0.44982,1.0,0.89743
0.4703,1.0,0.89743
0.49077,1.0,0.89743
0.51124,1.0,0.89743
0.53171,1.0,0.89743
0.55219,1.0,0.89743
0.57266,1.0,0.89743
0.59313,1.0,0.89743
0.6136,1.0,0.89743
0.63408,1.0,0.89743
0.65455,1.0,0.89743
0.67502,1.0,0.89743
0.69549,1.0,0.89743
0.71597,1.0,0.89743
0.73644,1.0,0.89743
0.75691,1.0,0.89743
0.77738,1.0,0.89743
0.80228,0.98691,0.89743
0.82717,0.93218,0.89743
0.85206,0.82266,0.89743
0.87695,0.46859,0.89743
0.03175,0.0,0.92308
0.05369,0.31824,0.92308
0.07562,0.57035,0.92308
0.09756,0.76341,0.92308
0.11949,0.90448,0.92308
0.14142,1.0,0.92308
0.16336,1.0,0.92308
0.18529,1.0,0.92308
0.20723,1.0,0.92308
0.22916,1.0,0.92308
0.2511,1.0,0.92308
0.27303,1.0,0.92308
0.29496,1.0,0.92308
0.3169,1.0,0.92308
0.33774,1.0,0.92308
0.35859,1.0,0.92308
0.37943,1.0,0.92308
0.40028,1.0,0.92308
0.42112,1.0,0.92308
0.44197,1.0,0.92308
0.46281,1.0,0.92308
0.48366,1.0,0.92308
0.5045,1.0,0.92308
0.52535,1.0,0.92308
0.54619,1.0,0.92308
0.56704,1.0,0.92308
0.58788,1.0,0.92308
0.60873,1.0,0.92308
0.62957,1.0,0.92308
0.65041,1.0,0.92308
0.67126,1.0,0.92308
0.6921,1.0,0.92308
0.71295,1.0,0.92308
0.73379,1.0,0.92308
0.75464,1.0,0.92308
0.77548,1.0,0.92308
0.79967,0.98593,0.92308
0.82385,0.93092,0.92308
0.84803,0.82083,0.92308
0.87222,0.46489,0.92308
0.03115,0.0,0.94872
0.0523,0.2946,0.94872
0.07345,0.53059,0.94872
0.0946,0.71407,0.94872
0.11576,0.85112,0.94872
0.13691,0.94787,0.94872
0.15806,1.0,0.94872
0.17921,1.0,0.94872
0.20036,1.0,0.94872
0.22151,1.0,0.94872
0.24266,1.0,0.94872
0.26381,1.0,0.94872
0.28496,1.0,0.94872
0.30611,1.0,0.94872
0.32735,1.0,0.94872
0.34859,1.0,0.94872
0.36983,1.0,0.94872
0.39107,1.0,0.94872
0.41231,1.0,0.94872
0.43355,1.0,0.94872
0.45479,1.0,0.94872
0.47602,1.0,0.94872
0.49726,1.0,0.94872
0.5185,1.0,0.94872
0.53974,1.0,0.94872
0.56098,1.0,0.94872
0.58222,1.0,0.94872
0.60346,1.0,0.94872
0.6247,1.0,0.94872
0.64594,1.0,0.94872
0.66718,1.0,0.94872
0.68842,1.0,0.94872
0.70965,1.0,0.94872
0.73089,1.0,0.94872
0.75213,1.0,0.94872
0.77337,1.0,0.94872
0.7969,0.98496,0.94872
0.82043,0.92966,0.94872
0.84396,0.81899,0.94872
0.86748,0.46119,0.94872
0.03039,0.0,0.97436
0.05241,0.29112,0.97436
0.07443,0.5228,0.97436
0.09645,0.70153,0.97436
0.11847,0.83383,0.97436
0.14049,0.9262,0.97436
0.16251,0.98514,0.97436
0.18453,1.0,0.97436
0.20655,1.0,0.97436
0.22857,1.0,0.97436
0.25059,1.0,0.97436
0.27261,1.0,0.97436
0.29463,1.0,0.97436
0.31534,1.0,0.97436
0.33606,1.0,0.97436
0.35677,1.0,0.97436
0.37749,1.0,0.97436
0.3982,1.0,0.97436
0.41891,1.0,0.97436
0.43963,1.0,0.97436
0.46034,1.0,0.97436
0.48106,1.0,0.97436
0.50177,1.0,0.97436
0.52248,1.0,0.97436
0.5432,1.0,0.97436
0.56391,1.0,0.97436
0.58463,1.0,0.97436
0.60534,1.0,0.97436
0.62605,1.0,0.97436
0.64677,1.0,0.97436
0.66748,1.0,0.97436
0.6882,1.0,0.97436
0.70891,1.0,0.97436
0.72962,1.0,0.97436
0.75034,1.0,0.97436
0.77105,1.0,0.97436
0.79398,0.98398,0.97436
0.8169,0.9284,0.97436
0.83983,0.81715,0.97436
0.86275,0.45749,0.97436
0.02947,0.0,1.0
0.05055,0.26611,1.0
0.07164,0.48142,1.0
0.09272,0.6512,1.0
0.1138,0.78072,1.0
0.13488,0.87526,1.0
0.15596,0.94009,1.0
0.17704,0.98047,1.0
0.19812,1.0,1.0
0.21921,1.0,1.0
0.24029,1.0,1.0
0.26137,1.0,1.0
0.28245,1.0,1.0
0.30358,1.0,1.0
0.32472,1.0,1.0
0.34585,1.0,1.0
0.36698,1.0,1.0
0.38812,1.0,1.0
0.40925,1.0,1.0
0.43038,1.0,1.0
0.45152,1.0,1.0
0.47265,1.0,1.0
0.49379,1.0,1.0
0.51492,1.0,1.0
0.53605,1.0,1.0
0.55719,1.0,1.0
0.57832,1.0,1.0
0.59945,1.0,1.0
0.62059,1.0,1.0
0.64172,1.0,1.0
0.66285,1.0,1.0
0.68399,1.0,1.0
0.70512,1.0,1.0
0.72625,1.0,1.0
0.74739,1.0,1.0
0.76852,1.0,1.0
0.7909,0.983,1.0
0.81327,0.92713,1.0
0.83565,0.8153,1.0
0.85802,0.45378,1.0
