0.13192,0.0,0.0
0.15066,0.0,0.0
0.1694,0.0,0.0
0.18814,0.0,0.0
0.20688,0.0,0.0
0.22562,0.0,0.0
0.24436,0.0,0.0
0.2631,0.0,0.0
0.28184,0.0,0.0
0.30058,0.0,0.0
0.31932,0.0,0.0
0.33806,0.0,0.0
0.3568,0.0,0.0
0.37554,0.0,0.0
0.39428,0.0,0.0
0.41302,0.0,0.0
0.43177,0.0,0.0
0.45051,0.0,0.0
0.46925,0.0,0.0
0.48799,0.0,0.0
0.50673,0.0,0.0
0.52547,0.0,0.0
0.54421,0.0,0.0
0.56295,0.0,0.0
0.58169,0.0,0.0
0.60043,0.0,0.0
0.61917,0.0,0.0
0.63791,0.0,0.0
0.65665,0.0,0.0
0.67539,0.0,0.0
0.69413,0.0,0.0
0.71287,0.0,0.0
0.73161,0.0,0.0
0.75035,0.0,0.0
0.76909,0.0,0.0
0.78783,0.0,0.0
0.80657,0.0,0.0
0.82531,0.0,0.0
0.84405,0.0,0.0
0.86279,0.0,0.0
0.10554,0.0,0.02564
0.12585,0.09959,0.02564
0.14617,0.16364,0.02564
0.16649,0.19804,0.02564
0.18681,0.20872,0.02564
0.20713,0.20155,0.02564
0.22744,0.18245,0.02564
0.24776,0.15733,0.02564
0.26808,0.13207,0.02564
0.2884,0.11258,0.02564
0.30871,0.10478,0.02564
0.32944,0.10478,0.02564
0.35017,0.10478,0.02564
0.37089,0.10478,0.02564
0.39162,0.10478,0.02564
0.41235,0.10478,0.02564
0.43307,0.10478,0.02564
0.4538,0.10478,0.02564
0.47453,0.10478,0.02564
0.49525,0.10478,0.02564
0.51598,0.10478,0.02564
0.53671,0.10478,0.02564
0.55743,0.10478,0.02564
0.57816,0.10478,0.02564
0.59806,0.10457,0.02564
0.61797,0.10396,0.02564
0.63787,0.10292,0.02564
0.65777,0.10145,0.02564
0.67768,0.09953,0.02564
0.69758,0.09713,0.02564
0.71749,0.09422,0.02564
0.73739,0.09074,0.02564
0.75729,0.08663,0.02564
0.7772,0.08179,0.02564
0.7971,0.07609,0.02564
0.81701,0.06931,0.02564
0.83691,0.06108,0.02564
0.85681,0.05072,0.02564
0.87672,0.03646,0.02564
0.89662,0.0,0.02564
0.09461,0.0,0.05128
0.11637,0.10168,0.05128
0.13813,0.17042,0.05128
0.15989,0.21147,0.05128
0.18165,0.23004,0.05128
0.20341,0.2314,0.05128
0.22517,0.22077,0.05128
0.24694,0.20337,0.05128
0.2687,0.18447,0.05128
0.29046,0.16929,0.05128
0.31222,0.16307,0.05128
0.33288,0.16307,0.05128
0.35353,0.16307,0.05128
0.37419,0.16307,0.05128
0.39484,0.16307,0.05128
0.4155,0.16307,0.05128
0.43616,0.16307,0.05128
0.45681,0.16307,0.05128
0.47747,0.16307,0.05128
0.49812,0.16307,0.05128
0.51878,0.16307,0.05128
0.53943,0.16307,0.05128
0.56009,0.16307,0.05128
0.58075,0.16307,0.05128
0.60136,0.16274,0.05128
0.62198,0.16178,0.05128
0.6426,0.16017,0.05128
0.66322,0.15789,0.05128
0.68384,0.1549,0.05128
0.70445,0.15116,0.05128
0.72507,0.14662,0.05128
0.74569,0.14122,0.05128
0.76631,0.13482,0.05128
0.78693,0.12729,0.05128
0.80755,0.11842,0.05128
0.82816,0.10785,0.05128
0.84878,0.09506,0.05128
0.8694,0.07894,0.05128
0.89002,0.05675,0.05128
0.91064,0.0,0.05128
0.08622,0.0,0.07693
0.10915,0.1023,0.07693
0.13209,0.17489,0.07693
0.15502,0.22222,0.07693
0.17795,0.24877,0.07693
0.20088,0.25898,0.07693
0.22381,0.25734,0.07693
0.24675,0.24829,0.07693
0.26968,0.23629,0.07693
0.29261,0.22583,0.07693
0.31554,0.22135,0.07693
0.33613,0.22135,0.07693
0.35672,0.22135,0.07693
0.37731,0.22135,0.07693
0.3979,0.22135,0.07693
0.41849,0.22135,0.07693
0.43908,0.22135,0.07693
0.45967,0.22135,0.07693
0.48026,0.22135,0.07693
0.50085,0.22135,0.07693
0.52144,0.22135,0.07693
0.54203,0.22135,0.07693
0.56262,0.22135,0.07693
0.58321,0.22135,0.07693
0.60435,0.22091,0.07693
0.62548,0.21961,0.07693
0.64662,0.21742,0.07693
0.66776,0.21432,0.07693
0.68889,0.21026,0.07693
0.71003,0.20519,0.07693
0.73116,0.19904,0.07693
0.7523,0.19169,0.07693
0.77344,0.18301,0.07693
0.79457,0.17279,0.07693
0.81571,0.16074,0.07693
0.83684,0.14641,0.07693
0.85798,0.12903,0.07693
0.87912,0.10715,0.07693
0.90025,0.07702,0.07693
0.92139,0.0,0.07693
0.07915,0.0,0.10257
0.10093,0.09404,0.10257
0.1227,0.16617,0.10257
0.14448,0.21912,0.10257
0.16625,0.2556,0.10257
0.18803,0.27836,0.10257
0.2098,0.29012,0.10257
0.23158,0.29363,0.10257
0.25335,0.2916,0.10257
0.27513,0.28677,0.10257
0.29691,0.28187,0.10257
0.31868,0.27963,0.10257
0.34092,0.27963,0.10257
0.36316,0.27963,0.10257
0.3854,0.27963,0.10257
0.40764,0.27963,0.10257
0.42988,0.27963,0.10257
0.45212,0.27963,0.10257
0.47436,0.27963,0.10257
0.4966,0.27963,0.10257
0.51884,0.27963,0.10257
0.54107,0.27963,0.10257
0.56331,0.27963,0.10257
0.58555,0.27963,0.10257
0.60711,0.27909,0.10257
0.62867,0.27743,0.10257
0.65022,0.27467,0.10257
0.67178,0.27075,0.10257
0.69333,0.26562,0.10257
0.71489,0.25922,0.10257
0.73645,0.25145,0.10257
0.758,0.24216,0.10257
0.77956,0.23119,0.10257
0.80111,0.21828,0.10257
0.82267,0.20307,0.10257
0.84423,0.18495,0.10257
0.86578,0.16302,0.10257
0.88734,0.13537,0.10257
0.9089,0.09731,0.10257
0.93045,0.0,0.10257
0.07292,0.0,0.12821
0.09553,0.09341,0.12821
0.11814,0.16802,0.12821
0.14075,0.22592,0.12821
0.16336,0.2692,0.12821
0.18597,0.29994,0.12821
0.20858,0.32024,0.12821
0.23119,0.33216,0.12821
0.25381,0.33781,0.12821
0.27642,0.33925,0.12821
0.29903,0.33859,0.12821
0.32164,0.33791,0.12821
0.34381,0.33791,0.12821
0.36599,0.33791,0.12821
0.38817,0.33791,0.12821
0.41035,0.33791,0.12821
0.43253,0.33791,0.12821
0.4547,0.33791,0.12821
0.47688,0.33791,0.12821
0.49906,0.33791,0.12821
0.52124,0.33791,0.12821
0.54342,0.33791,0.12821
0.56559,0.33791,0.12821
0.58777,0.33791,0.12821
0.60969,0.33725,0.12821
0.6316,0.33526,0.12821
0.65352,0.33192,0.12821
0.67544,0.32718,0.12821
0.69735,0.32099,0.12821
0.71927,0.31325,0.12821
0.74119,0.30385,0.12821
0.7631,0.29264,0.12821
0.78502,0.27938,0.12821
0.80694,0.26378,0.12821
0.82885,0.24539,0.12821
0.85077,0.22351,0.12821
0.87269,0.19699,0.12821
0.8946,0.16359,0.12821
0.91652,0.11759,0.12821
0.93844,0.0,0.12821
0.06729,0.0,0.15385
0.09067,0.09254,0.15385
0.11404,0.1695,0.15385
0.13742,0.2323,0.15385
0.16079,0.28237,0.15385
0.18416,0.32113,0.15385
0.20754,0.35001,0.15385
0.23091,0.37045,0.15385
0.25429,0.38385,0.15385
0.27766,0.39166,0.15385
0.30103,0.3953,0.15385
0.32441,0.3962,0.15385
0.34653,0.3962,0.15385
0.36865,0.3962,0.15385
0.39077,0.3962,0.15385
0.41289,0.3962,0.15385
0.43502,0.3962,0.15385
0.45714,0.3962,0.15385
0.47926,0.3962,0.15385
0.50138,0.3962,0.15385
0.5235,0.3962,0.15385
0.54562,0.3962,0.15385
0.56775,0.3962,0.15385
0.58987,0.3962,0.15385
0.6121,0.39542,0.15385
0.63434,0.39309,0.15385
0.65658,0.38917,0.15385
0.67881,0.38362,0.15385
0.70105,0.37635,0.15385
0.72329,0.36728,0.15385
0.74553,0.35627,0.15385
0.76776,0.34312,0.15385
0.79,0.32758,0.15385
0.81224,0.30928,0.15385
0.83447,0.28771,0.15385
0.85671,0.26205,0.15385
0.87895,0.23097,0.15385
0.90118,0.1918,0.15385
0.92342,0.13787,0.15385
0.94566,0.0,0.15385
0.06211,0.0,0.17948
0.08619,0.09157,0.17948
0.11027,0.17079,0.17948
0.13435,0.23846,0.17948
0.15844,0.2953,0.17948
0.18251,0.3421,0.17948
0.2066,0.37961,0.17948
0.23068,0.40859,0.17948
0.25476,0.42981,0.17948
0.27884,0.44402,0.17948
0.30292,0.45199,0.17948
0.327,0.45448,0.17948
0.34907,0.45448,0.17948
0.37114,0.45448,0.17948
0.39321,0.45448,0.17948
0.41528,0.45448,0.17948
0.43735,0.45448,0.17948
0.45942,0.45448,0.17948
0.48149,0.45448,0.17948
0.50356,0.45448,0.17948
0.52563,0.45448,0.17948
0.5477,0.45448,0.17948
0.56977,0.45448,0.17948
0.59184,0.45448,0.17948
0.61437,0.45359,0.17948
0.6369,0.45091,0.17948
0.65942,0.44642,0.17948
0.68195,0.44005,0.17948
0.70448,0.43171,0.17948
0.72701,0.42132,0.17948
0.74954,0.40868,0.17948
0.77207,0.39359,0.17948
0.7946,0.37576,0.17948
0.81713,0.35478,0.17948
0.83965,0.33003,0.17948
0.86218,0.30061,0.17948
0.88471,0.26494,0.17948
0.90724,0.22002,0.17948
0.92977,0.15815,0.17948
0.9523,0.0,0.17948
0.05729,0.0,0.20512
0.07997,0.08334,0.20512
0.10265,0.15907,0.20512
0.12532,0.22723,0.20512
0.148,0.28792,0.20512
0.17067,0.34121,0.20512
0.19335,0.38714,0.20512
0.21602,0.42583,0.20512
0.2387,0.45732,0.20512
0.26137,0.48168,0.20512
0.28405,0.499,0.20512
0.30673,0.50933,0.20512
0.3294,0.51276,0.20512
0.35343,0.51276,0.20512
0.37745,0.51276,0.20512
0.40148,0.51276,0.20512
0.4255,0.51276,0.20512
0.44953,0.51276,0.20512
0.47356,0.51276,0.20512
0.49758,0.51276,0.20512
0.52161,0.51276,0.20512
0.54564,0.51276,0.20512
0.56966,0.51276,0.20512
0.59369,0.51276,0.20512
0.61649,0.51175,0.20512
0.63929,0.50874,0.20512
0.66209,0.50367,0.20512
0.68489,0.49648,0.20512
0.70768,0.48708,0.20512
0.73048,0.47534,0.20512
0.75328,0.46108,0.20512
0.77608,0.44407,0.20512
0.79888,0.42395,0.20512
0.82168,0.40028,0.20512
0.84448,0.37236,0.20512
0.86728,0.33915,0.20512
0.89008,0.29892,0.20512
0.91288,0.24824,0.20512
0.93568,0.17844,0.20512
0.95848,0.0,0.20512
0.05277,0.0,0.23077
0.07601,0.08228,0.23077
0.09924,0.15973,0.23077
0.12248,0.23191,0.23077
0.14572,0.29836,0.23077
0.16896,0.35865,0.23077
0.1922,0.41235,0.23077
0.21543,0.459,0.23077
0.23867,0.49815,0.23077
0.26191,0.52938,0.23077
0.28515,0.55224,0.23077
0.30839,0.56627,0.23077
0.33162,0.57105,0.23077
0.3556,0.57105,0.23077
0.37958,0.57105,0.23077
0.40357,0.57105,0.23077
0.42755,0.57105,0.23077
0.45153,0.57105,0.23077
0.47551,0.57105,0.23077
0.49949,0.57105,0.23077
0.52347,0.57105,0.23077
0.54745,0.57105,0.23077
0.57143,0.57105,0.23077
0.59541,0.57105,0.23077
0.61847,0.56993,0.23077
0.64152,0.56657,0.23077
0.66458,0.56091,0.23077
0.68763,0.55291,0.23077
0.71068,0.54245,0.23077
0.73374,0.52938,0.23077
0.75679,0.51349,0.23077
0.77985,0.49454,0.23077
0.8029,0.47214,0.23077
0.82596,0.44577,0.23077
0.84901,0.41468,0.23077
0.87206,0.37771,0.23077
0.89512,0.33289,0.23077
0.91817,0.27645,0.23077
0.94123,0.19871,0.23077
0.96428,0.0,0.23077
0.04849,0.0,0.25641
0.07225,0.08128,0.25641
0.09602,0.16049,0.25641
0.11978,0.23669,0.25641
0.14354,0.30891,0.25641
0.16731,0.37622,0.25641
0.19107,0.43764,0.25641
0.21484,0.49224,0.25641
0.2386,0.53905,0.25641
0.26237,0.57711,0.25641
0.28613,0.60548,0.25641
0.3099,0.6232,0.25641
0.33366,0.62933,0.25641
0.3576,0.62933,0.25641
0.38154,0.62933,0.25641
0.40549,0.62933,0.25641
0.42943,0.62933,0.25641
0.45337,0.62933,0.25641
0.47731,0.62933,0.25641
0.50125,0.62933,0.25641
0.52519,0.62933,0.25641
0.54913,0.62933,0.25641
0.57307,0.62933,0.25641
0.59702,0.62933,0.25641
0.62031,0.6281,0.25641
0.64361,0.62439,0.25641
0.66691,0.61816,0.25641
0.6902,0.60935,0.25641
0.7135,0.59781,0.25641
0.7368,0.5834,0.25641
0.7601,0.56591,0.25641
0.78339,0.54501,0.25641
0.80669,0.52032,0.25641
0.82999,0.49127,0.25641
0.85328,0.45701,0.25641
0.87658,0.41627,0.25641
0.89988,0.36687,0.25641
0.92318,0.30467,0.25641
0.94647,0.219,0.25641
0.96977,0.0,0.25641
0.04441,0.0,0.28205
0.06867,0.08035,0.28205
0.09293,0.16139,0.28205
0.11719,0.24163,0.28205
0.14145,0.31964,0.28205
0.16571,0.39394,0.28205
0.18997,0.46307,0.28205
0.21422,0.52557,0.28205
0.23848,0.57998,0.28205
0.26274,0.62486,0.28205
0.287,0.6587,0.28205
0.31126,0.68009,0.28205
0.33552,0.68755,0.28205
0.35942,0.68755,0.28205
0.38333,0.68755,0.28205
0.40724,0.68755,0.28205
0.43114,0.68755,0.28205
0.45505,0.68755,0.28205
0.47896,0.68755,0.28205
0.50287,0.68755,0.28205
0.52677,0.68755,0.28205
0.55068,0.68755,0.28205
0.57459,0.68755,0.28205
0.59849,0.68755,0.28205
0.62203,0.6862,0.28205
0.64556,0.68215,0.28205
0.66909,0.67535,0.28205
0.69262,0.66571,0.28205
0.71615,0.65311,0.28205
0.73968,0.63738,0.28205
0.76321,0.61825,0.28205
0.78674,0.59543,0.28205
0.81027,0.56846,0.28205
0.83381,0.53672,0.28205
0.85734,0.49928,0.28205
0.88087,0.45477,0.28205
0.9044,0.40082,0.28205
0.92793,0.33286,0.28205
0.95146,0.23925,0.28205
0.97499,0.0,0.28205
0.04052,0.0,0.30769
0.06525,0.07939,0.30769
0.08997,0.1619,0.30769
0.11469,0.2456,0.30769
0.13941,0.3286,0.30769
0.16413,0.40897,0.30769
0.18886,0.48483,0.30769
0.21358,0.55424,0.30769
0.2383,0.61531,0.30769
0.26302,0.66614,0.30769
0.28774,0.70481,0.30769
0.31247,0.72941,0.30769
0.33719,0.73803,0.30769
0.36107,0.73803,0.30769
0.38494,0.73803,0.30769
0.40882,0.73803,0.30769
0.4327,0.73803,0.30769
0.45658,0.73803,0.30769
0.48046,0.73803,0.30769
0.50434,0.73803,0.30769
0.52822,0.73803,0.30769
0.55209,0.73803,0.30769
0.57597,0.73803,0.30769
0.59985,0.73803,0.30769
0.62361,0.73659,0.30769
0.64737,0.73225,0.30769
0.67113,0.72494,0.30769
0.69488,0.71459,0.30769
0.71864,0.70107,0.30769
0.7424,0.68418,0.30769
0.76616,0.66365,0.30769
0.78992,0.63915,0.30769
0.81367,0.6102,0.30769
0.83743,0.57613,0.30769
0.86119,0.53595,0.30769
0.88495,0.48816,0.30769
0.90871,0.43024,0.30769
0.93247,0.3573,0.30769
0.95622,0.25683,0.30769
0.97998,0.0,0.30769
0.03679,0.0,0.33333
0.06195,0.0784,0.33333
0.0871,0.16196,0.33333
0.11226,0.2484,0.33333
0.13742,0.33545,0.33333
0.16258,0.42081,0.33333
0.18773,0.5022,0.33333
0.21289,0.57734,0.33333
0.23805,0.64393,0.33333
0.2632,0.69971,0.33333
0.28836,0.74237,0.33333
0.31352,0.76964,0.33333
0.33868,0.77924,0.33333
0.36253,0.77924,0.33333
0.38639,0.77924,0.33333
0.41024,0.77924,0.33333
0.4341,0.77924,0.33333
0.45795,0.77924,0.33333
0.48181,0.77924,0.33333
0.50566,0.77924,0.33333
0.52952,0.77924,0.33333
0.55337,0.77924,0.33333
0.57723,0.77924,0.33333
0.60108,0.77924,0.33333
0.62506,0.77772,0.33333
0.64905,0.77313,0.33333
0.67302,0.76543,0.33333
0.69701,0.7545,0.33333
0.72099,0.74022,0.33333
0.74497,0.72238,0.33333
0.76895,0.70071,0.33333
0.79293,0.67484,0.33333
0.81691,0.64428,0.33333
0.84089,0.60829,0.33333
0.86487,0.56588,0.33333
0.88885,0.51542,0.33333
0.91283,0.45427,0.33333
0.93681,0.37725,0.33333
0.96079,0.27116,0.33333
0.98477,0.0,0.33333
0.0332,0.0,0.35898
0.05876,0.07743,0.35898
0.08433,0.16183,0.35898
0.10989,0.25056,0.35898
0.13546,0.34102,0.35898
0.16102,0.43061,0.35898
0.18659,0.51672,0.35898
0.21215,0.59674,0.35898
0.23772,0.66806,0.35898
0.26328,0.72807,0.35898
0.28885,0.77416,0.35898
0.31441,0.80373,0.35898
0.33998,0.81417,0.35898
0.36382,0.81417,0.35898
0.38766,0.81417,0.35898
0.41149,0.81417,0.35898
0.43533,0.81417,0.35898
0.45917,0.81417,0.35898
0.48301,0.81417,0.35898
0.50684,0.81417,0.35898
0.53068,0.81417,0.35898
0.55452,0.81417,0.35898
0.57836,0.81417,0.35898
0.60219,0.81417,0.35898
0.62639,0.81258,0.35898
0.65059,0.80778,0.35898
0.67479,0.79972,0.35898
0.69899,0.78831,0.35898
0.72319,0.7734,0.35898
0.74739,0.75475,0.35898
0.77158,0.73212,0.35898
0.79578,0.70509,0.35898
0.81998,0.67315,0.35898
0.84418,0.63556,0.35898
0.86838,0.59123,0.35898
0.89258,0.53853,0.35898
0.91678,0.47462,0.35898
0.94097,0.39416,0.35898
0.96517,0.28332,0.35898
0.98937,0.0,0.35898
0.02973,0.0,0.38462
0.05568,0.07657,0.38462
0.08163,0.16165,0.38462
0.10758,0.25234,0.38462
0.13352,0.34577,0.38462
0.15947,0.43903,0.38462
0.18542,0.52923,0.38462
0.21136,0.61348,0.38462
0.23731,0.6889,0.38462
0.26326,0.7526,0.38462
0.28921,0.80167,0.38462
0.31515,0.83324,0.38462
0.3411,0.8444,0.38462
0.36493,0.8444,0.38462
0.38875,0.8444,0.38462
0.41258,0.8444,0.38462
0.4364,0.8444,0.38462
0.46023,0.8444,0.38462
0.48405,0.8444,0.38462
0.50788,0.8444,0.38462
0.53171,0.8444,0.38462
0.55553,0.8444,0.38462
0.57936,0.8444,0.38462
0.60318,0.8444,0.38462
0.6276,0.84275,0.38462
0.65201,0.83778,0.38462
0.67643,0.82943,0.38462
0.70084,0.81758,0.38462
0.72525,0.80211,0.38462
0.74967,0.78278,0.38462
0.77408,0.7593,0.38462
0.7985,0.73127,0.38462
0.82291,0.69815,0.38462
0.84733,0.65916,0.38462
0.87174,0.61319,0.38462
0.89616,0.55852,0.38462
0.92057,0.49226,0.38462
0.94498,0.4088,0.38462
0.9694,0.29384,0.38462
0.99381,0.0,0.38462
0.02638,0.0,0.41026
0.05269,0.07583,0.41026
0.07899,0.16152,0.41026
0.1053,0.25395,0.41026
0.1316,0.34997,0.41026
0.15791,0.44644,0.41026
0.18421,0.54023,0.41026
0.21052,0.6282,0.41026
0.23682,0.7072,0.41026
0.26312,0.77411,0.41026
0.28943,0.8258,0.41026
0.31573,0.85911,0.41026
0.34204,0.8709,0.41026
0.36586,0.8709,0.41026
0.38968,0.8709,0.41026
0.41349,0.8709,0.41026
0.43731,0.8709,0.41026
0.46113,0.8709,0.41026
0.48495,0.8709,0.41026
0.50877,0.8709,0.41026
0.53259,0.8709,0.41026
0.55641,0.8709,0.41026
0.58023,0.8709,0.41026
0.60405,0.8709,0.41026
0.62867,0.8692,0.41026
0.6533,0.86407,0.41026
0.67793,0.85546,0.41026
0.70256,0.84325,0.41026
0.72719,0.82728,0.41026
0.75182,0.80735,0.41026
0.77645,0.78314,0.41026
0.80108,0.75422,0.41026
0.82571,0.72006,0.41026
0.85034,0.67985,0.41026
0.87497,0.63243,0.41026
0.89959,0.57605,0.41026
0.92422,0.50771,0.41026
0.94885,0.42162,0.41026
0.97348,0.30307,0.41026
0.99811,0.0,0.41026
0.02314,0.0,0.4359
0.04773,0.06902,0.4359
0.07231,0.14768,0.4359
0.0969,0.23332,0.4359
0.12149,0.32331,0.4359
0.14608,0.41504,0.4359
0.17067,0.50584,0.4359
0.19526,0.59308,0.4359
0.21985,0.67414,0.4359
0.24444,0.74638,0.4359
0.26903,0.80714,0.4359
0.29361,0.85382,0.4359
0.3182,0.88375,0.4359
0.34279,0.89432,0.4359
0.36899,0.89432,0.4359
0.39519,0.89432,0.4359
0.42139,0.89432,0.4359
0.44759,0.89432,0.4359
0.47379,0.89432,0.4359
0.49999,0.89432,0.4359
0.52619,0.89432,0.4359
0.55239,0.89432,0.4359
0.57859,0.89432,0.4359
0.60479,0.89432,0.4359
0.62949,0.89265,0.4359
0.65419,0.88763,0.4359
0.67889,0.87919,0.4359
0.70359,0.86724,0.4359
0.72829,0.85162,0.4359
0.75299,0.8321,0.4359
0.77769,0.80839,0.4359
0.80239,0.78009,0.4359
0.82709,0.74664,0.4359
0.85179,0.70728,0.4359
0.8765,0.66086,0.4359
0.9012,0.60566,0.4359
0.9259,0.53875,0.4359
0.9506,0.45448,0.4359
0.9753,0.33841,0.4359
1.0,0.04172,0.4359
0.01998,0.0,0.46154
0.04486,0.06861,0.46154
0.06973,0.14771,0.46154
0.09461,0.23454,0.46154
0.11948,0.32629,0.46154
0.14436,0.4202,0.46154
0.16923,0.51346,0.46154
0.19411,0.60333,0.46154
0.21899,0.687,0.46154
0.24386,0.76169,0.46154
0.26874,0.82463,0.46154
0.29361,0.87303,0.46154
0.31849,0.90411,0.46154
0.34336,0.91509,0.46154
0.36957,0.91509,0.46154
0.39577,0.91509,0.46154
0.42197,0.91509,0.46154
0.44818,0.91509,0.46154
0.47438,0.91509,0.46154
0.50059,0.91509,0.46154
0.52679,0.91509,0.46154
0.553,0.91509,0.46154
0.5792,0.91509,0.46154
0.6054,0.91509,0.46154
0.63004,0.91349,0.46154
0.65468,0.90871,0.46154
0.67931,0.90066,0.46154
0.70395,0.88926,0.46154
0.72858,0.87435,0.46154
0.75322,0.85572,0.46154
0.77785,0.83311,0.46154
0.80249,0.8061,0.46154
0.82712,0.7742,0.46154
0.85176,0.73664,0.46154
0.8764,0.69235,0.46154
0.90103,0.63969,0.46154
0.92567,0.57585,0.46154
0.9503,0.49545,0.46154
0.97494,0.38472,0.46154
0.99957,0.10165,0.46154
0.01691,0.0,0.48718
0.04206,0.06839,0.48718
0.0672,0.148,0.48718
0.09234,0.23592,0.48718
0.11748,0.32926,0.48718
0.14262,0.4251,0.48718
0.16776,0.52054,0.48718
0.1929,0.61269,0.48718
0.21804,0.69862,0.48718
0.24319,0.77545,0.48718
0.26833,0.84026,0.48718
0.29347,0.89014,0.48718
0.31861,0.9222,0.48718
0.34375,0.93354,0.48718
0.36997,0.93354,0.48718
0.39618,0.93354,0.48718
0.42239,0.93354,0.48718
0.44861,0.93354,0.48718
0.47482,0.93354,0.48718
0.50104,0.93354,0.48718
0.52725,0.93354,0.48718
0.55347,0.93354,0.48718
0.57968,0.93354,0.48718
0.6059,0.93354,0.48718
0.63048,0.93203,0.48718
0.65505,0.92748,0.48718
0.67963,0.91984,0.48718
0.70421,0.90902,0.48718
0.72879,0.89488,0.48718
0.75337,0.87721,0.48718
0.77795,0.85574,0.48718
0.80252,0.83011,0.48718
0.8271,0.79983,0.48718
0.85168,0.76419,0.48718
0.87626,0.72216,0.48718
0.90084,0.67219,0.48718
0.92541,0.61161,0.48718
0.94999,0.5353,0.48718
0.97457,0.43021,0.48718
0.99915,0.16158,0.48718
0.01393,0.0,0.51282
0.03931,0.06837,0.51282
0.0647,0.14855,0.51282
0.09009,0.23752,0.51282
0.11547,0.33229,0.51282
0.14086,0.42986,0.51282
0.16625,0.52719,0.51282
0.19163,0.62131,0.51282
0.21702,0.70919,0.51282
0.24241,0.78783,0.51282
0.26779,0.85424,0.51282
0.29318,0.9054,0.51282
0.31857,0.93829,0.51282
0.34395,0.94992,0.51282
0.3678,0.94992,0.51282
0.39165,0.94992,0.51282
0.41549,0.94992,0.51282
0.43934,0.94992,0.51282
0.46319,0.94992,0.51282
0.48703,0.94992,0.51282
0.51088,0.94992,0.51282
0.53473,0.94992,0.51282
0.55858,0.94992,0.51282
0.58242,0.94992,0.51282
0.60627,0.94992,0.51282
0.63243,0.94829,0.51282
0.6586,0.94342,0.51282
0.68476,0.9352,0.51282
0.71092,0.92355,0.51282
0.73709,0.90827,0.51282
0.76325,0.88911,0.51282
0.78941,0.86574,0.51282
0.81558,0.83768,0.51282
0.84174,0.80424,0.51282
0.8679,0.76443,0.51282
0.89407,0.71674,0.51282
0.92023,0.65856,0.51282
0.94639,0.58491,0.51282
0.97256,0.48303,0.51282
0.99872,0.22152,0.51282
0.01101,0.0,0.53846
0.03663,0.06857,0.53846
0.06224,0.14941,0.53846
0.08785,0.2394,0.53846
0.11346,0.33548,0.53846
0.13908,0.43455,0.53846
0.16469,0.53352,0.53846
0.1903,0.62932,0.53846
0.21591,0.71885,0.53846
0.24152,0.79903,0.53846
0.26714,0.86675,0.53846
0.29275,0.91896,0.53846
0.31836,0.95254,0.53846
0.34397,0.96442,0.53846
0.36784,0.96442,0.53846
0.39171,0.96442,0.53846
0.41558,0.96442,0.53846
0.43944,0.96442,0.53846
0.46331,0.96442,0.53846
0.48718,0.96442,0.53846
0.51105,0.96442,0.53846
0.53492,0.96442,0.53846
0.55878,0.96442,0.53846
0.58265,0.96442,0.53846
0.60652,0.96442,0.53846
0.63264,0.9629,0.53846
0.65875,0.95832,0.53846
0.68487,0.95062,0.53846
0.71099,0.93969,0.53846
0.73711,0.92537,0.53846
0.76323,0.9074,0.53846
0.78935,0.88549,0.53846
0.81547,0.85918,0.53846
0.84158,0.82783,0.53846
0.8677,0.79051,0.53846
0.89382,0.74578,0.53846
0.91994,0.69123,0.53846
0.94606,0.62218,0.53846
0.97218,0.52664,0.53846
0.9983,0.28145,0.53846
0.00817,0.0,0.5641
0.03399,0.069,0.5641
0.05981,0.15057,0.5641
0.08562,0.24157,0.5641
0.11144,0.33885,0.5641
0.13726,0.43924,0.5641
0.16308,0.53962,0.5641
0.1889,0.63682,0.5641
0.21472,0.72771,0.5641
0.24054,0.80913,0.5641
0.26636,0.87794,0.5641
0.29217,0.93098,0.5641
0.31799,0.96511,0.5641
0.34381,0.97719,0.5641
0.36771,0.97719,0.5641
0.3916,0.97719,0.5641
0.41549,0.97719,0.5641
0.43939,0.97719,0.5641
0.46328,0.97719,0.5641
0.48717,0.97719,0.5641
0.51107,0.97719,0.5641
0.53496,0.97719,0.5641
0.55885,0.97719,0.5641
0.58275,0.97719,0.5641
0.60664,0.97719,0.5641
0.63272,0.97577,0.5641
0.65881,0.97152,0.5641
0.68489,0.96434,0.5641
0.71097,0.95417,0.5641
0.73705,0.94083,0.5641
0.76313,0.92411,0.5641
0.78921,0.90371,0.5641
0.8153,0.87921,0.5641
0.84138,0.85003,0.5641
0.86746,0.81529,0.5641
0.89354,0.77365,0.5641
0.91962,0.72287,0.5641
0.94571,0.65858,0.5641
0.97179,0.56965,0.5641
0.99787,0.34139,0.5641
0.00539,0.0,0.58974
0.03139,0.06968,0.58974
0.0574,0.1521,0.58974
0.0834,0.24409,0.58974
0.10941,0.34246,0.58974
0.13542,0.444,0.58974
0.16142,0.54554,0.58974
0.18743,0.64389,0.58974
0.21343,0.73585,0.58974
0.23944,0.81825,0.58974
0.26545,0.88788,0.58974
0.29145,0.94157,0.58974
0.31746,0.97613,0.58974
0.34347,0.98835,0.58974
0.36739,0.98835,0.58974
0.39132,0.98835,0.58974
0.41524,0.98835,0.58974
0.43917,0.98835,0.58974
0.46309,0.98835,0.58974
0.48702,0.98835,0.58974
0.51094,0.98835,0.58974
0.53487,0.98835,0.58974
0.55879,0.98835,0.58974
0.58272,0.98835,0.58974
0.60664,0.98835,0.58974
0.6327,0.98705,0.58974
0.65875,0.98311,0.58974
0.6848,0.97648,0.58974
0.71086,0.96708,0.58974
0.73691,0.95475,0.58974
0.76296,0.9393,0.58974
0.78902,0.92045,0.58974
0.81507,0.89782,0.58974
0.84112,0.87085,0.58974
0.86718,0.83874,0.58974
0.89323,0.80027,0.58974
0.91928,0.75335,0.58974
0.94534,0.69394,0.58974
0.97139,0.61175,0.58974
0.99744,0.40083,0.58974
0.00267,0.0,0.61538
0.02884,0.07059,0.61538
0.05501,0.154,0.61538
0.08119,0.24698,0.61538
0.10736,0.34634,0.61538
0.13354,0.44886,0.61538
0.15971,0.55135,0.61538
0.18589,0.65059,0.61538
0.21206,0.74337,0.61538
0.23824,0.82648,0.61538
0.26441,0.8967,0.61538
0.29059,0.95083,0.61538
0.31676,0.98567,0.61538
0.34293,0.998,0.61538
0.3669,0.998,0.61538
0.39086,0.998,0.61538
0.41482,0.998,0.61538
0.43879,0.998,0.61538
0.46275,0.998,0.61538
0.48671,0.998,0.61538
0.51067,0.998,0.61538
0.53463,0.998,0.61538
0.5586,0.998,0.61538
0.58256,0.998,0.61538
0.60652,0.998,0.61538
0.63255,0.99674,0.61538
0.65859,0.99294,0.61538
0.68462,0.98657,0.61538
0.71065,0.97753,0.61538
0.73669,0.96568,0.61538
0.76272,0.95082,0.61538
0.78875,0.9327,0.61538
0.81479,0.91093,0.61538
0.84082,0.88499,0.61538
0.86685,0.85411,0.61538
0.89288,0.81712,0.61538
0.91892,0.77199,0.61538
0.94495,0.71486,0.61538
0.97098,0.63583,0.61538
0.99702,0.43299,0.61538
0.0,0.0,0.64102
0.02632,0.07177,0.64102
0.05265,0.15627,0.64102
0.07897,0.25025,0.64102
0.1053,0.35053,0.64102
0.13162,0.45388,0.64102
0.15795,0.5571,0.64102
0.18427,0.65698,0.64102
0.2106,0.7503,0.64102
0.23692,0.83386,0.64102
0.26325,0.90444,0.64102
0.28957,0.95883,0.64102
0.3159,0.99382,0.64102
0.34222,1.0,0.64102
0.36623,1.0,0.64102
0.39023,1.0,0.64102
0.41424,1.0,0.64102
0.43824,1.0,0.64102
0.46225,1.0,0.64102
0.48625,1.0,0.64102
0.51026,1.0,0.64102
0.53426,1.0,0.64102
0.55827,1.0,0.64102
0.58227,1.0,0.64102
0.60628,1.0,0.64102
0.6323,1.0,0.64102
0.65832,1.0,0.64102
0.68434,0.99491,0.64102
0.71036,0.98598,0.64102
0.73638,0.97426,0.64102
0.7624,0.95958,0.64102
0.78842,0.94167,0.64102
0.81444,0.92016,0.64102
0.84046,0.89453,0.64102
0.86649,0.86402,0.64102
0.89251,0.82746,0.64102
0.91853,0.78287,0.64102
0.94455,0.72642,0.64102
0.97057,0.64832,0.64102
0.99659,0.44788,0.64102
0.00203,0.0,0.66667
0.02813,0.07245,0.66667
0.05423,0.15765,0.66667
0.08033,0.25235,0.66667
0.10643,0.35334,0.66667
0.13253,0.4574,0.66667
0.15863,0.56128,0.66667
0.18473,0.66178,0.66667
0.21083,0.75566,0.66667
0.23693,0.83971,0.66667
0.26303,0.91069,0.66667
0.28913,0.96539,0.66667
0.31523,1.0,0.66667
0.34133,1.0,0.66667
0.36538,1.0,0.66667
0.38943,1.0,0.66667
0.41348,1.0,0.66667
0.43754,1.0,0.66667
0.46159,1.0,0.66667
0.48564,1.0,0.66667
0.5097,1.0,0.66667
0.53375,1.0,0.66667
0.5578,1.0,0.66667
0.58186,1.0,0.66667
0.60591,1.0,0.66667
0.63193,1.0,0.66667
0.65794,1.0,0.66667
0.68396,1.0,0.66667
0.70998,0.99276,0.66667
0.73599,0.98101,0.66667
0.76201,0.96631,0.66667
0.78803,0.94835,0.66667
0.81405,0.9268,0.66667
0.84006,0.90112,0.66667
0.86608,0.87056,0.66667
0.8921,0.83392,0.66667
0.91811,0.78923,0.66667
0.94413,0.73267,0.66667
0.97015,0.65442,0.66667
0.99616,0.45357,0.66667
0.00605,0.0,0.69231
0.03176,0.07305,0.69231
0.05747,0.15884,0.69231
0.08317,0.25413,0.69231
0.10888,0.35571,0.69231
0.13459,0.46031,0.69231
0.16029,0.56473,0.69231
0.186,0.66571,0.69231
0.21171,0.76003,0.69231
0.23742,0.84445,0.69231
0.26312,0.91574,0.69231
0.28883,0.97067,0.69231
0.31454,1.0,0.69231
0.34024,1.0,0.69231
0.36435,1.0,0.69231
0.38846,1.0,0.69231
0.41256,1.0,0.69231
0.43667,1.0,0.69231
0.46078,1.0,0.69231
0.48489,1.0,0.69231
0.50899,1.0,0.69231
0.5331,1.0,0.69231
0.55721,1.0,0.69231
0.58131,1.0,0.69231
0.60542,1.0,0.69231
0.63144,1.0,0.69231
0.65746,1.0,0.69231
0.68348,1.0,0.69231
0.7095,0.99798,0.69231
0.73553,0.98608,0.69231
0.76155,0.97117,0.69231
0.78757,0.95299,0.69231
0.81359,0.93115,0.69231
0.83961,0.90513,0.69231
0.86563,0.87415,0.69231
0.89165,0.83703,0.69231
0.91767,0.79176,0.69231
0.94369,0.73445,0.69231
0.96972,0.65516,0.69231
0.99574,0.45167,0.69231
0.0106,0.0,0.71795
0.03586,0.07376,0.71795
0.06112,0.16019,0.71795
0.08638,0.25604,0.71795
0.11164,0.3581,0.71795
0.1369,0.46313,0.71795
0.16216,0.56789,0.71795
0.18742,0.66918,0.71795
0.21268,0.76373,0.71795
0.23794,0.84834,0.71795
0.2632,0.91977,0.71795
0.28846,0.97479,0.71795
0.31372,1.0,0.71795
0.33898,1.0,0.71795
0.36315,1.0,0.71795
0.38731,1.0,0.71795
0.41148,1.0,0.71795
0.43564,1.0,0.71795
0.45981,1.0,0.71795
0.48398,1.0,0.71795
0.50814,1.0,0.71795
0.53231,1.0,0.71795
0.55647,1.0,0.71795
0.58064,1.0,0.71795
0.60481,1.0,0.71795
0.63084,1.0,0.71795
0.65687,1.0,0.71795
0.68291,1.0,0.71795
0.70894,1.0,0.71795
0.73497,0.98968,0.71795
0.76101,0.97451,0.71795
0.78704,0.95599,0.71795
0.81308,0.93376,0.71795
0.83911,0.90726,0.71795
0.86514,0.87573,0.71795
0.89118,0.83794,0.71795
0.91721,0.79184,0.71795
0.94324,0.73349,0.71795
0.96928,0.65277,0.71795
0.99531,0.44558,0.71795
0.01566,0.0,0.74359
0.04042,0.07457,0.74359
0.06518,0.16166,0.74359
0.08994,0.25803,0.74359
0.1147,0.36048,0.74359
0.13946,0.4658,0.74359
0.16422,0.57075,0.74359
0.18898,0.67215,0.74359
0.21374,0.76676,0.74359
0.2385,0.85137,0.74359
0.26326,0.92278,0.74359
0.28802,0.97777,0.74359
0.31277,1.0,0.74359
0.33753,1.0,0.74359
0.36176,1.0,0.74359
0.38599,1.0,0.74359
0.41023,1.0,0.74359
0.43446,1.0,0.74359
0.45869,1.0,0.74359
0.48292,1.0,0.74359
0.50715,1.0,0.74359
0.53138,1.0,0.74359
0.55561,1.0,0.74359
0.57984,1.0,0.74359
0.60407,1.0,0.74359
0.63012,1.0,0.74359
0.65618,1.0,0.74359
0.68223,1.0,0.74359
0.70829,1.0,0.74359
0.73434,0.99209,0.74359
0.76039,0.97668,0.74359
0.78645,0.95788,0.74359
0.8125,0.93529,0.74359
0.83856,0.90838,0.74359
0.86461,0.87636,0.74359
0.89067,0.83798,0.74359
0.91672,0.79116,0.74359
0.94278,0.7319,0.74359
0.96883,0.64992,0.74359
0.99488,0.4395,0.74359
0.02126,0.0,0.76923
0.04748,0.08236,0.76923
0.0737,0.17881,0.76923
0.09992,0.28532,0.76923
0.12614,0.39782,0.76923
0.15236,0.51226,0.76923
0.17858,0.62458,0.76923
0.2048,0.73074,0.76923
0.23102,0.82669,0.76923
0.25724,0.90837,0.76923
0.28346,0.97173,0.76923
0.30968,1.0,0.76923
0.3359,1.0,0.76923
0.3602,1.0,0.76923
0.3845,1.0,0.76923
0.4088,1.0,0.76923
0.43311,1.0,0.76923
0.45741,1.0,0.76923
0.48171,1.0,0.76923
0.50601,1.0,0.76923
0.53031,1.0,0.76923
0.55461,1.0,0.76923
0.57891,1.0,0.76923
0.60321,1.0,0.76923
0.62766,1.0,0.76923
0.65211,1.0,0.76923
0.67657,1.0,0.76923
0.70102,1.0,0.76923
0.72547,0.99754,0.76923
0.74993,0.98394,0.76923
0.77438,0.96743,0.76923
0.79883,0.94771,0.76923
0.82329,0.92442,0.76923
0.84774,0.897,0.76923
0.87219,0.86467,0.76923
0.89665,0.82622,0.76923
0.9211,0.77962,0.76923
0.94555,0.72091,0.76923
0.97001,0.64007,0.76923
0.99446,0.43341,0.76923
0.02738,0.0,0.79488
0.05294,0.08336,0.79488
0.0785,0.18048,0.79488
0.10406,0.28737,0.79488
0.12962,0.40002,0.79488
0.15518,0.51442,0.79488
0.18074,0.62657,0.79488
0.20629,0.73244,0.79488
0.23185,0.82806,0.79488
0.25741,0.90941,0.79488
0.28297,0.97246,0.79488
0.30853,1.0,0.79488
0.33409,1.0,0.79488
0.35847,1.0,0.79488
0.38284,1.0,0.79488
0.40722,1.0,0.79488
0.43159,1.0,0.79488
0.45597,1.0,0.79488
0.48035,1.0,0.79488
0.50472,1.0,0.79488
0.5291,1.0,0.79488
0.55347,1.0,0.79488
0.57785,1.0,0.79488
0.60222,1.0,0.79488
0.62671,1.0,0.79488
0.6512,1.0,0.79488
0.67569,1.0,0.79488
0.70018,1.0,0.79488
0.72466,0.99765,0.79488
0.74915,0.9839,0.79488
0.77364,0.9672,0.79488
0.79813,0.94728,0.79488
0.82262,0.92372,0.79488
0.8471,0.896,0.79488
0.87159,0.86332,0.79488
0.89608,0.82444,0.79488
0.92057,0.77733,0.79488
0.94506,0.71799,0.79488
0.96954,0.63625,0.79488
0.99403,0.42732,0.79488
0.03403,0.0,0.82052
0.05887,0.08436,0.82052
0.08371,0.18212,0.82052
0.10855,0.28931,0.82052
0.13338,0.40199,0.82052
0.15822,0.5162,0.82052
0.18306,0.62799,0.82052
0.2079,0.73343,0.82052
0.23274,0.82855,0.82052
0.25758,0.90941,0.82052
0.28241,0.97206,0.82052
0.30725,1.0,0.82052
0.33209,1.0,0.82052
0.35655,1.0,0.82052
0.38101,1.0,0.82052
0.40546,1.0,0.82052
0.42992,1.0,0.82052
0.45438,1.0,0.82052
0.47883,1.0,0.82052
0.50329,1.0,0.82052
0.52775,1.0,0.82052
0.5522,1.0,0.82052
0.57666,1.0,0.82052
0.60112,1.0,0.82052
0.62565,1.0,0.82052
0.65018,1.0,0.82052
0.67471,1.0,0.82052
0.69924,1.0,0.82052
0.72377,0.99658,0.82052
0.7483,0.98271,0.82052
0.77283,0.96588,0.82052
0.79736,0.94577,0.82052
0.82189,0.922,0.82052
0.84642,0.89404,0.82052
0.87095,0.86107,0.82052
0.89548,0.82186,0.82052
0.92001,0.77432,0.82052
0.94454,0.71446,0.82052
0.96908,0.632,0.82052
0.99361,0.42123,0.82052
0.0412,0.0,0.84615
0.06526,0.08535,0.84615
0.08932,0.18366,0.84615
0.11338,0.29104,0.84615
0.13744,0.40361,0.84615
0.1615,0.51749,0.84615
0.18556,0.6288,0.84615
0.20962,0.73363,0.84615
0.23368,0.82812,0.84615
0.25773,0.90836,0.84615
0.28179,0.97051,0.84615
0.30585,1.0,0.84615
0.32991,1.0,0.84615
0.35445,1.0,0.84615
0.379,1.0,0.84615
0.40354,1.0,0.84615
0.42809,1.0,0.84615
0.45263,1.0,0.84615
0.47717,1.0,0.84615
0.50171,1.0,0.84615
0.52626,1.0,0.84615
0.5508,1.0,0.84615
0.57534,1.0,0.84615
0.59989,1.0,0.84615
0.62447,1.0,0.84615
0.64905,1.0,0.84615
0.67363,1.0,0.84615
0.69821,1.0,0.84615
0.72279,0.99433,0.84615
0.74737,0.98037,0.84615
0.77195,0.96342,0.84615
0.79653,0.94318,0.84615
0.82111,0.91926,0.84615
0.8457,0.89112,0.84615
0.87028,0.85792,0.84615
0.89486,0.81844,0.84615
0.91944,0.77059,0.84615
0.94402,0.71033,0.84615
0.9686,0.62732,0.84615
0.99318,0.41514,0.84615
0.0489,0.0,0.87179
0.07423,0.09477,0.87179
0.09957,0.20401,0.87179
0.1249,0.32278,0.87179
0.15023,0.44612,0.87179
0.17556,0.56908,0.87179
0.20089,0.68671,0.87179
0.22622,0.79405,0.87179
0.25155,0.88616,0.87179
0.27689,0.95809,0.87179
0.30222,1.0,0.87179
0.32755,1.0,0.87179
0.35013,1.0,0.87179
0.37271,1.0,0.87179
0.39529,1.0,0.87179
0.41788,1.0,0.87179
0.44046,1.0,0.87179
0.46304,1.0,0.87179
0.48562,1.0,0.87179
0.50821,1.0,0.87179
0.53079,1.0,0.87179
0.55337,1.0,0.87179
0.57595,1.0,0.87179
0.59854,1.0,0.87179
0.62317,1.0,0.87179
0.64781,1.0,0.87179
0.67245,1.0,0.87179
0.69709,1.0,0.87179
0.72173,0.9909,0.87179
0.74637,0.97687,0.87179
0.77101,0.95984,0.87179
0.79564,0.93951,0.87179
0.82028,0.91548,0.87179
0.84492,0.8872,0.87179
0.86956,0.85386,0.87179
0.8942,0.81419,0.87179
0.91884,0.76613,0.87179
0.94348,0.70559,0.87179
0.96811,0.6222,0.87179
0.99275,0.40905,0.87179
0.05713,0.0,0.89743
0.08148,0.0956,0.89743
0.10583,0.20513,0.89743
0.13018,0.32374,0.89743
0.15454,0.44657,0.89743
0.17889,0.56879,0.89743
0.20324,0.68551,0.89743
0.22759,0.7919,0.89743
0.25194,0.8831,0.89743
0.2763,0.95425,0.89743
0.30065,1.0,0.89743
0.325,1.0,0.89743
0.34767,1.0,0.89743
0.37034,1.0,0.89743
0.39301,1.0,0.89743
0.41569,1.0,0.89743
0.43836,1.0,0.89743
0.46103,1.0,0.89743
0.4837,1.0,0.89743
0.50637,1.0,0.89743
0.52904,1.0,0.89743
0.55172,1.0,0.89743
0.57439,1.0,0.89743
0.59706,1.0,0.89743
0.62176,1.0,0.89743
0.64647,1.0,0.89743
0.67117,1.0,0.89743
0.69588,0.9975,0.89743
0.72058,0.98624,0.89743
0.74528,0.97219,0.89743
0.76999,0.95512,0.89743
0.79469,0.93473,0.89743
0.8194,0.91064,0.89743
0.8441,0.88229,0.89743
0.86881,0.84886,0.89743
0.89351,0.80911,0.89743
0.91821,0.76092,0.89743
0.94292,0.70024,0.89743
0.96762,0.61664,0.89743
0.99233,0.40297,0.89743
0.06588,0.0,0.92307
0.08919,0.09624,0.92307
0.1125,0.20587,0.92307
0.1358,0.32415,0.92307
0.15911,0.44633,0.92307
0.18242,0.56764,0.92307
0.20573,0.68333,0.92307
0.22904,0.78866,0.92307
0.25235,0.87885,0.92307
0.27565,0.94916,0.92307
0.29896,0.99484,0.92307
0.32227,1.0,0.92307
0.3471,1.0,0.92307
0.37194,1.0,0.92307
0.39678,1.0,0.92307
0.42161,1.0,0.92307
0.44645,1.0,0.92307
0.47128,1.0,0.92307
0.49612,1.0,0.92307
0.52095,1.0,0.92307
0.54579,1.0,0.92307
0.57062,1.0,0.92307
0.59546,1.0,0.92307
0.61878,1.0,0.92307
0.6421,1.0,0.92307
0.66542,1.0,0.92307
0.68874,0.99388,0.92307
0.71206,0.98395,0.92307
0.73538,0.97159,0.92307
0.7587,0.95663,0.92307
0.78202,0.93885,0.92307
0.80534,0.91798,0.92307
0.82866,0.89361,0.92307
0.85198,0.8652,0.92307
0.8753,0.83196,0.92307
0.89862,0.79268,0.92307
0.92194,0.74532,0.92307
0.94526,0.68594,0.92307
0.96858,0.60444,0.92307
0.9919,0.39687,0.92307
0.07516,0.0,0.94872
0.09958,0.10706,0.94872
0.124,0.22916,0.94872
0.14842,0.36012,0.94872
0.17284,0.49372,0.94872
0.19726,0.62378,0.94872
0.22168,0.74409,0.94872
0.2461,0.84845,0.94872
0.27051,0.93067,0.94872
0.29493,0.98456,0.94872
0.31935,1.0,0.94872
0.34222,1.0,0.94872
0.36508,1.0,0.94872
0.38795,1.0,0.94872
0.41082,1.0,0.94872
0.43368,1.0,0.94872
0.45655,1.0,0.94872
0.47941,1.0,0.94872
0.50228,1.0,0.94872
0.52514,1.0,0.94872
0.54801,1.0,0.94872
0.57087,1.0,0.94872
0.59374,1.0,0.94872
0.61713,1.0,0.94872
0.64053,0.99964,0.94872
0.66393,0.99427,0.94872
0.68732,0.98668,0.94872
0.71072,0.97678,0.94872
0.73412,0.96443,0.94872
0.75751,0.9495,0.94872
0.78091,0.93176,0.94872
0.8043,0.91093,0.94872
0.8277,0.88659,0.94872
0.8511,0.85824,0.94872
0.87449,0.82507,0.94872
0.89789,0.78586,0.94872
0.92129,0.73858,0.94872
0.94468,0.67931,0.94872
0.96808,0.59797,0.94872
0.99147,0.39079,0.94872
0.08496,0.0,0.97436
0.10809,0.10709,0.97436
0.13122,0.2287,0.97436
0.15435,0.35875,0.97436
0.17748,0.49117,0.97436
0.20061,0.61989,0.97436
0.22374,0.73883,0.97436
0.24687,0.84191,0.97436
0.27,0.92306,0.97436
0.29313,0.97621,0.97436
0.31626,0.99527,0.97436
0.33923,0.99527,0.97436
0.3622,0.99527,0.97436
0.38517,0.99527,0.97436
0.40813,0.99527,0.97436
0.4311,0.99527,0.97436
0.45407,0.99527,0.97436
0.47704,0.99527,0.97436
0.50001,0.99527,0.97436
0.52298,0.99527,0.97436
0.54595,0.99527,0.97436
0.56892,0.99527,0.97436
0.59189,0.99527,0.97436
0.61537,0.99421,0.97436
0.63885,0.99103,0.97436
0.66233,0.98569,0.97436
0.68581,0.97812,0.97436
0.70929,0.96827,0.97436
0.73277,0.95598,0.97436
0.75625,0.94111,0.97436
0.77973,0.92344,0.97436
0.80321,0.90268,0.97436
0.82669,0.87846,0.97436
0.85017,0.85022,0.97436
0.87365,0.81719,0.97436
0.89713,0.77814,0.97436
0.92061,0.73106,0.97436
0.94409,0.67203,0.97436
0.96757,0.59102,0.97436
0.99105,0.3847,0.97436
0.09529,0.0,1.0
0.11948,0.11952,1.0
0.14367,0.25561,1.0
0.16785,0.40009,1.0
0.19204,0.54479,1.0
0.21623,0.68151,1.0
0.24041,0.8021,1.0
0.2646,0.89836,1.0
0.28879,0.96211,1.0
0.31297,0.98519,1.0
0.33428,0.98519,1.0
0.35558,0.98519,1.0
0.37689,0.98519,1.0
0.39819,0.98519,1.0
0.41949,0.98519,1.0
0.4408,0.98519,1.0
0.4621,0.98519,1.0
0.4834,0.98519,1.0
0.50471,0.98519,1.0
0.52601,0.98519,1.0
0.54732,0.98519,1.0
0.56862,0.98519,1.0
0.58992,0.98519,1.0
0.61349,0.98414,1.0
0.63706,0.98097,1.0
0.66064,0.97567,1.0
0.68421,0.96816,1.0
0.70778,0.95836,1.0
0.73135,0.94615,1.0
0.75492,0.93138,1.0
0.77849,0.91383,1.0
0.80206,0.89321,1.0
0.82563,0.86914,1.0
0.8492,0.84109,1.0
0.87277,0.80827,1.0
0.89634,0.76947,1.0
0.91991,0.7227,1.0
0.94348,0.66406,1.0
0.96705,0.58359,1.0
0.99062,0.37861,1.0
