0.39009,0.0,0.0
0.40365,0.0,0.0
0.41721,0.0,0.0
0.43077,0.0,0.0
0.44433,0.0,0.0
0.45789,0.0,0.0
0.47145,0.0,0.0
0.485,0.0,0.0
0.49856,0.0,0.0
0.51212,0.0,0.0
0.52568,0.0,0.0
0.53924,0.0,0.0
0.5528,0.0,0.0
0.56636,0.0,0.0
0.57992,0.0,0.0
0.59348,0.0,0.0
0.60704,0.0,0.0
0.6206,0.0,0.0
0.63416,0.0,0.0
0.64772,0.0,0.0
0.66128,0.0,0.0
0.67484,0.0,0.0
0.6884,0.0,0.0
0.70196,0.0,0.0
0.71552,0.0,0.0
0.72908,0.0,0.0
0.74264,0.0,0.0
0.7562,0.0,0.0
0.76976,0.0,0.0
0.78332,0.0,0.0
0.79688,0.0,0.0
0.81044,0.0,0.0
0.824,0.0,0.0
0.83756,0.0,0.0
0.85112,0.0,0.0
0.86468,0.0,0.0
0.87823,0.0,0.0
0.8918,0.0,0.0
0.90535,0.0,0.0
0.91891,0.0,0.0
0.29195,0.0,0.02564
0.30844,0.10637,0.02564
0.32493,0.17708,0.02564
0.34142,0.21754,0.02564
0.35792,0.2331,0.02564
0.37441,0.22913,0.02564
0.3909,0.21103,0.02564
0.40739,0.18416,0.02564
0.42389,0.15391,0.02564
0.44038,0.12564,0.02564
0.45687,0.10473,0.02564
0.47336,0.09658,0.02564
0.48939,0.09658,0.02564
0.50541,0.09658,0.02564
0.52144,0.09658,0.02564
0.53746,0.09658,0.02564
0.55348,0.09658,0.02564
0.56951,0.09658,0.02564
0.58553,0.09658,0.02564
0.60156,0.09658,0.02564
0.61758,0.09658,0.02564
0.63361,0.09658,0.02564
0.64963,0.09658,0.02564
0.66566,0.09658,0.02564
0.68168,0.09658,0.02564
0.69771,0.09658,0.02564
0.71373,0.09658,0.02564
0.72975,0.09658,0.02564
0.7469,0.09624,0.02564
0.76405,0.09522,0.02564
0.78119,0.09351,0.02564
0.79834,0.09105,0.02564
0.81548,0.08779,0.02564
0.83263,0.08364,0.02564
0.84977,0.07844,0.02564
0.86692,0.07198,0.02564
0.88407,0.06388,0.02564
0.90121,0.05339,0.02564
0.91836,0.03859,0.02564
0.9355,0.0,0.02564
0.25129,0.0,0.05128
0.26955,0.11037,0.05128
0.2878,0.19038,0.05128
0.30606,0.24397,0.05128
0.32431,0.27512,0.05128
0.34257,0.28778,0.05128
0.36082,0.2859,0.05128
0.37907,0.27346,0.05128
0.39733,0.2544,0.05128
0.41558,0.23268,0.05128
0.43384,0.21227,0.05128
0.45209,0.19712,0.05128
0.47035,0.19119,0.05128
0.48762,0.19119,0.05128
0.50489,0.19119,0.05128
0.52216,0.19119,0.05128
0.53944,0.19119,0.05128
0.55671,0.19119,0.05128
0.57398,0.19119,0.05128
0.59125,0.19119,0.05128
0.60853,0.19119,0.05128
0.6258,0.19119,0.05128
0.64307,0.19119,0.05128
0.66034,0.19119,0.05128
0.67761,0.19119,0.05128
0.69489,0.19119,0.05128
0.71216,0.19119,0.05128
0.72943,0.19119,0.05128
0.74718,0.19053,0.05128
0.76492,0.18852,0.05128
0.78267,0.18512,0.05128
0.80041,0.18026,0.05128
0.81816,0.1738,0.05128
0.8359,0.16558,0.05128
0.85365,0.15529,0.05128
0.87139,0.1425,0.05128
0.88914,0.12646,0.05128
0.90689,0.10569,0.05128
0.92463,0.07641,0.05128
0.94238,0.0,0.05128
0.2201,0.0,0.07692
0.23913,0.10761,0.07692
0.25815,0.19097,0.07692
0.27717,0.2528,0.07692
0.2962,0.29581,0.07692
0.31522,0.32275,0.07692
0.33425,0.33632,0.07692
0.35327,0.33925,0.07692
0.3723,0.33427,0.07692
0.39132,0.32408,0.07692
0.41034,0.31142,0.07692
0.42937,0.299,0.07692
0.44839,0.28956,0.07692
0.46742,0.28581,0.07692
0.48611,0.28581,0.07692
0.5048,0.28581,0.07692
0.52349,0.28581,0.07692
0.54218,0.28581,0.07692
0.56087,0.28581,0.07692
0.57957,0.28581,0.07692
0.59826,0.28581,0.07692
0.61695,0.28581,0.07692
0.63564,0.28581,0.07692
0.65433,0.28581,0.07692
0.67302,0.28581,0.07692
0.69171,0.28581,0.07692
0.71041,0.28581,0.07692
0.7291,0.28581,0.07692
0.74731,0.28482,0.07692
0.76552,0.28181,0.07692
0.78374,0.27674,0.07692
0.80195,0.26946,0.07692
0.82016,0.25982,0.07692
0.83837,0.24751,0.07692
0.85659,0.23214,0.07692
0.8748,0.21303,0.07692
0.89301,0.18904,0.07692
0.91122,0.15799,0.07692
0.92944,0.11422,0.07692
0.94765,0.0,0.07692
0.1938,0.0,0.10256
0.21315,0.10226,0.10256
0.23249,0.1859,0.10256
0.25183,0.25267,0.10256
0.27117,0.30435,0.10256
0.29051,0.3427,0.10256
0.30985,0.3695,0.10256
0.32919,0.38652,0.10256
0.34853,0.39552,0.10256
0.36787,0.39828,0.10256
0.38721,0.39658,0.10256
0.40655,0.39217,0.10256
0.42589,0.38683,0.10256
0.44523,0.38232,0.10256
0.46457,0.38042,0.10256
0.48344,0.38042,0.10256
0.50231,0.38042,0.10256
0.52118,0.38042,0.10256
0.54005,0.38042,0.10256
0.55892,0.38042,0.10256
0.57779,0.38042,0.10256
0.59666,0.38042,0.10256
0.61553,0.38042,0.10256
0.6344,0.38042,0.10256
0.65327,0.38042,0.10256
0.67214,0.38042,0.10256
0.69101,0.38042,0.10256
0.70988,0.38042,0.10256
0.72875,0.38042,0.10256
0.74906,0.37885,0.10256
0.76936,0.37408,0.10256
0.78966,0.366,0.10256
0.80997,0.35438,0.10256
0.83027,0.33886,0.10256
0.85057,0.31885,0.10256
0.87088,0.29346,0.10256
0.89118,0.2611,0.10256
0.91149,0.21873,0.10256
0.93179,0.15848,0.10256
0.95209,0.0,0.10256
0.17064,0.0,0.12821
0.19143,0.10226,0.12821
0.21223,0.18878,0.12821
0.23303,0.26087,0.12821
0.25383,0.31983,0.12821
0.27463,0.36697,0.12821
0.29543,0.40359,0.12821
0.31622,0.43101,0.12821
0.33702,0.45054,0.12821
0.35782,0.46348,0.12821
0.37862,0.47113,0.12821
0.39942,0.4748,0.12821
0.42022,0.4758,0.12821
0.44102,0.47546,0.12821
0.46181,0.47505,0.12821
0.48086,0.47505,0.12821
0.4999,0.47505,0.12821
0.51894,0.47505,0.12821
0.53798,0.47505,0.12821
0.55702,0.47505,0.12821
0.57606,0.47505,0.12821
0.59511,0.47505,0.12821
0.61415,0.47505,0.12821
0.63319,0.47505,0.12821
0.65223,0.47505,0.12821
0.67127,0.47505,0.12821
0.69032,0.47505,0.12821
0.70936,0.47505,0.12821
0.7284,0.47505,0.12821
0.74909,0.47307,0.12821
0.76978,0.46713,0.12821
0.79047,0.45704,0.12821
0.81117,0.44252,0.12821
0.83186,0.42313,0.12821
0.85255,0.39815,0.12821
0.87324,0.36644,0.12821
0.89393,0.32605,0.12821
0.91463,0.27313,0.12821
0.93532,0.19791,0.12821
0.95601,0.0,0.12821
0.14969,0.0,0.15385
0.17032,0.09501,0.15385
0.19095,0.17901,0.15385
0.21158,0.25266,0.15385
0.23221,0.31661,0.15385
0.25284,0.37155,0.15385
0.27347,0.41811,0.15385
0.2941,0.45696,0.15385
0.31473,0.48877,0.15385
0.33536,0.5142,0.15385
0.35599,0.5339,0.15385
0.37662,0.54854,0.15385
0.39725,0.55877,0.15385
0.41788,0.56527,0.15385
0.43851,0.56867,0.15385
0.45914,0.56966,0.15385
0.47982,0.56966,0.15385
0.50051,0.56966,0.15385
0.52119,0.56966,0.15385
0.54188,0.56966,0.15385
0.56256,0.56966,0.15385
0.58325,0.56966,0.15385
0.60393,0.56966,0.15385
0.62461,0.56966,0.15385
0.6453,0.56966,0.15385
0.66598,0.56966,0.15385
0.68667,0.56966,0.15385
0.70735,0.56966,0.15385
0.72803,0.56966,0.15385
0.74908,0.5673,0.15385
0.77013,0.56017,0.15385
0.79117,0.54807,0.15385
0.81222,0.53067,0.15385
0.83327,0.50741,0.15385
0.85432,0.47746,0.15385
0.87536,0.43943,0.15385
0.89641,0.39099,0.15385
0.91746,0.32753,0.15385
0.9385,0.23732,0.15385
0.95955,0.0,0.15385
0.13043,0.0,0.17949
0.15217,0.09347,0.17949
0.17391,0.17864,0.17949
0.19565,0.25579,0.17949
0.2174,0.32518,0.17949
0.23914,0.38709,0.17949
0.26088,0.4418,0.17949
0.28262,0.48959,0.17949
0.30436,0.53072,0.17949
0.3261,0.56548,0.17949
0.34785,0.59413,0.17949
0.36959,0.61696,0.17949
0.39133,0.63423,0.17949
0.41307,0.64624,0.17949
0.43481,0.65323,0.17949
0.45655,0.6555,0.17949
0.47741,0.6555,0.17949
0.49826,0.6555,0.17949
0.51912,0.6555,0.17949
0.53997,0.6555,0.17949
0.56082,0.6555,0.17949
0.58168,0.6555,0.17949
0.60253,0.6555,0.17949
0.62339,0.6555,0.17949
0.64424,0.6555,0.17949
0.6651,0.6555,0.17949
0.68595,0.6555,0.17949
0.70681,0.6555,0.17949
0.72766,0.6555,0.17949
0.74904,0.65279,0.17949
0.77041,0.64457,0.17949
0.79179,0.63065,0.17949
0.81317,0.61063,0.17949
0.83454,0.58387,0.17949
0.85592,0.54941,0.17949
0.8773,0.50564,0.17949
0.89867,0.4499,0.17949
0.92005,0.37689,0.17949
0.94143,0.27308,0.17949
0.96281,0.0,0.17949
0.1125,0.0,0.20513
0.13385,0.08569,0.20513
0.1552,0.16577,0.20513
0.17654,0.24023,0.20513
0.19789,0.3091,0.20513
0.21924,0.37239,0.20513
0.24058,0.4301,0.20513
0.26193,0.48226,0.20513
0.28328,0.52887,0.20513
0.30462,0.56995,0.20513
0.32597,0.60551,0.20513
0.34732,0.63557,0.20513
0.36866,0.66012,0.20513
0.39001,0.67921,0.20513
0.41136,0.69282,0.20513
0.4327,0.70098,0.20513
0.45405,0.7037,0.20513
0.47682,0.7037,0.20513
0.49959,0.7037,0.20513
0.52236,0.7037,0.20513
0.54512,0.7037,0.20513
0.56789,0.7037,0.20513
0.59066,0.7037,0.20513
0.61343,0.7037,0.20513
0.6362,0.7037,0.20513
0.65897,0.7037,0.20513
0.68174,0.7037,0.20513
0.70451,0.7037,0.20513
0.72727,0.7037,0.20513
0.74896,0.70078,0.20513
0.77065,0.69196,0.20513
0.79234,0.67702,0.20513
0.81402,0.65552,0.20513
0.83571,0.6268,0.20513
0.8574,0.58979,0.20513
0.87909,0.54282,0.20513
0.90077,0.48299,0.20513
0.92246,0.4046,0.20513
0.94415,0.29316,0.20513
0.96584,0.0,0.20513
0.09566,0.0,0.23077
0.11791,0.08328,0.23077
0.14016,0.16235,0.23077
0.16241,0.23708,0.23077
0.18466,0.30728,0.23077
0.2069,0.37279,0.23077
0.22915,0.43347,0.23077
0.2514,0.48913,0.23077
0.27365,0.53963,0.23077
0.2959,0.58478,0.23077
0.31814,0.62445,0.23077
0.34039,0.65846,0.23077
0.36264,0.68664,0.23077
0.38489,0.70885,0.23077
0.40714,0.72492,0.23077
0.42938,0.73468,0.23077
0.45163,0.73796,0.23077
0.47457,0.73796,0.23077
0.49751,0.73796,0.23077
0.52044,0.73796,0.23077
0.54338,0.73796,0.23077
0.56632,0.73796,0.23077
0.58926,0.73796,0.23077
0.61219,0.73796,0.23077
0.63513,0.73796,0.23077
0.65807,0.73796,0.23077
0.681,0.73796,0.23077
0.70394,0.73796,0.23077
0.72688,0.73796,0.23077
0.74886,0.7349,0.23077
0.77084,0.72567,0.23077
0.79283,0.70999,0.23077
0.81481,0.68745,0.23077
0.83679,0.65732,0.23077
0.85877,0.61852,0.23077
0.88075,0.56926,0.23077
0.90274,0.5065,0.23077
0.92472,0.4243,0.23077
0.9467,0.30744,0.23077
0.96868,0.0,0.23077
0.07974,0.0,0.25641
0.10283,0.08082,0.25641
0.12593,0.15872,0.25641
0.14903,0.23337,0.25641
0.17213,0.30447,0.25641
0.19523,0.3717,0.25641
0.21832,0.43474,0.25641
0.24142,0.49328,0.25641
0.26452,0.547,0.25641
0.28762,0.59558,0.25641
0.31071,0.63872,0.25641
0.33381,0.67609,0.25641
0.35691,0.70737,0.25641
0.38001,0.73224,0.25641
0.40311,0.7504,0.25641
0.4262,0.76153,0.25641
0.4493,0.76531,0.25641
0.47062,0.76531,0.25641
0.49194,0.76531,0.25641
0.51326,0.76531,0.25641
0.53459,0.76531,0.25641
0.55591,0.76531,0.25641
0.57723,0.76531,0.25641
0.59855,0.76531,0.25641
0.61987,0.76531,0.25641
0.64119,0.76531,0.25641
0.66251,0.76531,0.25641
0.68383,0.76531,0.25641
0.70515,0.76531,0.25641
0.72647,0.76531,0.25641
0.75096,0.76147,0.25641
0.77545,0.74985,0.25641
0.79994,0.73006,0.25641
0.82443,0.70142,0.25641
0.84892,0.66278,0.25641
0.87341,0.61225,0.25641
0.8979,0.54655,0.25641
0.92239,0.45919,0.25641
0.94689,0.33359,0.25641
0.97138,0.0,0.25641
0.06459,0.0,0.28205
0.08849,0.07844,0.28205
0.1124,0.1551,0.28205
0.1363,0.22954,0.28205
0.16021,0.30129,0.28205
0.18411,0.36992,0.28205
0.20801,0.43496,0.28205
0.23192,0.49596,0.28205
0.25582,0.55246,0.28205
0.27973,0.60401,0.28205
0.30363,0.65016,0.28205
0.32754,0.69045,0.28205
0.35144,0.72443,0.28205
0.37534,0.75165,0.28205
0.39925,0.77166,0.28205
0.42315,0.784,0.28205
0.44706,0.78822,0.28205
0.46852,0.78822,0.28205
0.48998,0.78822,0.28205
0.51144,0.78822,0.28205
0.5329,0.78822,0.28205
0.55436,0.78822,0.28205
0.57582,0.78822,0.28205
0.59729,0.78822,0.28205
0.61875,0.78822,0.28205
0.64021,0.78822,0.28205
0.66167,0.78822,0.28205
0.68313,0.78822,0.28205
0.70459,0.78822,0.28205
0.72605,0.78822,0.28205
0.75084,0.78426,0.28205
0.77563,0.77229,0.28205
0.80042,0.75191,0.28205
0.82521,0.72241,0.28205
0.85,0.68261,0.28205
0.87478,0.63057,0.28205
0.89957,0.5629,0.28205
0.92436,0.47292,0.28205
0.94915,0.34357,0.28205
0.97394,0.0,0.28205
0.05012,0.0,0.30769
0.07334,0.07176,0.30769
0.09656,0.14289,0.30769
0.11978,0.21291,0.30769
0.14301,0.28134,0.30769
0.16623,0.3477,0.30769
0.18945,0.41152,0.30769
0.21267,0.47231,0.30769
0.23589,0.52958,0.30769
0.25912,0.58286,0.30769
0.28234,0.63169,0.30769
0.30556,0.67555,0.30769
0.32878,0.71399,0.30769
0.35201,0.74651,0.30769
0.37523,0.77265,0.30769
0.39845,0.7919,0.30769
0.42167,0.80381,0.30769
0.44489,0.80789,0.30769
0.46829,0.80789,0.30769
0.49168,0.80789,0.30769
0.51508,0.80789,0.30769
0.53847,0.80789,0.30769
0.56187,0.80789,0.30769
0.58526,0.80789,0.30769
0.60866,0.80789,0.30769
0.63205,0.80789,0.30769
0.65544,0.80789,0.30769
0.67884,0.80789,0.30769
0.70223,0.80789,0.30769
0.72563,0.80789,0.30769
0.7507,0.80384,0.30769
0.77578,0.79156,0.30769
0.80085,0.77067,0.30769
0.82593,0.74044,0.30769
0.85101,0.69965,0.30769
0.87608,0.64631,0.30769
0.90116,0.57695,0.30769
0.92623,0.48473,0.30769
0.95131,0.35215,0.30769
0.97638,0.0,0.30769
0.03623,0.0,0.33333
0.06015,0.06988,0.33333
0.08407,0.13994,0.33333
0.10798,0.20961,0.33333
0.1319,0.27833,0.33333
0.15582,0.34551,0.33333
0.17973,0.41061,0.33333
0.20365,0.47303,0.33333
0.22757,0.53222,0.33333
0.25149,0.5876,0.33333
0.2754,0.63859,0.33333
0.29932,0.68463,0.33333
0.32324,0.72517,0.33333
0.34715,0.7596,0.33333
0.37107,0.78738,0.33333
0.39499,0.80793,0.33333
0.4189,0.82067,0.33333
0.44282,0.82505,0.33333
0.46635,0.82505,0.33333
0.48988,0.82505,0.33333
0.51341,0.82505,0.33333
0.53694,0.82505,0.33333
0.56047,0.82505,0.33333
0.58401,0.82505,0.33333
0.60754,0.82505,0.33333
0.63107,0.82505,0.33333
0.6546,0.82505,0.33333
0.67813,0.82505,0.33333
0.70166,0.82505,0.33333
0.72519,0.82505,0.33333
0.75054,0.82092,0.33333
0.7759,0.80839,0.33333
0.80125,0.78705,0.33333
0.82661,0.75617,0.33333
0.85196,0.71452,0.33333
0.87731,0.66004,0.33333
0.90267,0.58921,0.33333
0.92802,0.49503,0.33333
0.95338,0.35963,0.33333
0.97873,0.0,0.33333
0.02288,0.0,0.35897
0.04746,0.06828,0.35897
0.07205,0.13745,0.35897
0.09663,0.20686,0.35897
0.12122,0.27584,0.35897
0.1458,0.34377,0.35897
0.17039,0.40998,0.35897
0.19498,0.47384,0.35897
0.21956,0.5347,0.35897
0.24415,0.5919,0.35897
0.26873,0.64479,0.35897
0.29332,0.69273,0.35897
0.3179,0.73508,0.35897
0.34249,0.77119,0.35897
0.36707,0.80039,0.35897
0.39166,0.82206,0.35897
0.41624,0.83553,0.35897
0.44083,0.84016,0.35897
0.46449,0.84016,0.35897
0.48815,0.84016,0.35897
0.51181,0.84016,0.35897
0.53547,0.84016,0.35897
0.55913,0.84016,0.35897
0.58279,0.84016,0.35897
0.60645,0.84016,0.35897
0.63011,0.84016,0.35897
0.65377,0.84016,0.35897
0.67742,0.84016,0.35897
0.70108,0.84016,0.35897
0.72474,0.84016,0.35897
0.75037,0.83595,0.35897
0.77599,0.82319,0.35897
0.80162,0.80147,0.35897
0.82724,0.77003,0.35897
0.85286,0.7276,0.35897
0.87849,0.67213,0.35897
0.90411,0.6,0.35897
0.92974,0.5041,0.35897
0.95536,0.36622,0.35897
0.98099,0.0,0.35897
0.00999,0.0,0.38462
0.03522,0.06704,0.38462
0.06045,0.13554,0.38462
0.08568,0.20478,0.38462
0.11091,0.27406,0.38462
0.13615,0.34267,0.38462
0.16138,0.40989,0.38462
0.18661,0.475,0.38462
0.21184,0.53729,0.38462
0.23707,0.59606,0.38462
0.2623,0.65058,0.38462
0.28754,0.70015,0.38462
0.31277,0.74404,0.38462
0.338,0.78156,0.38462
0.36323,0.81198,0.38462
0.38846,0.83459,0.38462
0.41369,0.84868,0.38462
0.43893,0.85353,0.38462
0.46271,0.85353,0.38462
0.48649,0.85353,0.38462
0.51027,0.85353,0.38462
0.53405,0.85353,0.38462
0.55783,0.85353,0.38462
0.58161,0.85353,0.38462
0.60539,0.85353,0.38462
0.62917,0.85353,0.38462
0.65295,0.85353,0.38462
0.67673,0.85353,0.38462
0.70051,0.85353,0.38462
0.72429,0.85353,0.38462
0.75017,0.84926,0.38462
0.77606,0.83629,0.38462
0.80195,0.81422,0.38462
0.82784,0.78228,0.38462
0.85373,0.73919,0.38462
0.87961,0.68283,0.38462
0.9055,0.60954,0.38462
0.93139,0.51212,0.38462
0.95728,0.37204,0.38462
0.98317,0.0,0.38462
0.0,0.0,0.41026
0.02571,0.06585,0.41026
0.05142,0.13369,0.41026
0.07714,0.20276,0.41026
0.10285,0.27228,0.41026
0.12856,0.34148,0.41026
0.15427,0.40958,0.41026
0.17999,0.4758,0.41026
0.2057,0.5394,0.41026
0.23141,0.59958,0.41026
0.25712,0.65557,0.41026
0.28283,0.7066,0.41026
0.30855,0.75191,0.41026
0.33426,0.7907,0.41026
0.35997,0.82222,0.41026
0.38568,0.84569,0.41026
0.4114,0.86034,0.41026
0.43711,0.8654,0.41026
0.461,0.8654,0.41026
0.48489,0.8654,0.41026
0.50878,0.8654,0.41026
0.53268,0.8654,0.41026
0.55657,0.8654,0.41026
0.58046,0.8654,0.41026
0.60435,0.8654,0.41026
0.62825,0.8654,0.41026
0.65214,0.8654,0.41026
0.67603,0.8654,0.41026
0.69992,0.8654,0.41026
0.72382,0.8654,0.41026
0.74996,0.86106,0.41026
0.77611,0.84791,0.41026
0.80225,0.82554,0.41026
0.8284,0.79315,0.41026
0.85454,0.74946,0.41026
0.88069,0.69232,0.41026
0.90684,0.61802,0.41026
0.93298,0.51924,0.41026
0.95913,0.37722,0.41026
0.98527,0.0,0.41026
0.00146,0.0,0.4359
0.02698,0.06372,0.4359
0.05251,0.13017,0.4359
0.07803,0.19849,0.4359
0.10356,0.26784,0.4359
0.12908,0.33738,0.4359
0.15461,0.40623,0.4359
0.18013,0.47357,0.4359
0.20565,0.53853,0.4359
0.23118,0.60026,0.4359
0.2567,0.65792,0.4359
0.28223,0.71065,0.4359
0.30775,0.7576,0.4359
0.33328,0.79792,0.4359
0.3588,0.83077,0.4359
0.38433,0.85528,0.4359
0.40985,0.87062,0.4359
0.43537,0.87591,0.4359
0.45937,0.87591,0.4359
0.48337,0.87591,0.4359
0.50737,0.87591,0.4359
0.53136,0.87591,0.4359
0.55536,0.87591,0.4359
0.57936,0.87591,0.4359
0.60335,0.87591,0.4359
0.62735,0.87591,0.4359
0.65135,0.87591,0.4359
0.67534,0.87591,0.4359
0.69934,0.87591,0.4359
0.72334,0.87591,0.4359
0.74974,0.87152,0.4359
0.77613,0.85822,0.4359
0.80253,0.83557,0.4359
0.82893,0.80278,0.4359
0.85533,0.75856,0.4359
0.88172,0.70073,0.4359
0.90812,0.62552,0.4359
0.93452,0.52555,0.4359
0.96092,0.3818,0.4359
0.98731,0.0,0.4359
0.003,0.0,0.46154
0.02833,0.06217,0.46154
0.05367,0.12763,0.46154
0.07901,0.19549,0.46154
0.10435,0.26481,0.46154
0.12968,0.3347,0.46154
0.15502,0.40424,0.46154
0.18036,0.47251,0.46154
0.20569,0.53862,0.46154
0.23103,0.60163,0.46154
0.25637,0.66065,0.46154
0.2817,0.71475,0.46154
0.30704,0.76304,0.46154
0.33238,0.80459,0.46154
0.35772,0.8385,0.46154
0.38305,0.86385,0.46154
0.40839,0.87972,0.46154
0.43373,0.88521,0.46154
0.45782,0.88521,0.46154
0.48191,0.88521,0.46154
0.50601,0.88521,0.46154
0.5301,0.88521,0.46154
0.55419,0.88521,0.46154
0.57829,0.88521,0.46154
0.60238,0.88521,0.46154
0.62648,0.88521,0.46154
0.65057,0.88521,0.46154
0.67466,0.88521,0.46154
0.69876,0.88521,0.46154
0.72285,0.88521,0.46154
0.74949,0.88078,0.46154
0.77614,0.86733,0.46154
0.80278,0.84444,0.46154
0.82943,0.81131,0.46154
0.85607,0.76661,0.46154
0.88272,0.70817,0.46154
0.90936,0.63217,0.46154
0.93601,0.53113,0.46154
0.96265,0.38586,0.46154
0.9893,0.0,0.46154
0.00461,0.0,0.48718
0.02976,0.06118,0.48718
0.05491,0.12608,0.48718
0.08006,0.19372,0.48718
0.10521,0.26315,0.48718
0.13037,0.33342,0.48718
0.15552,0.40357,0.48718
0.18067,0.47263,0.48718
0.20582,0.53966,0.48718
0.23097,0.6037,0.48718
0.25612,0.66378,0.48718
0.28127,0.71896,0.48718
0.30642,0.76828,0.48718
0.33156,0.81077,0.48718
0.35671,0.84549,0.48718
0.38186,0.87147,0.48718
0.40701,0.88776,0.48718
0.43216,0.89341,0.48718
0.45635,0.89341,0.48718
0.48053,0.89341,0.48718
0.50471,0.89341,0.48718
0.52889,0.89341,0.48718
0.55308,0.89341,0.48718
0.57726,0.89341,0.48718
0.60144,0.89341,0.48718
0.62562,0.89341,0.48718
0.6498,0.89341,0.48718
0.67399,0.89341,0.48718
0.69817,0.89341,0.48718
0.72235,0.89341,0.48718
0.74924,0.88893,0.48718
0.77613,0.87535,0.48718
0.80301,0.85225,0.48718
0.8299,0.81882,0.48718
0.85679,0.77371,0.48718
0.88368,0.71473,0.48718
0.91056,0.63802,0.48718
0.93745,0.53604,0.48718
0.96434,0.38943,0.48718
0.99123,0.0,0.48718
0.00631,0.0,0.51282
0.03128,0.06076,0.51282
0.05624,0.12548,0.51282
0.0812,0.19317,0.51282
0.10617,0.26284,0.51282
0.13113,0.33351,0.51282
0.15609,0.40419,0.51282
0.18106,0.47391,0.51282
0.20602,0.54166,0.51282
0.23098,0.60647,0.51282
0.25595,0.66734,0.51282
0.28091,0.7233,0.51282
0.30587,0.77336,0.51282
0.33083,0.81652,0.51282
0.3558,0.8518,0.51282
0.38076,0.87824,0.51282
0.40572,0.89482,0.51282
0.43069,0.90056,0.51282
0.45495,0.90056,0.51282
0.47921,0.90056,0.51282
0.50348,0.90056,0.51282
0.52774,0.90056,0.51282
0.552,0.90056,0.51282
0.57626,0.90056,0.51282
0.60053,0.90056,0.51282
0.62479,0.90056,0.51282
0.64905,0.90056,0.51282
0.67331,0.90056,0.51282
0.69758,0.90056,0.51282
0.72184,0.90056,0.51282
0.74894,0.89611,0.51282
0.77604,0.88263,0.51282
0.80313,0.85971,0.51282
0.83023,0.82651,0.51282
0.85733,0.78173,0.51282
0.88443,0.72316,0.51282
0.91152,0.647,0.51282
0.93862,0.54576,0.51282
0.96572,0.4002,0.51282
0.99282,0.01357,0.51282
0.00809,0.0,0.53846
0.03287,0.06088,0.53846
0.05764,0.12581,0.53846
0.08242,0.1938,0.53846
0.1072,0.26384,0.53846
0.13197,0.33495,0.53846
0.15675,0.40611,0.53846
0.18153,0.47634,0.53846
0.2063,0.54462,0.53846
0.23108,0.60996,0.53846
0.25586,0.67135,0.53846
0.28063,0.7278,0.53846
0.30541,0.77831,0.53846
0.33019,0.82188,0.53846
0.35497,0.85751,0.53846
0.37974,0.8842,0.53846
0.40452,0.90094,0.53846
0.4293,0.90674,0.53846
0.45584,0.90674,0.53846
0.48239,0.90674,0.53846
0.50894,0.90674,0.53846
0.53549,0.90674,0.53846
0.56203,0.90674,0.53846
0.58858,0.90674,0.53846
0.61513,0.90674,0.53846
0.64168,0.90674,0.53846
0.66822,0.90674,0.53846
0.69477,0.90674,0.53846
0.72132,0.90674,0.53846
0.74604,0.90326,0.53846
0.77075,0.89273,0.53846
0.79547,0.87487,0.53846
0.82018,0.84919,0.53846
0.8449,0.81487,0.53846
0.86962,0.77065,0.53846
0.89433,0.71453,0.53846
0.91905,0.64302,0.53846
0.94376,0.54937,0.53846
0.96848,0.41622,0.53846
0.99319,0.06593,0.53846
0.00995,0.0,0.5641
0.03454,0.06152,0.5641
0.05913,0.12705,0.5641
0.08372,0.1956,0.5641
0.10831,0.26616,0.5641
0.1329,0.33773,0.5641
0.15749,0.40932,0.5641
0.18208,0.47993,0.5641
0.20667,0.54855,0.5641
0.23126,0.61419,0.5641
0.25585,0.67585,0.5641
0.28045,0.73253,0.5641
0.30504,0.78323,0.5641
0.32963,0.82695,0.5641
0.35422,0.8627,0.5641
0.37881,0.88947,0.5641
0.4034,0.90626,0.5641
0.42799,0.91208,0.5641
0.45461,0.91208,0.5641
0.48123,0.91208,0.5641
0.50784,0.91208,0.5641
0.53446,0.91208,0.5641
0.56108,0.91208,0.5641
0.5877,0.91208,0.5641
0.61432,0.91208,0.5641
0.64094,0.91208,0.5641
0.66755,0.91208,0.5641
0.69417,0.91208,0.5641
0.72079,0.91208,0.5641
0.74559,0.9088,0.5641
0.77039,0.89885,0.5641
0.79519,0.88199,0.5641
0.81998,0.85774,0.5641
0.84478,0.82534,0.5641
0.86958,0.78361,0.5641
0.89438,0.73061,0.5641
0.91918,0.66312,0.5641
0.94398,0.5747,0.5641
0.96877,0.44899,0.5641
0.99357,0.11831,0.5641
0.01188,0.0,0.58974
0.03781,0.06676,0.58974
0.06374,0.13777,0.58974
0.08967,0.21186,0.58974
0.1156,0.28784,0.58974
0.14153,0.36453,0.58974
0.16747,0.44077,0.58974
0.1934,0.51534,0.58974
0.21933,0.58709,0.58974
0.24526,0.65482,0.58974
0.27119,0.71735,0.58974
0.29712,0.77351,0.58974
0.32305,0.8221,0.58974
0.34898,0.86196,0.58974
0.37491,0.89189,0.58974
0.40084,0.91072,0.58974
0.42677,0.91725,0.58974
0.45123,0.91725,0.58974
0.47568,0.91725,0.58974
0.50014,0.91725,0.58974
0.5246,0.91725,0.58974
0.54905,0.91725,0.58974
0.57351,0.91725,0.58974
0.59797,0.91725,0.58974
0.62242,0.91725,0.58974
0.64688,0.91725,0.58974
0.67134,0.91725,0.58974
0.69579,0.91725,0.58974
0.72025,0.91725,0.58974
0.74513,0.91417,0.58974
0.77001,0.90481,0.58974
0.79489,0.88896,0.58974
0.81978,0.86615,0.58974
0.84466,0.83567,0.58974
0.86954,0.79642,0.58974
0.89442,0.74658,0.58974
0.9193,0.68309,0.58974
0.94419,0.59993,0.58974
0.96907,0.4817,0.58974
0.99395,0.17069,0.58974
0.0139,0.0,0.61538
0.03963,0.06855,0.61538
0.06536,0.14102,0.61538
0.0911,0.21625,0.61538
0.11683,0.2931,0.61538
0.14257,0.37042,0.61538
0.1683,0.44704,0.61538
0.19403,0.52183,0.61538
0.21977,0.59364,0.61538
0.2455,0.6613,0.61538
0.27123,0.72367,0.61538
0.29697,0.77961,0.61538
0.3227,0.82796,0.61538
0.34843,0.86756,0.61538
0.37417,0.89727,0.61538
0.3999,0.91594,0.61538
0.42564,0.92242,0.61538
0.45014,0.92242,0.61538
0.47465,0.92242,0.61538
0.49915,0.92242,0.61538
0.52366,0.92242,0.61538
0.54816,0.92242,0.61538
0.57267,0.92242,0.61538
0.59717,0.92242,0.61538
0.62168,0.92242,0.61538
0.64618,0.92242,0.61538
0.67069,0.92242,0.61538
0.69519,0.92242,0.61538
0.7197,0.92242,0.61538
0.74466,0.91952,0.61538
0.76963,0.91077,0.61538
0.7946,0.89591,0.61538
0.81956,0.87455,0.61538
0.84453,0.846,0.61538
0.8695,0.80923,0.61538
0.89446,0.76255,0.61538
0.91943,0.70306,0.61538
0.9444,0.62517,0.61538
0.96936,0.51441,0.61538
0.99433,0.22306,0.61538
0.01599,0.0,0.64103
0.04153,0.0709,0.64103
0.06707,0.14523,0.64103
0.0926,0.22189,0.64103
0.11814,0.29978,0.64103
0.14368,0.37778,0.64103
0.16921,0.45478,0.64103
0.19475,0.5297,0.64103
0.22029,0.60143,0.64103
0.24583,0.66886,0.64103
0.27136,0.73087,0.64103
0.2969,0.78638,0.64103
0.32244,0.83427,0.64103
0.34797,0.87344,0.64103
0.37351,0.9028,0.64103
0.39905,0.92121,0.64103
0.42459,0.92759,0.64103
0.44913,0.92759,0.64103
0.47368,0.92759,0.64103
0.49822,0.92759,0.64103
0.52277,0.92759,0.64103
0.54732,0.92759,0.64103
0.57186,0.92759,0.64103
0.59641,0.92759,0.64103
0.62095,0.92759,0.64103
0.6455,0.92759,0.64103
0.67004,0.92759,0.64103
0.69459,0.92759,0.64103
0.71914,0.92759,0.64103
0.74419,0.9248,0.64103
0.76924,0.91632,0.64103
0.79429,0.90193,0.64103
0.81934,0.88126,0.64103
0.8444,0.85364,0.64103
0.86945,0.81805,0.64103
0.8945,0.77286,0.64103
0.91955,0.7153,0.64103
0.9446,0.63991,0.64103
0.96966,0.53272,0.64103
0.99471,0.25075,0.64103
0.01817,0.0,0.66667
0.04351,0.0738,0.66667
0.06885,0.1504,0.66667
0.09419,0.22877,0.66667
0.11953,0.30785,0.66667
0.14487,0.38661,0.66667
0.17021,0.46399,0.66667
0.19555,0.53897,0.66667
0.22089,0.61048,0.66667
0.24624,0.67749,0.66667
0.27158,0.73895,0.66667
0.29692,0.79383,0.66667
0.32226,0.84106,0.66667
0.3476,0.87961,0.66667
0.37294,0.90845,0.66667
0.39828,0.92652,0.66667
0.42362,0.93277,0.66667
0.4482,0.93277,0.66667
0.47278,0.93277,0.66667
0.49736,0.93277,0.66667
0.52194,0.93277,0.66667
0.54651,0.93277,0.66667
0.57109,0.93277,0.66667
0.59567,0.93277,0.66667
0.62025,0.93277,0.66667
0.64483,0.93277,0.66667
0.66941,0.93277,0.66667
0.69399,0.93277,0.66667
0.71856,0.93277,0.66667
0.7437,0.93,0.66667
0.76884,0.92163,0.66667
0.79398,0.90742,0.66667
0.81912,0.887,0.66667
0.84426,0.85971,0.66667
0.86939,0.82456,0.66667
0.89453,0.77994,0.66667
0.91967,0.72309,0.66667
0.94481,0.64862,0.66667
0.96995,0.54276,0.66667
0.99509,0.26425,0.66667
0.02042,0.0,0.69231
0.04557,0.07725,0.69231
0.07071,0.15654,0.69231
0.09586,0.23689,0.69231
0.121,0.31735,0.69231
0.14615,0.39693,0.69231
0.17129,0.47468,0.69231
0.19644,0.54962,0.69231
0.22158,0.62078,0.69231
0.24673,0.6872,0.69231
0.27187,0.74791,0.69231
0.29702,0.80194,0.69231
0.32216,0.84832,0.69231
0.34731,0.88608,0.69231
0.37245,0.91424,0.69231
0.3976,0.93186,0.69231
0.42274,0.93794,0.69231
0.44735,0.93794,0.69231
0.47195,0.93794,0.69231
0.49655,0.93794,0.69231
0.52116,0.93794,0.69231
0.54576,0.93794,0.69231
0.57036,0.93794,0.69231
0.59497,0.93794,0.69231
0.61957,0.93794,0.69231
0.64417,0.93794,0.69231
0.66878,0.93794,0.69231
0.69338,0.93794,0.69231
0.71798,0.93794,0.69231
0.74321,0.93521,0.69231
0.76843,0.92693,0.69231
0.79366,0.91291,0.69231
0.81888,0.89274,0.69231
0.84411,0.86578,0.69231
0.86934,0.83107,0.69231
0.89456,0.78699,0.69231
0.91979,0.73085,0.69231
0.94501,0.6573,0.69231
0.97024,0.55274,0.69231
0.99546,0.27766,0.69231
0.02275,0.0,0.71795
0.0477,0.08126,0.71795
0.07265,0.16364,0.71795
0.0976,0.24627,0.71795
0.12255,0.32827,0.71795
0.1475,0.40876,0.71795
0.17245,0.48686,0.71795
0.1974,0.56168,0.71795
0.22235,0.63236,0.71795
0.2473,0.69802,0.71795
0.27225,0.75778,0.71795
0.2972,0.81074,0.71795
0.32215,0.85606,0.71795
0.3471,0.89283,0.71795
0.37205,0.92018,0.71795
0.397,0.93724,0.71795
0.42195,0.94311,0.71795
0.44657,0.94311,0.71795
0.47119,0.94311,0.71795
0.49581,0.94311,0.71795
0.52043,0.94311,0.71795
0.54505,0.94311,0.71795
0.56967,0.94311,0.71795
0.59429,0.94311,0.71795
0.61891,0.94311,0.71795
0.64353,0.94311,0.71795
0.66815,0.94311,0.71795
0.69277,0.94311,0.71795
0.71739,0.94311,0.71795
0.7427,0.94041,0.71795
0.76802,0.93224,0.71795
0.79333,0.91839,0.71795
0.81864,0.89847,0.71795
0.84396,0.87186,0.71795
0.86927,0.83757,0.71795
0.89459,0.79405,0.71795
0.9199,0.7386,0.71795
0.94521,0.66597,0.71795
0.97053,0.56271,0.71795
0.99584,0.29107,0.71795
0.02517,0.0,0.74359
0.04992,0.08584,0.74359
0.07468,0.17175,0.74359
0.09943,0.25694,0.74359
0.12419,0.34066,0.74359
0.14894,0.42212,0.74359
0.1737,0.50056,0.74359
0.19845,0.57519,0.74359
0.22321,0.64525,0.74359
0.24796,0.70996,0.74359
0.27271,0.76855,0.74359
0.29747,0.82024,0.74359
0.32222,0.86428,0.74359
0.34698,0.89987,0.74359
0.37173,0.92625,0.74359
0.39649,0.94265,0.74359
0.42124,0.94828,0.74359
0.44587,0.94828,0.74359
0.4705,0.94828,0.74359
0.49513,0.94828,0.74359
0.51976,0.94828,0.74359
0.54439,0.94828,0.74359
0.56901,0.94828,0.74359
0.59364,0.94828,0.74359
0.61827,0.94828,0.74359
0.6429,0.94828,0.74359
0.66753,0.94828,0.74359
0.69216,0.94828,0.74359
0.71679,0.94828,0.74359
0.74219,0.94561,0.74359
0.76759,0.93755,0.74359
0.793,0.92388,0.74359
0.8184,0.90421,0.74359
0.8438,0.87793,0.74359
0.8692,0.84408,0.74359
0.89461,0.8011,0.74359
0.92001,0.74635,0.74359
0.94541,0.67464,0.74359
0.97082,0.57268,0.74359
0.99622,0.30448,0.74359
0.02766,0.0,0.76923
0.05222,0.09101,0.76923
0.07678,0.18089,0.76923
0.10134,0.26895,0.76923
0.1259,0.35457,0.76923
0.15046,0.43708,0.76923
0.17502,0.51584,0.76923
0.19958,0.59019,0.76923
0.22414,0.65948,0.76923
0.2487,0.72306,0.76923
0.27326,0.78027,0.76923
0.29782,0.83047,0.76923
0.32238,0.87301,0.76923
0.34694,0.90723,0.76923
0.3715,0.93248,0.76923
0.39606,0.9481,0.76923
0.42062,0.95346,0.76923
0.44525,0.95346,0.76923
0.46988,0.95346,0.76923
0.49451,0.95346,0.76923
0.51914,0.95346,0.76923
0.54377,0.95346,0.76923
0.5684,0.95346,0.76923
0.59303,0.95346,0.76923
0.61766,0.95346,0.76923
0.64229,0.95346,0.76923
0.66691,0.95346,0.76923
0.69154,0.95346,0.76923
0.71617,0.95346,0.76923
0.74167,0.95082,0.76923
0.76716,0.94286,0.76923
0.79265,0.92936,0.76923
0.81815,0.90995,0.76923
0.84364,0.884,0.76923
0.86913,0.85058,0.76923
0.89463,0.80816,0.76923
0.92012,0.75411,0.76923
0.94561,0.68331,0.76923
0.9711,0.58266,0.76923
0.9966,0.31788,0.76923
0.03023,0.0,0.79487
0.0546,0.09681,0.79487
0.07896,0.1911,0.79487
0.10333,0.28236,0.79487
0.1277,0.37006,0.79487
0.15206,0.4537,0.79487
0.17643,0.53276,0.79487
0.20079,0.60674,0.79487
0.22516,0.67511,0.79487
0.24952,0.73736,0.79487
0.27389,0.79298,0.79487
0.29826,0.84145,0.79487
0.32262,0.88227,0.79487
0.34699,0.9149,0.79487
0.37135,0.93885,0.79487
0.39572,0.9536,0.79487
0.42008,0.95863,0.79487
0.44471,0.95863,0.79487
0.46933,0.95863,0.79487
0.49395,0.95863,0.79487
0.51857,0.95863,0.79487
0.54319,0.95863,0.79487
0.56782,0.95863,0.79487
0.59244,0.95863,0.79487
0.61706,0.95863,0.79487
0.64168,0.95863,0.79487
0.66631,0.95863,0.79487
0.69093,0.95863,0.79487
0.71555,0.95863,0.79487
0.74113,0.95603,0.79487
0.76672,0.94817,0.79487
0.7923,0.93484,0.79487
0.81789,0.91568,0.79487
0.84347,0.89008,0.79487
0.86905,0.85709,0.79487
0.89464,0.81521,0.79487
0.92022,0.76186,0.79487
0.94581,0.69198,0.79487
0.97139,0.59264,0.79487
0.99698,0.33129,0.79487
0.03288,0.0,0.82051
0.05706,0.10326,0.82051
0.08123,0.20245,0.82051
0.1054,0.29723,0.82051
0.12957,0.38723,0.82051
0.15374,0.47208,0.82051
0.17792,0.55145,0.82051
0.20209,0.62495,0.82051
0.22626,0.69225,0.82051
0.25043,0.75296,0.82051
0.2746,0.80674,0.82051
0.29877,0.85323,0.82051
0.32295,0.89209,0.82051
0.34712,0.92292,0.82051
0.37129,0.94539,0.82051
0.39546,0.95914,0.82051
0.41963,0.9638,0.82051
0.44424,0.9638,0.82051
0.46885,0.9638,0.82051
0.49345,0.9638,0.82051
0.51806,0.9638,0.82051
0.54267,0.9638,0.82051
0.56727,0.9638,0.82051
0.59188,0.9638,0.82051
0.61649,0.9638,0.82051
0.6411,0.9638,0.82051
0.6657,0.9638,0.82051
0.69031,0.9638,0.82051
0.71492,0.9638,0.82051
0.74059,0.96124,0.82051
0.76627,0.95348,0.82051
0.79194,0.94033,0.82051
0.81762,0.92141,0.82051
0.8433,0.89615,0.82051
0.86897,0.8636,0.82051
0.89465,0.82226,0.82051
0.92033,0.76962,0.82051
0.946,0.70066,0.82051
0.97168,0.60261,0.82051
0.99735,0.3447,0.82051
0.03562,0.0,0.84615
0.06119,0.11757,0.84615
0.08677,0.22855,0.84615
0.11235,0.3327,0.84615
0.13792,0.42982,0.84615
0.1635,0.51965,0.84615
0.18908,0.602,0.84615
0.21465,0.67663,0.84615
0.24023,0.74332,0.84615
0.26581,0.80184,0.84615
0.29138,0.85197,0.84615
0.31696,0.8935,0.84615
0.34254,0.92618,0.84615
0.36811,0.9498,0.84615
0.39369,0.96414,0.84615
0.41927,0.96897,0.84615
0.44196,0.96897,0.84615
0.46465,0.96897,0.84615
0.48735,0.96897,0.84615
0.51004,0.96897,0.84615
0.53273,0.96897,0.84615
0.55542,0.96897,0.84615
0.57812,0.96897,0.84615
0.60081,0.96897,0.84615
0.6235,0.96897,0.84615
0.64619,0.96897,0.84615
0.66889,0.96897,0.84615
0.69158,0.96897,0.84615
0.71427,0.96897,0.84615
0.74004,0.96644,0.84615
0.76581,0.95879,0.84615
0.79158,0.94581,0.84615
0.81735,0.92715,0.84615
0.84312,0.90222,0.84615
0.86889,0.87009,0.84615
0.89466,0.82932,0.84615
0.92042,0.77737,0.84615
0.94619,0.70933,0.84615
0.97196,0.61259,0.84615
0.99773,0.35811,0.84615
0.03843,0.0,0.87179
0.0638,0.12596,0.87179
0.08917,0.24315,0.87179
0.11454,0.35157,0.87179
0.13991,0.45127,0.87179
0.16528,0.54222,0.87179
0.19065,0.62445,0.87179
0.21602,0.69797,0.87179
0.24139,0.7628,0.87179
0.26676,0.81894,0.87179
0.29213,0.86642,0.87179
0.3175,0.90523,0.87179
0.34288,0.9354,0.87179
0.36825,0.95693,0.87179
0.39362,0.96984,0.87179
0.41899,0.97414,0.87179
0.44165,0.97414,0.87179
0.46432,0.97414,0.87179
0.48698,0.97414,0.87179
0.50964,0.97414,0.87179
0.53231,0.97414,0.87179
0.55497,0.97414,0.87179
0.57763,0.97414,0.87179
0.6003,0.97414,0.87179
0.62296,0.97414,0.87179
0.64563,0.97414,0.87179
0.66829,0.97414,0.87179
0.69095,0.97414,0.87179
0.71362,0.97414,0.87179
0.73948,0.97165,0.87179
0.76534,0.9641,0.87179
0.79121,0.9513,0.87179
0.81707,0.93289,0.87179
0.84293,0.90829,0.87179
0.8688,0.8766,0.87179
0.89466,0.83637,0.87179
0.92052,0.78513,0.87179
0.94638,0.718,0.87179
0.97225,0.62257,0.87179
0.99811,0.37152,0.87179
0.04132,0.0,0.89744
0.06648,0.13525,0.89744
0.09165,0.25931,0.89744
0.11681,0.37245,0.89744
0.14198,0.47495,0.89744
0.16714,0.56709,0.89744
0.19231,0.64915,0.89744
0.21747,0.72138,0.89744
0.24264,0.78409,0.89744
0.2678,0.83754,0.89744
0.29297,0.88202,0.89744
0.31813,0.91778,0.89744
0.3433,0.94512,0.89744
0.36846,0.9643,0.89744
0.39363,0.9756,0.89744
0.41879,0.97932,0.89744
0.44142,0.97932,0.89744
0.46405,0.97932,0.89744
0.48668,0.97932,0.89744
0.5093,0.97932,0.89744
0.53193,0.97932,0.89744
0.55456,0.97932,0.89744
0.57719,0.97932,0.89744
0.59981,0.97932,0.89744
0.62244,0.97932,0.89744
0.64507,0.97932,0.89744
0.6677,0.97932,0.89744
0.69032,0.97932,0.89744
0.71295,0.97932,0.89744
0.73891,0.97686,0.89744
0.76487,0.9694,0.89744
0.79083,0.95678,0.89744
0.81678,0.93862,0.89744
0.84274,0.91436,0.89744
0.8687,0.88311,0.89744
0.89466,0.84343,0.89744
0.92061,0.79288,0.89744
0.94657,0.72668,0.89744
0.97253,0.63255,0.89744
0.99849,0.38492,0.89744
0.04429,0.0,0.92308
0.06925,0.14557,0.92308
0.09421,0.27723,0.92308
0.11917,0.39558,0.92308
0.14412,0.50117,0.92308
0.16908,0.59458,0.92308
0.19404,0.67639,0.92308
0.219,0.74715,0.92308
0.24396,0.80744,0.92308
0.26892,0.85784,0.92308
0.29388,0.89892,0.92308
0.31884,0.93125,0.92308
0.3438,0.9554,0.92308
0.36876,0.97194,0.92308
0.39372,0.98145,0.92308
0.41868,0.98449,0.92308
0.44315,0.98449,0.92308
0.46762,0.98449,0.92308
0.49208,0.98449,0.92308
0.51655,0.98449,0.92308
0.54101,0.98449,0.92308
0.56548,0.98449,0.92308
0.58995,0.98449,0.92308
0.61441,0.98449,0.92308
0.63888,0.98449,0.92308
0.66334,0.98449,0.92308
0.68781,0.98449,0.92308
0.71228,0.98449,0.92308
0.73616,0.98245,0.92308
0.76004,0.97629,0.92308
0.78392,0.96588,0.92308
0.80781,0.95096,0.92308
0.83169,0.93119,0.92308
0.85557,0.90596,0.92308
0.87945,0.87442,0.92308
0.90334,0.83522,0.92308
0.92722,0.78604,0.92308
0.9511,0.72234,0.92308
0.97498,0.63259,0.92308
0.99887,0.39833,0.92308
0.04733,0.0,0.94872
0.07209,0.15706,0.94872
0.09684,0.2972,0.94872
0.1216,0.42131,0.94872
0.14635,0.5303,0.94872
0.17111,0.62509,0.94872
0.19586,0.70654,0.94872
0.22062,0.7756,0.94872
0.24537,0.83315,0.94872
0.27013,0.88009,0.94872
0.29488,0.91734,0.94872
0.31964,0.94578,0.94872
0.3444,0.96633,0.94872
0.36915,0.9799,0.94872
0.3939,0.98737,0.94872
0.41866,0.98966,0.94872
0.44307,0.98966,0.94872
0.46748,0.98966,0.94872
0.49189,0.98966,0.94872
0.5163,0.98966,0.94872
0.54071,0.98966,0.94872
0.56513,0.98966,0.94872
0.58954,0.98966,0.94872
0.61395,0.98966,0.94872
0.63836,0.98966,0.94872
0.66277,0.98966,0.94872
0.68718,0.98966,0.94872
0.71159,0.98966,0.94872
0.73556,0.98765,0.94872
0.75953,0.98158,0.94872
0.7835,0.97131,0.94872
0.80747,0.95661,0.94872
0.83145,0.9371,0.94872
0.85542,0.91223,0.94872
0.87939,0.88115,0.94872
0.90336,0.8425,0.94872
0.92733,0.79399,0.94872
0.9513,0.73119,0.94872
0.97527,0.6427,0.94872
0.99924,0.41174,0.94872
0.05046,0.0,0.97436
0.07501,0.16994,0.97436
0.09956,0.31955,0.97436
0.12412,0.45009,0.97436
0.14867,0.56285,0.97436
0.17322,0.65911,0.97436
0.19777,0.74014,0.97436
0.22232,0.80722,0.97436
0.24687,0.86162,0.97436
0.27142,0.90462,0.97436
0.29597,0.93751,0.97436
0.32052,0.96155,0.97436
0.34507,0.97802,0.97436
0.36962,0.98821,0.97436
0.39417,0.99339,0.97436
0.41872,0.99483,0.97436
0.44307,0.99483,0.97436
0.46742,0.99483,0.97436
0.49176,0.99483,0.97436
0.51611,0.99483,0.97436
0.54046,0.99483,0.97436
0.56481,0.99483,0.97436
0.58916,0.99483,0.97436
0.6135,0.99483,0.97436
0.63785,0.99483,0.97436
0.6622,0.99483,0.97436
0.68655,0.99483,0.97436
0.71089,0.99483,0.97436
0.73496,0.99285,0.97436
0.75902,0.98686,0.97436
0.78308,0.97674,0.97436
0.80714,0.96225,0.97436
0.8312,0.94302,0.97436
0.85526,0.9185,0.97436
0.87932,0.88786,0.97436
0.90338,0.84976,0.97436
0.92744,0.80195,0.97436
0.9515,0.74005,0.97436
0.97556,0.65282,0.97436
0.99962,0.42515,0.97436
0.05367,0.0,1.0
0.07802,0.18448,1.0
0.10236,0.34475,1.0
0.12671,0.48253,1.0
0.15106,0.59949,1.0
0.1754,0.69737,1.0
0.19975,0.77784,1.0
0.2241,0.84262,1.0
0.24844,0.8934,1.0
0.27279,0.9319,1.0
0.29714,0.95979,1.0
0.32148,0.97881,1.0
0.34583,0.99063,1.0
0.37018,0.99697,1.0
0.39452,0.99952,1.0
0.41887,1.0,1.0
0.44315,1.0,1.0
0.46742,1.0,1.0
0.4917,1.0,1.0
0.51597,1.0,1.0
0.54025,1.0,1.0
0.56453,1.0,1.0
0.5888,1.0,1.0
0.61308,1.0,1.0
0.63736,1.0,1.0
0.66163,1.0,1.0
0.68591,1.0,1.0
0.71019,1.0,1.0
0.73434,0.99805,1.0
0.75849,0.99215,1.0
0.78264,0.98218,1.0
0.80679,0.96789,1.0
0.83094,0.94894,1.0
0.85509,0.92478,1.0
0.87925,0.89458,1.0
0.9034,0.85703,1.0
0.92755,0.80992,1.0
0.9517,0.7489,1.0
0.97585,0.66294,1.0
1.0,0.43856,1.0
