0.1009,0.0,0.0
0.12122,0.0,0.0
0.14155,0.0,0.0
0.16187,0.0,0.0
0.18219,0.0,0.0
0.20252,0.0,0.0
0.22284,0.0,0.0
0.24316,0.0,0.0
0.26349,0.0,0.0
0.28381,0.0,0.0
0.30414,0.0,0.0
0.32446,0.0,0.0
0.34478,0.0,0.0
0.36511,0.0,0.0
0.38543,0.0,0.0
0.40576,0.0,0.0
0.42608,0.0,0.0
0.4464,0.0,0.0
0.46673,0.0,0.0
0.48705,0.0,0.0
0.50738,0.0,0.0
0.5277,0.0,0.0
0.54802,0.0,0.0
0.56835,0.0,0.0
0.58867,0.0,0.0
0.60899,0.0,0.0
0.62932,0.0,0.0
0.64964,0.0,0.0
0.66997,0.0,0.0
0.69029,0.0,0.0
0.71061,0.0,0.0
0.73094,0.0,0.0
0.75126,0.0,0.0
0.77159,0.0,0.0
0.79191,0.0,0.0
0.81223,0.0,0.0
0.83256,0.0,0.0
0.85288,0.0,0.0
0.8732,0.0,0.0
0.89353,0.0,0.0
0.07851,0.0,0.02564
0.10623,0.04734,0.02564
0.13394,0.05139,0.02564
0.16166,0.04535,0.02564
0.18259,0.04535,0.02564
0.20352,0.04535,0.02564
0.22445,0.04535,0.02564
0.24538,0.04535,0.02564
0.26631,0.04535,0.02564
0.28724,0.04535,0.02564
0.30817,0.04535,0.02564
0.3291,0.04535,0.02564
0.35003,0.04535,0.02564
0.37096,0.04535,0.02564
0.39189,0.04535,0.02564
0.41282,0.04535,0.02564
0.43375,0.04535,0.02564
0.45468,0.04535,0.02564
0.47561,0.04535,0.02564
0.49654,0.04535,0.02564
0.51747,0.04535,0.02564
0.5384,0.04535,0.02564
0.55933,0.04535,0.02564
0.58026,0.04535,0.02564
0.60119,0.04535,0.02564
0.62212,0.04535,0.02564
0.64305,0.04535,0.02564
0.66398,0.04535,0.02564
0.68491,0.04535,0.02564
0.70584,0.04535,0.02564
0.72676,0.04535,0.02564
0.74769,0.04535,0.02564
0.76862,0.04535,0.02564
0.78955,0.04535,0.02564
0.81048,0.04535,0.02564
0.83181,0.04354,0.02564
0.85315,0.03809,0.02564
0.87448,0.02903,0.02564
0.89581,0.01633,0.02564
0.91714,0.0,0.02564
0.06924,0.0,0.05128
0.09216,0.05132,0.05128
0.11507,0.07662,0.05128
0.13799,0.08507,0.05128
0.16091,0.08585,0.05128
0.18265,0.08585,0.05128
0.20439,0.08585,0.05128
0.22613,0.08585,0.05128
0.24787,0.08585,0.05128
0.26962,0.08585,0.05128
0.29136,0.08585,0.05128
0.3131,0.08585,0.05128
0.33484,0.08585,0.05128
0.35658,0.08585,0.05128
0.37832,0.08585,0.05128
0.40006,0.08585,0.05128
0.4218,0.08585,0.05128
0.44355,0.08585,0.05128
0.46529,0.08585,0.05128
0.48703,0.08585,0.05128
0.50877,0.08585,0.05128
0.53051,0.08585,0.05128
0.55225,0.08585,0.05128
0.57399,0.08585,0.05128
0.59573,0.08585,0.05128
0.61748,0.08585,0.05128
0.63922,0.08585,0.05128
0.66096,0.08585,0.05128
0.6827,0.08585,0.05128
0.70444,0.08585,0.05128
0.72618,0.08585,0.05128
0.74792,0.08585,0.05128
0.76966,0.08585,0.05128
0.79141,0.08585,0.05128
0.81315,0.08585,0.05128
0.8359,0.08241,0.05128
0.85866,0.07211,0.05128
0.88141,0.05494,0.05128
0.90416,0.03091,0.05128
0.92692,0.0,0.05128
0.06212,0.0,0.07692
0.08663,0.06107,0.07692
0.11114,0.09991,0.07692
0.13565,0.12038,0.07692
0.16016,0.12635,0.07692
0.18201,0.12635,0.07692
0.20386,0.12635,0.07692
0.2257,0.12635,0.07692
0.24755,0.12635,0.07692
0.2694,0.12635,0.07692
0.29125,0.12635,0.07692
0.31309,0.12635,0.07692
0.33494,0.12635,0.07692
0.35679,0.12635,0.07692
0.37864,0.12635,0.07692
0.40049,0.12635,0.07692
0.42234,0.12635,0.07692
0.44418,0.12635,0.07692
0.46603,0.12635,0.07692
0.48788,0.12635,0.07692
0.50973,0.12635,0.07692
0.53157,0.12635,0.07692
0.55342,0.12635,0.07692
0.57527,0.12635,0.07692
0.59712,0.12635,0.07692
0.61897,0.12635,0.07692
0.64082,0.12635,0.07692
0.66266,0.12635,0.07692
0.68451,0.12635,0.07692
0.70636,0.12635,0.07692
0.72821,0.12635,0.07692
0.75006,0.12635,0.07692
0.7719,0.12635,0.07692
0.79375,0.12635,0.07692
0.8156,0.12635,0.07692
0.83936,0.12129,0.07692
0.86313,0.10613,0.07692
0.88689,0.08086,0.07692
0.91066,0.04549,0.07692
0.93442,0.0,0.07692
0.05612,0.0,0.10257
0.08195,0.07051,0.10257
0.10777,0.12293,0.10257
0.13359,0.15559,0.10257
0.15941,0.16684,0.10257
0.18136,0.16684,0.10257
0.20331,0.16684,0.10257
0.22525,0.16684,0.10257
0.2472,0.16684,0.10257
0.26915,0.16684,0.10257
0.2911,0.16684,0.10257
0.31304,0.16684,0.10257
0.33499,0.16684,0.10257
0.35694,0.16684,0.10257
0.37889,0.16684,0.10257
0.40083,0.16684,0.10257
0.42278,0.16684,0.10257
0.44473,0.16684,0.10257
0.46668,0.16684,0.10257
0.48862,0.16684,0.10257
0.51057,0.16684,0.10257
0.53252,0.16684,0.10257
0.55447,0.16684,0.10257
0.57642,0.16684,0.10257
0.59836,0.16684,0.10257
0.62031,0.16684,0.10257
0.64226,0.16684,0.10257
0.66421,0.16684,0.10257
0.68615,0.16684,0.10257
0.7081,0.16684,0.10257
0.73005,0.16684,0.10257
0.752,0.16684,0.10257
0.77394,0.16684,0.10257
0.79589,0.16684,0.10257
0.81784,0.16684,0.10257
0.84242,0.16017,0.10257
0.867,0.14015,0.10257
0.89158,0.10678,0.10257
0.91617,0.06006,0.10257
0.94075,0.0,0.10257
0.05084,0.0,0.12821
0.0778,0.07981,0.12821
0.10475,0.14581,0.12821
0.13171,0.19075,0.12821
0.15866,0.20734,0.12821
0.1807,0.20734,0.12821
0.20274,0.20734,0.12821
0.22478,0.20734,0.12821
0.24682,0.20734,0.12821
0.26886,0.20734,0.12821
0.2909,0.20734,0.12821
0.31294,0.20734,0.12821
0.33498,0.20734,0.12821
0.35702,0.20734,0.12821
0.37906,0.20734,0.12821
0.4011,0.20734,0.12821
0.42314,0.20734,0.12821
0.44518,0.20734,0.12821
0.46722,0.20734,0.12821
0.48926,0.20734,0.12821
0.5113,0.20734,0.12821
0.53335,0.20734,0.12821
0.55539,0.20734,0.12821
0.57743,0.20734,0.12821
0.59947,0.20734,0.12821
0.62151,0.20734,0.12821
0.64355,0.20734,0.12821
0.66559,0.20734,0.12821
0.68763,0.20734,0.12821
0.70967,0.20734,0.12821
0.73171,0.20734,0.12821
0.75375,0.20734,0.12821
0.77579,0.20734,0.12821
0.79783,0.20734,0.12821
0.81987,0.20734,0.12821
0.84516,0.19904,0.12821
0.87045,0.17416,0.12821
0.89574,0.1327,0.12821
0.92103,0.07464,0.12821
0.94632,0.0,0.12821
0.04606,0.0,0.15385
0.07403,0.08904,0.15385
0.10199,0.16865,0.15385
0.12995,0.22588,0.15385
0.15792,0.24784,0.15385
0.18004,0.24784,0.15385
0.20217,0.24784,0.15385
0.22429,0.24784,0.15385
0.24642,0.24784,0.15385
0.26855,0.24784,0.15385
0.29067,0.24784,0.15385
0.3128,0.24784,0.15385
0.33492,0.24784,0.15385
0.35705,0.24784,0.15385
0.37917,0.24784,0.15385
0.4013,0.24784,0.15385
0.42342,0.24784,0.15385
0.44555,0.24784,0.15385
0.46767,0.24784,0.15385
0.4898,0.24784,0.15385
0.51193,0.24784,0.15385
0.53405,0.24784,0.15385
0.55618,0.24784,0.15385
0.5783,0.24784,0.15385
0.60043,0.24784,0.15385
0.62255,0.24784,0.15385
0.64468,0.24784,0.15385
0.6668,0.24784,0.15385
0.68893,0.24784,0.15385
0.71105,0.24784,0.15385
0.73318,0.24784,0.15385
0.75531,0.24784,0.15385
0.77743,0.24784,0.15385
0.79956,0.24784,0.15385
0.82168,0.24784,0.15385
0.84762,0.23792,0.15385
0.87355,0.20818,0.15385
0.89949,0.15862,0.15385
0.92542,0.08922,0.15385
0.95136,0.0,0.15385
0.04167,0.0,0.17949
0.06477,0.07842,0.17949
0.08787,0.15598,0.17949
0.11097,0.22317,0.17949
0.13407,0.27046,0.17949
0.15718,0.28833,0.17949
0.18014,0.28833,0.17949
0.20311,0.28833,0.17949
0.22608,0.28833,0.17949
0.24905,0.28833,0.17949
0.27202,0.28833,0.17949
0.29499,0.28833,0.17949
0.31796,0.28833,0.17949
0.34093,0.28833,0.17949
0.3639,0.28833,0.17949
0.38687,0.28833,0.17949
0.40984,0.28833,0.17949
0.43281,0.28833,0.17949
0.45578,0.28833,0.17949
0.47875,0.28833,0.17949
0.50172,0.28833,0.17949
0.52468,0.28833,0.17949
0.54765,0.28833,0.17949
0.57062,0.28833,0.17949
0.59359,0.28833,0.17949
0.61656,0.28833,0.17949
0.63953,0.28833,0.17949
0.6625,0.28833,0.17949
0.68547,0.28833,0.17949
0.70844,0.28833,0.17949
0.73141,0.28833,0.17949
0.75438,0.28833,0.17949
0.77735,0.28833,0.17949
0.80032,0.28833,0.17949
0.82329,0.28833,0.17949
0.84983,0.2768,0.17949
0.87637,0.2422,0.17949
0.90291,0.18453,0.17949
0.92945,0.1038,0.17949
0.95599,0.0,0.17949
0.03758,0.0,0.20513
0.06135,0.08529,0.20513
0.08512,0.17323,0.20513
0.10889,0.2514,0.20513
0.13266,0.30741,0.20513
0.15643,0.32883,0.20513
0.17948,0.32883,0.20513
0.20252,0.32883,0.20513
0.22556,0.32883,0.20513
0.24861,0.32883,0.20513
0.27165,0.32883,0.20513
0.29469,0.32883,0.20513
0.31773,0.32883,0.20513
0.34078,0.32883,0.20513
0.36382,0.32883,0.20513
0.38686,0.32883,0.20513
0.40991,0.32883,0.20513
0.43295,0.32883,0.20513
0.45599,0.32883,0.20513
0.47903,0.32883,0.20513
0.50208,0.32883,0.20513
0.52512,0.32883,0.20513
0.54816,0.32883,0.20513
0.57121,0.32883,0.20513
0.59425,0.32883,0.20513
0.61729,0.32883,0.20513
0.64034,0.32883,0.20513
0.66338,0.32883,0.20513
0.68642,0.32883,0.20513
0.70946,0.32883,0.20513
0.73251,0.32883,0.20513
0.75555,0.32883,0.20513
0.77859,0.32883,0.20513
0.80164,0.32883,0.20513
0.82468,0.32883,0.20513
0.8518,0.31567,0.20513
0.87893,0.27622,0.20513
0.90605,0.21045,0.20513
0.93318,0.11838,0.20513
0.96031,0.0,0.20513
0.03374,0.0,0.23076
0.05813,0.09221,0.23076
0.08252,0.19053,0.23076
0.10691,0.27967,0.23076
0.1313,0.34436,0.23076
0.1557,0.36932,0.23076
0.1788,0.36932,0.23076
0.20191,0.36932,0.23076
0.22502,0.36932,0.23076
0.24813,0.36932,0.23076
0.27124,0.36932,0.23076
0.29435,0.36932,0.23076
0.31746,0.36932,0.23076
0.34057,0.36932,0.23076
0.36368,0.36932,0.23076
0.38679,0.36932,0.23076
0.4099,0.36932,0.23076
0.433,0.36932,0.23076
0.45611,0.36932,0.23076
0.47922,0.36932,0.23076
0.50233,0.36932,0.23076
0.52544,0.36932,0.23076
0.54855,0.36932,0.23076
0.57166,0.36932,0.23076
0.59477,0.36932,0.23076
0.61788,0.36932,0.23076
0.64099,0.36932,0.23076
0.66409,0.36932,0.23076
0.6872,0.36932,0.23076
0.71031,0.36932,0.23076
0.73342,0.36932,0.23076
0.75653,0.36932,0.23076
0.77964,0.36932,0.23076
0.80275,0.36932,0.23076
0.82586,0.36932,0.23076
0.85356,0.35455,0.23076
0.88126,0.31023,0.23076
0.90896,0.23637,0.23076
0.93666,0.13296,0.23076
0.96436,0.0,0.23076
0.0301,0.0,0.25642
0.05508,0.09919,0.25642
0.08005,0.2079,0.25642
0.10502,0.30799,0.25642
0.12999,0.38134,0.25642
0.15496,0.40982,0.25642
0.17895,0.40982,0.25642
0.20295,0.40982,0.25642
0.22694,0.40982,0.25642
0.25094,0.40982,0.25642
0.27494,0.40982,0.25642
0.29893,0.40982,0.25642
0.32293,0.40982,0.25642
0.34692,0.40982,0.25642
0.37092,0.40982,0.25642
0.39491,0.40982,0.25642
0.41891,0.40982,0.25642
0.4429,0.40982,0.25642
0.4669,0.40982,0.25642
0.49089,0.40982,0.25642
0.51489,0.40982,0.25642
0.53888,0.40982,0.25642
0.56288,0.40982,0.25642
0.58687,0.40982,0.25642
0.61087,0.40982,0.25642
0.63486,0.40982,0.25642
0.65886,0.40982,0.25642
0.68285,0.40982,0.25642
0.70685,0.40982,0.25642
0.73085,0.40982,0.25642
0.75484,0.40982,0.25642
0.77884,0.40982,0.25642
0.80283,0.40982,0.25642
0.82683,0.40982,0.25642
0.85039,0.39844,0.25642
0.87395,0.36428,0.25642
0.89751,0.30736,0.25642
0.92107,0.22768,0.25642
0.94463,0.12522,0.25642
0.96819,0.0,0.25642
0.02665,0.0,0.28205
0.05216,0.10626,0.28205
0.07768,0.22537,0.28205
0.10319,0.33638,0.28205
0.12871,0.41834,0.28205
0.15422,0.45032,0.28205
0.17827,0.45032,0.28205
0.20232,0.45032,0.28205
0.22637,0.45032,0.28205
0.25042,0.45032,0.28205
0.27447,0.45032,0.28205
0.29851,0.45032,0.28205
0.32256,0.45032,0.28205
0.34661,0.45032,0.28205
0.37066,0.45032,0.28205
0.39471,0.45032,0.28205
0.41876,0.45032,0.28205
0.44281,0.45032,0.28205
0.46685,0.45032,0.28205
0.4909,0.45032,0.28205
0.51495,0.45032,0.28205
0.539,0.45032,0.28205
0.56305,0.45032,0.28205
0.5871,0.45032,0.28205
0.61115,0.45032,0.28205
0.63519,0.45032,0.28205
0.65924,0.45032,0.28205
0.68329,0.45032,0.28205
0.70734,0.45032,0.28205
0.73139,0.45032,0.28205
0.75544,0.45032,0.28205
0.77949,0.45032,0.28205
0.80353,0.45032,0.28205
0.82758,0.45032,0.28205
0.85162,0.43781,0.28205
0.87567,0.40029,0.28205
0.89971,0.33774,0.28205
0.92375,0.25018,0.28205
0.94779,0.1376,0.28205
0.97183,0.0,0.28205
0.02335,0.0,0.30769
0.04938,0.11342,0.30769
0.07541,0.24294,0.30769
0.10143,0.36483,0.30769
0.12746,0.45536,0.30769
0.15349,0.49081,0.30769
0.17758,0.49081,0.30769
0.20168,0.49081,0.30769
0.22577,0.49081,0.30769
0.24987,0.49081,0.30769
0.27396,0.49081,0.30769
0.29806,0.49081,0.30769
0.32215,0.49081,0.30769
0.34624,0.49081,0.30769
0.37034,0.49081,0.30769
0.39443,0.49081,0.30769
0.41853,0.49081,0.30769
0.44262,0.49081,0.30769
0.46671,0.49081,0.30769
0.49081,0.49081,0.30769
0.5149,0.49081,0.30769
0.539,0.49081,0.30769
0.56309,0.49081,0.30769
0.58718,0.49081,0.30769
0.61128,0.49081,0.30769
0.63537,0.49081,0.30769
0.65947,0.49081,0.30769
0.68356,0.49081,0.30769
0.70766,0.49081,0.30769
0.73175,0.49081,0.30769
0.75584,0.49081,0.30769
0.77994,0.49081,0.30769
0.80403,0.49081,0.30769
0.82813,0.49081,0.30769
0.85266,0.47718,0.30769
0.87719,0.43628,0.30769
0.90172,0.36811,0.30769
0.92625,0.27268,0.30769
0.95078,0.14997,0.30769
0.97531,0.0,0.30769
0.02018,0.0,0.33333
0.0467,0.12069,0.33333
0.07321,0.26063,0.33333
0.09973,0.39337,0.33333
0.12624,0.49242,0.33333
0.15276,0.53131,0.33333
0.17689,0.53131,0.33333
0.20102,0.53131,0.33333
0.22516,0.53131,0.33333
0.24929,0.53131,0.33333
0.27342,0.53131,0.33333
0.29755,0.53131,0.33333
0.32168,0.53131,0.33333
0.34582,0.53131,0.33333
0.36995,0.53131,0.33333
0.39408,0.53131,0.33333
0.41821,0.53131,0.33333
0.44234,0.53131,0.33333
0.46648,0.53131,0.33333
0.49061,0.53131,0.33333
0.51474,0.53131,0.33333
0.53887,0.53131,0.33333
0.563,0.53131,0.33333
0.58714,0.53131,0.33333
0.61127,0.53131,0.33333
0.6354,0.53131,0.33333
0.65953,0.53131,0.33333
0.68367,0.53131,0.33333
0.7078,0.53131,0.33333
0.73193,0.53131,0.33333
0.75606,0.53131,0.33333
0.78019,0.53131,0.33333
0.80433,0.53131,0.33333
0.82846,0.53131,0.33333
0.85349,0.51656,0.33333
0.87852,0.47228,0.33333
0.90356,0.39848,0.33333
0.92859,0.29518,0.33333
0.95362,0.16234,0.33333
0.97865,0.0,0.33333
0.01713,0.0,0.35897
0.04411,0.12808,0.35897
0.07109,0.27847,0.35897
0.09807,0.42199,0.35897
0.12505,0.52949,0.35897
0.15203,0.57181,0.35897
0.17619,0.57181,0.35897
0.20035,0.57181,0.35897
0.22452,0.57181,0.35897
0.24868,0.57181,0.35897
0.27284,0.57181,0.35897
0.297,0.57181,0.35897
0.32117,0.57181,0.35897
0.34533,0.57181,0.35897
0.36949,0.57181,0.35897
0.39365,0.57181,0.35897
0.41782,0.57181,0.35897
0.44198,0.57181,0.35897
0.46614,0.57181,0.35897
0.4903,0.57181,0.35897
0.51447,0.57181,0.35897
0.53863,0.57181,0.35897
0.56279,0.57181,0.35897
0.58695,0.57181,0.35897
0.61112,0.57181,0.35897
0.63528,0.57181,0.35897
0.65944,0.57181,0.35897
0.6836,0.57181,0.35897
0.70777,0.57181,0.35897
0.73193,0.57181,0.35897
0.75609,0.57181,0.35897
0.78025,0.57181,0.35897
0.80442,0.57181,0.35897
0.82858,0.57181,0.35897
0.85413,0.55592,0.35897
0.87967,0.50827,0.35897
0.90522,0.42886,0.35897
0.93077,0.31767,0.35897
0.95632,0.17472,0.35897
0.98187,0.0,0.35897
0.01419,0.0,0.38461
0.04162,0.13561,0.38461
0.06904,0.29645,0.38461
0.09646,0.45073,0.38461
0.12388,0.56661,0.38461
0.1513,0.61231,0.38461
0.17549,0.61231,0.38461
0.19967,0.61231,0.38461
0.22386,0.61231,0.38461
0.24804,0.61231,0.38461
0.27223,0.61231,0.38461
0.29641,0.61231,0.38461
0.3206,0.61231,0.38461
0.34478,0.61231,0.38461
0.36897,0.61231,0.38461
0.39315,0.61231,0.38461
0.41734,0.61231,0.38461
0.44152,0.61231,0.38461
0.46571,0.61231,0.38461
0.48989,0.61231,0.38461
0.51408,0.61231,0.38461
0.53827,0.61231,0.38461
0.56245,0.61231,0.38461
0.58664,0.61231,0.38461
0.61082,0.61231,0.38461
0.63501,0.61231,0.38461
0.65919,0.61231,0.38461
0.68338,0.61231,0.38461
0.70756,0.61231,0.38461
0.73175,0.61231,0.38461
0.75593,0.61231,0.38461
0.78012,0.61231,0.38461
0.8043,0.61231,0.38461
0.82849,0.61231,0.38461
0.85457,0.5953,0.38461
0.88065,0.54427,0.38461
0.90673,0.45923,0.38461
0.93281,0.34017,0.38461
0.95889,0.1871,0.38461
0.98497,0.0,0.38461
0.01135,0.0,0.41025
0.0392,0.14328,0.41025
0.06704,0.3146,0.41025
0.09489,0.47956,0.41025
0.12273,0.60376,0.41025
0.15058,0.6528,0.41025
0.17478,0.6528,0.41025
0.19898,0.6528,0.41025
0.22318,0.6528,0.41025
0.24738,0.6528,0.41025
0.27158,0.6528,0.41025
0.29578,0.6528,0.41025
0.31998,0.6528,0.41025
0.34418,0.6528,0.41025
0.36838,0.6528,0.41025
0.39258,0.6528,0.41025
0.41678,0.6528,0.41025
0.44098,0.6528,0.41025
0.46518,0.6528,0.41025
0.48938,0.6528,0.41025
0.51358,0.6528,0.41025
0.53778,0.6528,0.41025
0.56198,0.6528,0.41025
0.58618,0.6528,0.41025
0.61038,0.6528,0.41025
0.63458,0.6528,0.41025
0.65878,0.6528,0.41025
0.68298,0.6528,0.41025
0.70718,0.6528,0.41025
0.73138,0.6528,0.41025
0.75558,0.6528,0.41025
0.77978,0.6528,0.41025
0.80398,0.6528,0.41025
0.82818,0.6528,0.41025
0.85481,0.63467,0.41025
0.88144,0.58027,0.41025
0.90808,0.4896,0.41025
0.93471,0.36267,0.41025
0.96134,0.19947,0.41025
0.98797,0.0,0.41025
0.00859,0.0,0.4359
0.03685,0.15111,0.4359
0.0651,0.33293,0.4359
0.09335,0.50851,0.4359
0.1216,0.64095,0.4359
0.14985,0.6933,0.4359
0.17406,0.6933,0.4359
0.19827,0.6933,0.4359
0.22248,0.6933,0.4359
0.24668,0.6933,0.4359
0.27089,0.6933,0.4359
0.2951,0.6933,0.4359
0.31931,0.6933,0.4359
0.34351,0.6933,0.4359
0.36772,0.6933,0.4359
0.39193,0.6933,0.4359
0.41614,0.6933,0.4359
0.44034,0.6933,0.4359
0.46455,0.6933,0.4359
0.48876,0.6933,0.4359
0.51297,0.6933,0.4359
0.53718,0.6933,0.4359
0.56138,0.6933,0.4359
0.58559,0.6933,0.4359
0.6098,0.6933,0.4359
0.63401,0.6933,0.4359
0.65821,0.6933,0.4359
0.68242,0.6933,0.4359
0.70663,0.6933,0.4359
0.73084,0.6933,0.4359
0.75504,0.6933,0.4359
0.77925,0.6933,0.4359
0.80346,0.6933,0.4359
0.82767,0.6933,0.4359
0.8546,0.67409,0.4359
0.88153,0.61647,0.4359
0.90845,0.52043,0.4359
0.93538,0.38598,0.4359
0.96231,0.21311,0.4359
0.98924,0.00184,0.4359
0.00592,0.0,0.46154
0.03456,0.15872,0.46154
0.0632,0.35012,0.46154
0.09185,0.53516,0.46154
0.12049,0.67479,0.46154
0.14913,0.73002,0.46154
0.17334,0.73002,0.46154
0.19755,0.73002,0.46154
0.22175,0.73002,0.46154
0.24596,0.73002,0.46154
0.27017,0.73002,0.46154
0.29438,0.73002,0.46154
0.31858,0.73002,0.46154
0.34279,0.73002,0.46154
0.367,0.73002,0.46154
0.39121,0.73002,0.46154
0.41541,0.73002,0.46154
0.43962,0.73002,0.46154
0.46383,0.73002,0.46154
0.48804,0.73002,0.46154
0.51224,0.73002,0.46154
0.53645,0.73002,0.46154
0.56066,0.73002,0.46154
0.58487,0.73002,0.46154
0.60907,0.73002,0.46154
0.63328,0.73002,0.46154
0.65749,0.73002,0.46154
0.68169,0.73002,0.46154
0.7059,0.73002,0.46154
0.73011,0.73002,0.46154
0.75432,0.73002,0.46154
0.77852,0.73002,0.46154
0.80273,0.73002,0.46154
0.82694,0.73002,0.46154
0.85407,0.71014,0.46154
0.8812,0.65049,0.46154
0.90834,0.55108,0.46154
0.93547,0.4119,0.46154
0.9626,0.23297,0.46154
0.98973,0.01427,0.46154
0.00332,0.0,0.48718
0.03234,0.16556,0.48718
0.06135,0.36429,0.48718
0.09037,0.55599,0.48718
0.11939,0.70048,0.48718
0.14841,0.75758,0.48718
0.17261,0.75758,0.48718
0.19681,0.75758,0.48718
0.22101,0.75758,0.48718
0.24521,0.75758,0.48718
0.26941,0.75758,0.48718
0.29361,0.75758,0.48718
0.31781,0.75758,0.48718
0.34201,0.75758,0.48718
0.36621,0.75758,0.48718
0.39041,0.75758,0.48718
0.41461,0.75758,0.48718
0.43881,0.75758,0.48718
0.46301,0.75758,0.48718
0.48721,0.75758,0.48718
0.51141,0.75758,0.48718
0.53561,0.75758,0.48718
0.5598,0.75758,0.48718
0.584,0.75758,0.48718
0.6082,0.75758,0.48718
0.6324,0.75758,0.48718
0.6566,0.75758,0.48718
0.6808,0.75758,0.48718
0.705,0.75758,0.48718
0.7292,0.75758,0.48718
0.7534,0.75758,0.48718
0.7776,0.75758,0.48718
0.8018,0.75758,0.48718
0.826,0.75758,0.48718
0.85337,0.73875,0.48718
0.88074,0.68228,0.48718
0.90811,0.58815,0.48718
0.93548,0.45638,0.48718
0.96285,0.28696,0.48718
0.99022,0.07989,0.48718
0.00078,0.0,0.51282
0.03016,0.17205,0.51282
0.05955,0.37681,0.51282
0.08893,0.57352,0.51282
0.11831,0.72143,0.51282
0.14769,0.77979,0.51282
0.17188,0.77979,0.51282
0.19606,0.77979,0.51282
0.22025,0.77979,0.51282
0.24443,0.77979,0.51282
0.26861,0.77979,0.51282
0.2928,0.77979,0.51282
0.31698,0.77979,0.51282
0.34117,0.77979,0.51282
0.36535,0.77979,0.51282
0.38953,0.77979,0.51282
0.41372,0.77979,0.51282
0.4379,0.77979,0.51282
0.46209,0.77979,0.51282
0.48627,0.77979,0.51282
0.51046,0.77979,0.51282
0.53464,0.77979,0.51282
0.55882,0.77979,0.51282
0.58301,0.77979,0.51282
0.60719,0.77979,0.51282
0.63138,0.77979,0.51282
0.65556,0.77979,0.51282
0.67974,0.77979,0.51282
0.70393,0.77979,0.51282
0.72811,0.77979,0.51282
0.7523,0.77979,0.51282
0.77648,0.77979,0.51282
0.80067,0.77979,0.51282
0.82485,0.77979,0.51282
0.85249,0.76243,0.51282
0.88014,0.71034,0.51282
0.90778,0.62353,0.51282
0.93542,0.502,0.51282
0.96307,0.34574,0.51282
0.99071,0.15476,0.51282
0.0,0.0,0.53846
0.0294,0.17729,0.53846
0.05879,0.38709,0.53846
0.08819,0.58809,0.53846
0.11758,0.73898,0.53846
0.14698,0.79845,0.53846
0.17114,0.79845,0.53846
0.1953,0.79845,0.53846
0.21946,0.79845,0.53846
0.24362,0.79845,0.53846
0.26778,0.79845,0.53846
0.29194,0.79845,0.53846
0.3161,0.79845,0.53846
0.34027,0.79845,0.53846
0.36443,0.79845,0.53846
0.38859,0.79845,0.53846
0.41275,0.79845,0.53846
0.43691,0.79845,0.53846
0.46107,0.79845,0.53846
0.48523,0.79845,0.53846
0.50939,0.79845,0.53846
0.53355,0.79845,0.53846
0.55771,0.79845,0.53846
0.58188,0.79845,0.53846
0.60604,0.79845,0.53846
0.6302,0.79845,0.53846
0.65436,0.79845,0.53846
0.67852,0.79845,0.53846
0.70268,0.79845,0.53846
0.72684,0.79845,0.53846
0.751,0.79845,0.53846
0.77516,0.79845,0.53846
0.79933,0.79845,0.53846
0.82349,0.79845,0.53846
0.85144,0.78265,0.53846
0.87939,0.73525,0.53846
0.90734,0.65624,0.53846
0.93529,0.54564,0.53846
0.96325,0.40344,0.53846
0.9912,0.22963,0.53846
0.00104,0.0,0.5641
0.03009,0.18124,0.5641
0.05913,0.3953,0.5641
0.08818,0.60017,0.5641
0.11722,0.75389,0.5641
0.14626,0.81446,0.5641
0.17039,0.81446,0.5641
0.19452,0.81446,0.5641
0.21865,0.81446,0.5641
0.24278,0.81446,0.5641
0.26691,0.81446,0.5641
0.29104,0.81446,0.5641
0.31517,0.81446,0.5641
0.3393,0.81446,0.5641
0.36343,0.81446,0.5641
0.38757,0.81446,0.5641
0.4117,0.81446,0.5641
0.43583,0.81446,0.5641
0.45996,0.81446,0.5641
0.48409,0.81446,0.5641
0.50822,0.81446,0.5641
0.53235,0.81446,0.5641
0.55648,0.81446,0.5641
0.58061,0.81446,0.5641
0.60474,0.81446,0.5641
0.62887,0.81446,0.5641
0.653,0.81446,0.5641
0.67713,0.81446,0.5641
0.70126,0.81446,0.5641
0.72539,0.81446,0.5641
0.74952,0.81446,0.5641
0.77365,0.81446,0.5641
0.79778,0.81446,0.5641
0.82191,0.81446,0.5641
0.85021,0.79909,0.5641
0.8785,0.75298,0.5641
0.9068,0.67614,0.5641
0.93509,0.56856,0.5641
0.96339,0.43023,0.5641
0.99169,0.26118,0.5641
0.00213,0.0,0.58975
0.03081,0.18506,0.58975
0.05949,0.40287,0.58975
0.08818,0.61097,0.58975
0.11686,0.76695,0.58975
0.14555,0.82837,0.58975
0.16964,0.82837,0.58975
0.19373,0.82837,0.58975
0.21783,0.82837,0.58975
0.24192,0.82837,0.58975
0.26601,0.82837,0.58975
0.2901,0.82837,0.58975
0.31419,0.82837,0.58975
0.33828,0.82837,0.58975
0.36238,0.82837,0.58975
0.38647,0.82837,0.58975
0.41056,0.82837,0.58975
0.43465,0.82837,0.58975
0.45874,0.82837,0.58975
0.48284,0.82837,0.58975
0.50693,0.82837,0.58975
0.53102,0.82837,0.58975
0.55511,0.82837,0.58975
0.5792,0.82837,0.58975
0.6033,0.82837,0.58975
0.62739,0.82837,0.58975
0.65148,0.82837,0.58975
0.67557,0.82837,0.58975
0.69966,0.82837,0.58975
0.72376,0.82837,0.58975
0.74785,0.82837,0.58975
0.77194,0.82837,0.58975
0.79603,0.82837,0.58975
0.82012,0.82837,0.58975
0.8488,0.8129,0.58975
0.87747,0.7665,0.58975
0.90615,0.68917,0.58975
0.93483,0.5809,0.58975
0.9635,0.44169,0.58975
0.99218,0.27155,0.58975
0.00324,0.0,0.61539
0.03156,0.1888,0.61539
0.05988,0.40993,0.61539
0.0882,0.62071,0.61539
0.11652,0.77847,0.61539
0.14484,0.84054,0.61539
0.16978,0.84054,0.61539
0.19471,0.84054,0.61539
0.21965,0.84054,0.61539
0.24458,0.84054,0.61539
0.26952,0.84054,0.61539
0.29446,0.84054,0.61539
0.31939,0.84054,0.61539
0.34433,0.84054,0.61539
0.36927,0.84054,0.61539
0.3942,0.84054,0.61539
0.41914,0.84054,0.61539
0.44408,0.84054,0.61539
0.46901,0.84054,0.61539
0.49395,0.84054,0.61539
0.51889,0.84054,0.61539
0.54382,0.84054,0.61539
0.56876,0.84054,0.61539
0.5937,0.84054,0.61539
0.61863,0.84054,0.61539
0.64357,0.84054,0.61539
0.6685,0.84054,0.61539
0.69344,0.84054,0.61539
0.71838,0.84054,0.61539
0.74331,0.84054,0.61539
0.76825,0.84054,0.61539
0.79319,0.84054,0.61539
0.81812,0.84054,0.61539
0.84306,0.82902,0.61539
0.86799,0.79443,0.61539
0.89293,0.73679,0.61539
0.91786,0.65608,0.61539
0.9428,0.55232,0.61539
0.96773,0.4255,0.61539
0.99266,0.27562,0.61539
0.00439,0.0,0.64103
0.03234,0.19249,0.64103
0.06029,0.41662,0.64103
0.08824,0.62965,0.64103
0.11618,0.78882,0.64103
0.14413,0.85137,0.64103
0.16901,0.85137,0.64103
0.19389,0.85137,0.64103
0.21877,0.85137,0.64103
0.24365,0.85137,0.64103
0.26854,0.85137,0.64103
0.29342,0.85137,0.64103
0.3183,0.85137,0.64103
0.34318,0.85137,0.64103
0.36806,0.85137,0.64103
0.39294,0.85137,0.64103
0.41782,0.85137,0.64103
0.4427,0.85137,0.64103
0.46758,0.85137,0.64103
0.49246,0.85137,0.64103
0.51734,0.85137,0.64103
0.54222,0.85137,0.64103
0.5671,0.85137,0.64103
0.59199,0.85137,0.64103
0.61687,0.85137,0.64103
0.64175,0.85137,0.64103
0.66663,0.85137,0.64103
0.69151,0.85137,0.64103
0.71639,0.85137,0.64103
0.74127,0.85137,0.64103
0.76615,0.85137,0.64103
0.79103,0.85137,0.64103
0.81591,0.85137,0.64103
0.84123,0.83961,0.64103
0.86655,0.80433,0.64103
0.89187,0.74552,0.64103
0.91719,0.66319,0.64103
0.94251,0.55734,0.64103
0.96783,0.42797,0.64103
0.99315,0.27508,0.64103
0.00558,0.0,0.66667
0.03315,0.19627,0.66667
0.06072,0.42337,0.66667
0.08829,0.63853,0.66667
0.11585,0.79899,0.66667
0.14342,0.86199,0.66667
0.16824,0.86199,0.66667
0.19306,0.86199,0.66667
0.21788,0.86199,0.66667
0.24269,0.86199,0.66667
0.26751,0.86199,0.66667
0.29233,0.86199,0.66667
0.31715,0.86199,0.66667
0.34196,0.86199,0.66667
0.36678,0.86199,0.66667
0.3916,0.86199,0.66667
0.41641,0.86199,0.66667
0.44123,0.86199,0.66667
0.46605,0.86199,0.66667
0.49087,0.86199,0.66667
0.51568,0.86199,0.66667
0.5405,0.86199,0.66667
0.56532,0.86199,0.66667
0.59013,0.86199,0.66667
0.61495,0.86199,0.66667
0.63977,0.86199,0.66667
0.66459,0.86199,0.66667
0.6894,0.86199,0.66667
0.71422,0.86199,0.66667
0.73904,0.86199,0.66667
0.76386,0.86199,0.66667
0.78867,0.86199,0.66667
0.81349,0.86199,0.66667
0.83923,0.84997,0.66667
0.86496,0.81392,0.66667
0.8907,0.75384,0.66667
0.91644,0.66972,0.66667
0.94217,0.56157,0.66667
0.96791,0.42939,0.66667
0.99364,0.27318,0.66667
0.0068,0.0,0.69231
0.03398,0.20015,0.69231
0.06117,0.43024,0.69231
0.08835,0.6475,0.69231
0.11553,0.8092,0.69231
0.14272,0.8726,0.69231
0.16747,0.8726,0.69231
0.19221,0.8726,0.69231
0.21696,0.8726,0.69231
0.2417,0.8726,0.69231
0.26645,0.8726,0.69231
0.29119,0.8726,0.69231
0.31594,0.8726,0.69231
0.34069,0.8726,0.69231
0.36543,0.8726,0.69231
0.39018,0.8726,0.69231
0.41492,0.8726,0.69231
0.43967,0.8726,0.69231
0.46441,0.8726,0.69231
0.48916,0.8726,0.69231
0.51391,0.8726,0.69231
0.53865,0.8726,0.69231
0.5634,0.8726,0.69231
0.58814,0.8726,0.69231
0.61289,0.8726,0.69231
0.63763,0.8726,0.69231
0.66238,0.8726,0.69231
0.68713,0.8726,0.69231
0.71187,0.8726,0.69231
0.73662,0.8726,0.69231
0.76136,0.8726,0.69231
0.78611,0.8726,0.69231
0.81086,0.8726,0.69231
0.83704,0.86033,0.69231
0.86322,0.82351,0.69231
0.8894,0.76215,0.69231
0.91558,0.67625,0.69231
0.94177,0.5658,0.69231
0.96795,0.43081,0.69231
0.99413,0.27127,0.69231
0.00805,0.0,0.71795
0.03485,0.20417,0.71795
0.06164,0.43725,0.71795
0.08843,0.65656,0.71795
0.11522,0.81944,0.71795
0.14202,0.88322,0.71795
0.16668,0.88322,0.71795
0.19135,0.88322,0.71795
0.21602,0.88322,0.71795
0.24068,0.88322,0.71795
0.26535,0.88322,0.71795
0.29001,0.88322,0.71795
0.31468,0.88322,0.71795
0.33935,0.88322,0.71795
0.36401,0.88322,0.71795
0.38868,0.88322,0.71795
0.41335,0.88322,0.71795
0.43801,0.88322,0.71795
0.46268,0.88322,0.71795
0.48735,0.88322,0.71795
0.51201,0.88322,0.71795
0.53668,0.88322,0.71795
0.56134,0.88322,0.71795
0.58601,0.88322,0.71795
0.61068,0.88322,0.71795
0.63534,0.88322,0.71795
0.66001,0.88322,0.71795
0.68468,0.88322,0.71795
0.70934,0.88322,0.71795
0.73401,0.88322,0.71795
0.75868,0.88322,0.71795
0.78334,0.88322,0.71795
0.80801,0.88322,0.71795
0.83467,0.87069,0.71795
0.86133,0.83311,0.71795
0.88798,0.77047,0.71795
0.91464,0.68278,0.71795
0.9413,0.57003,0.71795
0.96796,0.43223,0.71795
0.99462,0.26937,0.71795
0.00935,0.0,0.74358
0.03574,0.20832,0.74358
0.06213,0.44441,0.74358
0.08853,0.66573,0.74358
0.11492,0.82972,0.74358
0.14132,0.89384,0.74358
0.16589,0.89384,0.74358
0.19047,0.89384,0.74358
0.21505,0.89384,0.74358
0.23963,0.89384,0.74358
0.26421,0.89384,0.74358
0.28879,0.89384,0.74358
0.31337,0.89384,0.74358
0.33795,0.89384,0.74358
0.36253,0.89384,0.74358
0.38711,0.89384,0.74358
0.41168,0.89384,0.74358
0.43626,0.89384,0.74358
0.46084,0.89384,0.74358
0.48542,0.89384,0.74358
0.51,0.89384,0.74358
0.53458,0.89384,0.74358
0.55916,0.89384,0.74358
0.58374,0.89384,0.74358
0.60832,0.89384,0.74358
0.6329,0.89384,0.74358
0.65748,0.89384,0.74358
0.68205,0.89384,0.74358
0.70663,0.89384,0.74358
0.73121,0.89384,0.74358
0.75579,0.89384,0.74358
0.78037,0.89384,0.74358
0.80495,0.89384,0.74358
0.83212,0.88105,0.74358
0.85928,0.8427,0.74358
0.88645,0.77879,0.74358
0.91361,0.68931,0.74358
0.94078,0.57426,0.74358
0.96794,0.43365,0.74358
0.99511,0.26747,0.74358
0.01067,0.0,0.76924
0.03666,0.21261,0.76924
0.06265,0.45173,0.76924
0.08864,0.675,0.76924
0.11463,0.84003,0.76924
0.14062,0.90445,0.76924
0.1651,0.90445,0.76924
0.18958,0.90445,0.76924
0.21407,0.90445,0.76924
0.23855,0.90445,0.76924
0.26304,0.90445,0.76924
0.28752,0.90445,0.76924
0.312,0.90445,0.76924
0.33649,0.90445,0.76924
0.36097,0.90445,0.76924
0.38545,0.90445,0.76924
0.40994,0.90445,0.76924
0.43442,0.90445,0.76924
0.45891,0.90445,0.76924
0.48339,0.90445,0.76924
0.50787,0.90445,0.76924
0.53236,0.90445,0.76924
0.55684,0.90445,0.76924
0.58132,0.90445,0.76924
0.60581,0.90445,0.76924
0.63029,0.90445,0.76924
0.65478,0.90445,0.76924
0.67926,0.90445,0.76924
0.70374,0.90445,0.76924
0.72823,0.90445,0.76924
0.75271,0.90445,0.76924
0.77719,0.90445,0.76924
0.80168,0.90445,0.76924
0.82938,0.89141,0.76924
0.85708,0.8523,0.76924
0.88479,0.78711,0.76924
0.91249,0.69584,0.76924
0.94019,0.57849,0.76924
0.9679,0.43507,0.76924
0.9956,0.26556,0.76924
0.01203,0.0,0.79487
0.03761,0.21706,0.79487
0.06319,0.45923,0.79487
0.08877,0.68438,0.79487
0.11434,0.85038,0.79487
0.13992,0.91507,0.79487
0.16524,0.91507,0.79487
0.19056,0.91507,0.79487
0.21587,0.91507,0.79487
0.24119,0.91507,0.79487
0.26651,0.91507,0.79487
0.29183,0.91507,0.79487
0.31715,0.91507,0.79487
0.34247,0.91507,0.79487
0.36778,0.91507,0.79487
0.3931,0.91507,0.79487
0.41842,0.91507,0.79487
0.44374,0.91507,0.79487
0.46906,0.91507,0.79487
0.49438,0.91507,0.79487
0.51969,0.91507,0.79487
0.54501,0.91507,0.79487
0.57033,0.91507,0.79487
0.59565,0.91507,0.79487
0.62097,0.91507,0.79487
0.64629,0.91507,0.79487
0.6716,0.91507,0.79487
0.69692,0.91507,0.79487
0.72224,0.91507,0.79487
0.74756,0.91507,0.79487
0.77288,0.91507,0.79487
0.7982,0.91507,0.79487
0.82293,0.90489,0.79487
0.84767,0.87435,0.79487
0.8724,0.82346,0.79487
0.89714,0.75222,0.79487
0.92188,0.66061,0.79487
0.94661,0.54865,0.79487
0.97135,0.41633,0.79487
0.99609,0.26366,0.79487
0.01343,0.0,0.82051
0.03859,0.22169,0.82051
0.06375,0.46694,0.82051
0.08891,0.69391,0.82051
0.11407,0.86076,0.82051
0.13922,0.92568,0.82051
0.16443,0.92568,0.82051
0.18963,0.92568,0.82051
0.21483,0.92568,0.82051
0.24004,0.92568,0.82051
0.26524,0.92568,0.82051
0.29044,0.92568,0.82051
0.31564,0.92568,0.82051
0.34085,0.92568,0.82051
0.36605,0.92568,0.82051
0.39125,0.92568,0.82051
0.41646,0.92568,0.82051
0.44166,0.92568,0.82051
0.46686,0.92568,0.82051
0.49207,0.92568,0.82051
0.51727,0.92568,0.82051
0.54247,0.92568,0.82051
0.56767,0.92568,0.82051
0.59288,0.92568,0.82051
0.61808,0.92568,0.82051
0.64328,0.92568,0.82051
0.66849,0.92568,0.82051
0.69369,0.92568,0.82051
0.71889,0.92568,0.82051
0.74409,0.92568,0.82051
0.7693,0.92568,0.82051
0.7945,0.92568,0.82051
0.81976,0.91531,0.82051
0.84502,0.88419,0.82051
0.87028,0.83232,0.82051
0.89554,0.7597,0.82051
0.9208,0.66633,0.82051
0.94606,0.55223,0.82051
0.97132,0.41737,0.82051
0.99658,0.26176,0.82051
0.01486,0.0,0.84615
0.0396,0.22652,0.84615
0.06433,0.47486,0.84615
0.08906,0.70358,0.84615
0.1138,0.87121,0.84615
0.13853,0.9363,0.84615
0.16361,0.9363,0.84615
0.18869,0.9363,0.84615
0.21377,0.9363,0.84615
0.23885,0.9363,0.84615
0.26393,0.9363,0.84615
0.28901,0.9363,0.84615
0.31409,0.9363,0.84615
0.33917,0.9363,0.84615
0.36425,0.9363,0.84615
0.38932,0.9363,0.84615
0.4144,0.9363,0.84615
0.43948,0.9363,0.84615
0.46456,0.9363,0.84615
0.48964,0.9363,0.84615
0.51472,0.9363,0.84615
0.5398,0.9363,0.84615
0.56488,0.9363,0.84615
0.58996,0.9363,0.84615
0.61504,0.9363,0.84615
0.64012,0.9363,0.84615
0.6652,0.9363,0.84615
0.69028,0.9363,0.84615
0.71536,0.9363,0.84615
0.74043,0.9363,0.84615
0.76552,0.9363,0.84615
0.79059,0.9363,0.84615
0.8164,0.92573,0.84615
0.84221,0.89403,0.84615
0.86802,0.84118,0.84615
0.89383,0.76719,0.84615
0.91964,0.67207,0.84615
0.94545,0.5558,0.84615
0.97126,0.4184,0.84615
0.99707,0.25985,0.84615
0.01633,0.0,0.87179
0.04671,0.29416,0.87179
0.07709,0.60342,0.87179
0.10746,0.8477,0.87179
0.13784,0.94692,0.87179
0.16186,0.94692,0.87179
0.18589,0.94692,0.87179
0.20991,0.94692,0.87179
0.23393,0.94692,0.87179
0.25796,0.94692,0.87179
0.28198,0.94692,0.87179
0.306,0.94692,0.87179
0.33003,0.94692,0.87179
0.35405,0.94692,0.87179
0.37807,0.94692,0.87179
0.4021,0.94692,0.87179
0.42612,0.94692,0.87179
0.45015,0.94692,0.87179
0.47417,0.94692,0.87179
0.49819,0.94692,0.87179
0.52222,0.94692,0.87179
0.54624,0.94692,0.87179
0.57026,0.94692,0.87179
0.59429,0.94692,0.87179
0.61831,0.94692,0.87179
0.64233,0.94692,0.87179
0.66636,0.94692,0.87179
0.69038,0.94692,0.87179
0.71441,0.94692,0.87179
0.73843,0.94692,0.87179
0.76245,0.94692,0.87179
0.78648,0.94692,0.87179
0.81286,0.93616,0.87179
0.83925,0.90386,0.87179
0.86563,0.85003,0.87179
0.89202,0.77468,0.87179
0.9184,0.67779,0.87179
0.94479,0.55937,0.87179
0.97117,0.41943,0.87179
0.99756,0.25795,0.87179
0.01784,0.0,0.89743
0.04766,0.30043,0.89743
0.07749,0.61282,0.89743
0.10732,0.85819,0.89743
0.13715,0.95753,0.89743
0.16104,0.95753,0.89743
0.18493,0.95753,0.89743
0.20882,0.95753,0.89743
0.2327,0.95753,0.89743
0.25659,0.95753,0.89743
0.28048,0.95753,0.89743
0.30437,0.95753,0.89743
0.32826,0.95753,0.89743
0.35215,0.95753,0.89743
0.37604,0.95753,0.89743
0.39993,0.95753,0.89743
0.42381,0.95753,0.89743
0.4477,0.95753,0.89743
0.47159,0.95753,0.89743
0.49548,0.95753,0.89743
0.51937,0.95753,0.89743
0.54326,0.95753,0.89743
0.56715,0.95753,0.89743
0.59104,0.95753,0.89743
0.61492,0.95753,0.89743
0.63881,0.95753,0.89743
0.6627,0.95753,0.89743
0.68659,0.95753,0.89743
0.71048,0.95753,0.89743
0.73437,0.95753,0.89743
0.75826,0.95753,0.89743
0.78214,0.95753,0.89743
0.80913,0.94657,0.89743
0.83612,0.91369,0.89743
0.86311,0.85889,0.89743
0.89009,0.78216,0.89743
0.91708,0.68351,0.89743
0.94407,0.56295,0.89743
0.97106,0.42046,0.89743
0.99804,0.25605,0.89743
0.01937,0.0,0.92308
0.04865,0.307,0.92308
0.07792,0.6225,0.92308
0.10719,0.86879,0.92308
0.13646,0.96815,0.92308
0.16112,0.96815,0.92308
0.18578,0.96815,0.92308
0.21044,0.96815,0.92308
0.2351,0.96815,0.92308
0.25976,0.96815,0.92308
0.28442,0.96815,0.92308
0.30908,0.96815,0.92308
0.33374,0.96815,0.92308
0.3584,0.96815,0.92308
0.38305,0.96815,0.92308
0.40771,0.96815,0.92308
0.43237,0.96815,0.92308
0.45703,0.96815,0.92308
0.48169,0.96815,0.92308
0.50635,0.96815,0.92308
0.53101,0.96815,0.92308
0.55567,0.96815,0.92308
0.58033,0.96815,0.92308
0.60499,0.96815,0.92308
0.62965,0.96815,0.92308
0.65431,0.96815,0.92308
0.67897,0.96815,0.92308
0.70362,0.96815,0.92308
0.72828,0.96815,0.92308
0.75294,0.96815,0.92308
0.7776,0.96815,0.92308
0.80215,0.95933,0.92308
0.8267,0.93289,0.92308
0.85125,0.88882,0.92308
0.87579,0.82711,0.92308
0.90034,0.74778,0.92308
0.92489,0.65082,0.92308
0.94944,0.53622,0.92308
0.97399,0.404,0.92308
0.99853,0.25414,0.92308
0.02095,0.0,0.94872
0.04965,0.31394,0.94872
0.07836,0.6325,0.94872
0.10707,0.8795,0.94872
0.13578,0.97877,0.94872
0.16028,0.97877,0.94872
0.18478,0.97877,0.94872
0.20928,0.97877,0.94872
0.23379,0.97877,0.94872
0.25829,0.97877,0.94872
0.28279,0.97877,0.94872
0.3073,0.97877,0.94872
0.3318,0.97877,0.94872
0.3563,0.97877,0.94872
0.3808,0.97877,0.94872
0.40531,0.97877,0.94872
0.42981,0.97877,0.94872
0.45431,0.97877,0.94872
0.47881,0.97877,0.94872
0.50332,0.97877,0.94872
0.52782,0.97877,0.94872
0.55232,0.97877,0.94872
0.57683,0.97877,0.94872
0.60133,0.97877,0.94872
0.62583,0.97877,0.94872
0.65033,0.97877,0.94872
0.67484,0.97877,0.94872
0.69934,0.97877,0.94872
0.72384,0.97877,0.94872
0.74835,0.97877,0.94872
0.77285,0.97877,0.94872
0.79798,0.9698,0.94872
0.82311,0.94289,0.94872
0.84824,0.89804,0.94872
0.87337,0.83526,0.94872
0.8985,0.75453,0.94872
0.92363,0.65587,0.94872
0.94876,0.53926,0.94872
0.97389,0.40472,0.94872
0.99902,0.25224,0.94872
0.02256,0.0,0.97436
0.05069,0.32129,0.97436
0.07882,0.64287,0.97436
0.10696,0.89036,0.97436
0.13509,0.98939,0.97436
0.15943,0.98939,0.97436
0.18377,0.98939,0.97436
0.20811,0.98939,0.97436
0.23244,0.98939,0.97436
0.25678,0.98939,0.97436
0.28112,0.98939,0.97436
0.30546,0.98939,0.97436
0.3298,0.98939,0.97436
0.35413,0.98939,0.97436
0.37847,0.98939,0.97436
0.40281,0.98939,0.97436
0.42715,0.98939,0.97436
0.45149,0.98939,0.97436
0.47583,0.98939,0.97436
0.50016,0.98939,0.97436
0.5245,0.98939,0.97436
0.54884,0.98939,0.97436
0.57318,0.98939,0.97436
0.59752,0.98939,0.97436
0.62185,0.98939,0.97436
0.64619,0.98939,0.97436
0.67053,0.98939,0.97436
0.69487,0.98939,0.97436
0.71921,0.98939,0.97436
0.74354,0.98939,0.97436
0.76788,0.98939,0.97436
0.79362,0.98026,0.97436
0.81935,0.95289,0.97436
0.84509,0.90727,0.97436
0.87083,0.8434,0.97436
0.89656,0.76128,0.97436
0.9223,0.66092,0.97436
0.94804,0.54231,0.97436
0.97377,0.40545,0.97436
0.99951,0.25034,0.97436
0.0242,0.0,1.0
0.05175,0.32913,1.0
0.07931,0.65367,1.0
0.10686,0.90138,1.0
0.13441,1.0,1.0
0.15858,1.0,1.0
0.18274,1.0,1.0
0.20691,1.0,1.0
0.23107,1.0,1.0
0.25524,1.0,1.0
0.2794,1.0,1.0
0.30357,1.0,1.0
0.32773,1.0,1.0
0.3519,1.0,1.0
0.37606,1.0,1.0
0.40023,1.0,1.0
0.42439,1.0,1.0
0.44856,1.0,1.0
0.47272,1.0,1.0
0.49689,1.0,1.0
0.52105,1.0,1.0
0.54522,1.0,1.0
0.56938,1.0,1.0
0.59355,1.0,1.0
0.61771,1.0,1.0
0.64188,1.0,1.0
0.66604,1.0,1.0
0.69021,1.0,1.0
0.71437,1.0,1.0
0.73854,1.0,1.0
0.7627,1.0,1.0
0.78907,0.99072,1.0
0.81544,0.96289,1.0
0.8418,0.91649,1.0
0.86817,0.85154,1.0
0.89454,0.76803,1.0
0.9209,0.66597,1.0
0.94727,0.54535,1.0
0.97363,0.40617,1.0
1.0,0.24843,1.0
