0.11653,0.0,0.0
0.13589,0.0,0.0
0.15525,0.0,0.0
0.17461,0.0,0.0
0.19397,0.0,0.0
0.21333,0.0,0.0
0.23269,0.0,0.0
0.25205,0.0,0.0
0.27141,0.0,0.0
0.29077,0.0,0.0
0.31013,0.0,0.0
0.32949,0.0,0.0
0.34885,0.0,0.0
0.36821,0.0,0.0
0.38757,0.0,0.0
0.40693,0.0,0.0
0.42629,0.0,0.0
0.44565,0.0,0.0
0.46501,0.0,0.0
0.48437,0.0,0.0
0.50373,0.0,0.0
0.52309,0.0,0.0
0.54245,0.0,0.0
0.56181,0.0,0.0
0.58117,0.0,0.0
0.60053,0.0,0.0
0.61989,0.0,0.0
0.63925,0.0,0.0
0.6586,0.0,0.0
0.67796,0.0,0.0
0.69732,0.0,0.0
0.71668,0.0,0.0
0.73604,0.0,0.0
0.7554,0.0,0.0
0.77476,0.0,0.0
0.79412,0.0,0.0
0.81348,0.0,0.0
0.83284,0.0,0.0
0.8522,0.0,0.0
0.87156,0.0,0.0
0.087,0.0,0.02564
0.10872,0.16407,0.02564
0.13044,0.22792,0.02564
0.15217,0.21886,0.02564
0.17389,0.16424,0.02564
0.19561,0.09139,0.02564
0.21734,0.02765,0.02564
0.23906,0.00031,0.02564
0.25908,0.00031,0.02564
0.27909,0.00031,0.02564
0.29911,0.00031,0.02564
0.31913,0.00031,0.02564
0.33915,0.00031,0.02564
0.35916,0.00031,0.02564
0.37918,0.00031,0.02564
0.3992,0.00031,0.02564
0.41922,0.00031,0.02564
0.43923,0.00031,0.02564
0.45925,0.00031,0.02564
0.47927,0.00031,0.02564
0.49929,0.00031,0.02564
0.5193,0.00031,0.02564
0.53932,0.00031,0.02564
0.55934,0.00031,0.02564
0.57935,0.00031,0.02564
0.59937,0.00031,0.02564
0.61939,0.00031,0.02564
0.63941,0.00031,0.02564
0.65942,0.00031,0.02564
0.67944,0.00031,0.02564
0.69946,0.00031,0.02564
0.71948,0.00031,0.02564
0.73949,0.00031,0.02564
0.75951,0.00031,0.02564
0.78209,0.00031,0.02564
0.80468,0.00027,0.02564
0.82726,0.00023,0.02564
0.84984,0.00018,0.02564
0.87243,0.0001,0.02564
0.89501,0.0,0.02564
0.07476,0.0,0.05127
0.09804,0.15583,0.05127
0.12131,0.21658,0.05127
0.14459,0.20816,0.05127
0.16787,0.15653,0.05127
0.19114,0.08755,0.05127
0.21442,0.02714,0.05127
0.2377,0.00127,0.05127
0.25785,0.00127,0.05127
0.278,0.00127,0.05127
0.29815,0.00127,0.05127
0.31831,0.00127,0.05127
0.33846,0.00127,0.05127
0.35861,0.00127,0.05127
0.37876,0.00127,0.05127
0.39892,0.00127,0.05127
0.41907,0.00127,0.05127
0.43922,0.00127,0.05127
0.45937,0.00127,0.05127
0.47952,0.00127,0.05127
0.49968,0.00127,0.05127
0.51983,0.00127,0.05127
0.53998,0.00127,0.05127
0.56013,0.00127,0.05127
0.58029,0.00127,0.05127
0.60044,0.00127,0.05127
0.62059,0.00127,0.05127
0.64074,0.00127,0.05127
0.66089,0.00127,0.05127
0.68105,0.00127,0.05127
0.7012,0.00127,0.05127
0.72135,0.00127,0.05127
0.7415,0.00127,0.05127
0.76482,0.00123,0.05127
0.78814,0.00115,0.05127
0.81145,0.00103,0.05127
0.83477,0.00086,0.05127
0.85809,0.00062,0.05127
0.88141,0.00033,0.05127
0.90472,0.0,0.05127
0.06537,0.0,0.07693
0.08675,0.13207,0.07693
0.10812,0.19433,0.07693
0.1295,0.20286,0.07693
0.15087,0.17377,0.07693
0.17225,0.12313,0.07693
0.19362,0.06703,0.07693
0.215,0.02157,0.07693
0.23638,0.00284,0.07693
0.2576,0.00284,0.07693
0.27882,0.00284,0.07693
0.30004,0.00284,0.07693
0.32127,0.00284,0.07693
0.34249,0.00284,0.07693
0.36371,0.00284,0.07693
0.38493,0.00284,0.07693
0.40616,0.00284,0.07693
0.42738,0.00284,0.07693
0.4486,0.00284,0.07693
0.46982,0.00284,0.07693
0.49105,0.00284,0.07693
0.51227,0.00284,0.07693
0.53349,0.00284,0.07693
0.55471,0.00284,0.07693
0.57594,0.00284,0.07693
0.59716,0.00284,0.07693
0.61838,0.00284,0.07693
0.6396,0.00284,0.07693
0.66083,0.00284,0.07693
0.68205,0.00284,0.07693
0.70327,0.00284,0.07693
0.72449,0.00284,0.07693
0.74796,0.00281,0.07693
0.77142,0.00267,0.07693
0.79488,0.00244,0.07693
0.81834,0.00212,0.07693
0.8418,0.00173,0.07693
0.86526,0.00125,0.07693
0.88872,0.00066,0.07693
0.91218,0.0,0.07693
0.05746,0.0,0.10257
0.07966,0.1214,0.10257
0.10186,0.17886,0.10257
0.12407,0.18708,0.10257
0.14627,0.16081,0.10257
0.16848,0.11475,0.10257
0.19068,0.06362,0.10257
0.21289,0.02216,0.10257
0.23509,0.00507,0.10257
0.25661,0.00507,0.10257
0.27813,0.00507,0.10257
0.29965,0.00507,0.10257
0.32116,0.00507,0.10257
0.34268,0.00507,0.10257
0.3642,0.00507,0.10257
0.38572,0.00507,0.10257
0.40724,0.00507,0.10257
0.42875,0.00507,0.10257
0.45027,0.00507,0.10257
0.47179,0.00507,0.10257
0.49331,0.00507,0.10257
0.51483,0.00507,0.10257
0.53634,0.00507,0.10257
0.55786,0.00507,0.10257
0.57938,0.00507,0.10257
0.6009,0.00507,0.10257
0.62242,0.00507,0.10257
0.64393,0.00507,0.10257
0.66545,0.00507,0.10257
0.68697,0.00507,0.10257
0.70849,0.00507,0.10257
0.73182,0.00499,0.10257
0.75515,0.00481,0.10257
0.77848,0.0045,0.10257
0.80181,0.00405,0.10257
0.82514,0.00349,0.10257
0.84847,0.00281,0.10257
0.8718,0.00201,0.10257
0.89513,0.00105,0.10257
0.91846,0.0,0.10257
0.05048,0.0,0.1282
0.0734,0.11076,0.1282
0.09632,0.16348,0.1282
0.11924,0.17151,0.1282
0.14216,0.14817,0.1282
0.16509,0.10682,0.1282
0.18801,0.06076,0.1282
0.21093,0.02334,0.1282
0.23385,0.00791,0.1282
0.25573,0.00791,0.1282
0.27762,0.00791,0.1282
0.29951,0.00791,0.1282
0.3214,0.00791,0.1282
0.34328,0.00791,0.1282
0.36517,0.00791,0.1282
0.38706,0.00791,0.1282
0.40895,0.00791,0.1282
0.43083,0.00791,0.1282
0.45272,0.00791,0.1282
0.47461,0.00791,0.1282
0.4965,0.00791,0.1282
0.51838,0.00791,0.1282
0.54027,0.00791,0.1282
0.56216,0.00791,0.1282
0.58404,0.00791,0.1282
0.60593,0.00791,0.1282
0.62782,0.00791,0.1282
0.64971,0.00791,0.1282
0.67159,0.00791,0.1282
0.69348,0.00791,0.1282
0.71653,0.00783,0.1282
0.73958,0.0076,0.1282
0.76264,0.00721,0.1282
0.78569,0.00664,0.1282
0.80874,0.00594,0.1282
0.83179,0.00507,0.1282
0.85484,0.00403,0.1282
0.87789,0.00284,0.1282
0.90095,0.0015,0.1282
0.924,0.0,0.1282
0.04418,0.0,0.15384
0.06774,0.10051,0.15384
0.09129,0.14875,0.15384
0.11485,0.1567,0.15384
0.13841,0.13634,0.15384
0.16197,0.09967,0.15384
0.18552,0.05863,0.15384
0.20908,0.02521,0.15384
0.23264,0.01142,0.15384
0.25498,0.01142,0.15384
0.27732,0.01142,0.15384
0.29967,0.01142,0.15384
0.32201,0.01142,0.15384
0.34435,0.01142,0.15384
0.36669,0.01142,0.15384
0.38903,0.01142,0.15384
0.41138,0.01142,0.15384
0.43372,0.01142,0.15384
0.45606,0.01142,0.15384
0.4784,0.01142,0.15384
0.50074,0.01142,0.15384
0.52308,0.01142,0.15384
0.54543,0.01142,0.15384
0.56777,0.01142,0.15384
0.59011,0.01142,0.15384
0.61245,0.01142,0.15384
0.63479,0.01142,0.15384
0.65714,0.01142,0.15384
0.67948,0.01142,0.15384
0.70216,0.01132,0.15384
0.72484,0.01105,0.15384
0.74753,0.01056,0.15384
0.77021,0.0099,0.15384
0.7929,0.00906,0.15384
0.81558,0.00803,0.15384
0.83826,0.0068,0.15384
0.86095,0.00538,0.15384
0.88363,0.00378,0.15384
0.90632,0.00199,0.15384
0.929,0.0,0.15384
0.03838,0.0,0.17949
0.06252,0.09088,0.17949
0.08665,0.13498,0.17949
0.11079,0.143,0.17949
0.13493,0.1256,0.17949
0.15906,0.09349,0.17949
0.1832,0.05733,0.17949
0.20734,0.02779,0.17949
0.23147,0.01557,0.17949
0.25322,0.01557,0.17949
0.27497,0.01557,0.17949
0.29672,0.01557,0.17949
0.31847,0.01557,0.17949
0.34022,0.01557,0.17949
0.36197,0.01557,0.17949
0.38372,0.01557,0.17949
0.40547,0.01557,0.17949
0.42722,0.01557,0.17949
0.44897,0.01557,0.17949
0.47072,0.01557,0.17949
0.49247,0.01557,0.17949
0.51422,0.01557,0.17949
0.53597,0.01557,0.17949
0.55772,0.01557,0.17949
0.57947,0.01557,0.17949
0.60122,0.01557,0.17949
0.62297,0.01557,0.17949
0.64472,0.01557,0.17949
0.66647,0.01557,0.17949
0.69076,0.01545,0.17949
0.71504,0.01506,0.17949
0.73933,0.01442,0.17949
0.76361,0.01352,0.17949
0.7879,0.01235,0.17949
0.81218,0.01093,0.17949
0.83646,0.00928,0.17949
0.86075,0.00735,0.17949
0.88503,0.00514,0.17949
0.90932,0.00271,0.17949
0.9336,0.0,0.17949
0.03298,0.0,0.20513
0.05765,0.082,0.20513
0.08232,0.12239,0.20513
0.10699,0.13061,0.20513
0.13166,0.11615,0.20513
0.15633,0.08845,0.20513
0.181,0.05694,0.20513
0.20567,0.0311,0.20513
0.23034,0.0204,0.20513
0.25267,0.0204,0.20513
0.27499,0.0204,0.20513
0.29731,0.0204,0.20513
0.31963,0.0204,0.20513
0.34196,0.0204,0.20513
0.36428,0.0204,0.20513
0.3866,0.0204,0.20513
0.40892,0.0204,0.20513
0.43125,0.0204,0.20513
0.45357,0.0204,0.20513
0.47589,0.0204,0.20513
0.49821,0.0204,0.20513
0.52053,0.0204,0.20513
0.54286,0.0204,0.20513
0.56518,0.0204,0.20513
0.5875,0.0204,0.20513
0.60982,0.0204,0.20513
0.63215,0.0204,0.20513
0.65447,0.0204,0.20513
0.67809,0.02025,0.20513
0.70171,0.01982,0.20513
0.72532,0.01912,0.20513
0.74894,0.01812,0.20513
0.77256,0.01686,0.20513
0.79618,0.0153,0.20513
0.8198,0.01345,0.20513
0.84341,0.01132,0.20513
0.86703,0.00892,0.20513
0.89065,0.00624,0.20513
0.91427,0.00325,0.20513
0.93789,0.0,0.20513
0.02792,0.0,0.23077
0.05308,0.07399,0.23077
0.07825,0.11111,0.23077
0.10342,0.11972,0.23077
0.12859,0.10813,0.23077
0.15375,0.08461,0.23077
0.17892,0.05752,0.23077
0.20409,0.03517,0.23077
0.22925,0.02588,0.23077
0.25227,0.02588,0.23077
0.27528,0.02588,0.23077
0.29829,0.02588,0.23077
0.3213,0.02588,0.23077
0.34431,0.02588,0.23077
0.36732,0.02588,0.23077
0.39034,0.02588,0.23077
0.41335,0.02588,0.23077
0.43636,0.02588,0.23077
0.45937,0.02588,0.23077
0.48238,0.02588,0.23077
0.5054,0.02588,0.23077
0.52841,0.02588,0.23077
0.55142,0.02588,0.23077
0.57443,0.02588,0.23077
0.59744,0.02588,0.23077
0.62045,0.02588,0.23077
0.64347,0.02588,0.23077
0.66642,0.02572,0.23077
0.68938,0.02527,0.23077
0.71234,0.02451,0.23077
0.73529,0.02344,0.23077
0.75825,0.02206,0.23077
0.78121,0.02036,0.23077
0.80417,0.01837,0.23077
0.82712,0.01608,0.23077
0.85008,0.01348,0.23077
0.87304,0.01056,0.23077
0.896,0.00735,0.23077
0.91895,0.00382,0.23077
0.94191,0.0,0.23077
0.02312,0.0,0.2564
0.04876,0.06691,0.2564
0.07439,0.10131,0.2564
0.10003,0.11046,0.2564
0.12566,0.10164,0.2564
0.1513,0.08211,0.2564
0.17693,0.05916,0.2564
0.20257,0.04004,0.2564
0.2282,0.03205,0.2564
0.25072,0.03205,0.2564
0.27323,0.03205,0.2564
0.29575,0.03205,0.2564
0.31826,0.03205,0.2564
0.34078,0.03205,0.2564
0.36329,0.03205,0.2564
0.3858,0.03205,0.2564
0.40832,0.03205,0.2564
0.43083,0.03205,0.2564
0.45335,0.03205,0.2564
0.47586,0.03205,0.2564
0.49838,0.03205,0.2564
0.52089,0.03205,0.2564
0.54341,0.03205,0.2564
0.56592,0.03205,0.2564
0.58843,0.03205,0.2564
0.61095,0.03205,0.2564
0.63346,0.03205,0.2564
0.65748,0.03186,0.2564
0.6815,0.03129,0.2564
0.70552,0.03036,0.2564
0.72954,0.02901,0.2564
0.75356,0.02732,0.2564
0.77758,0.02523,0.2564
0.8016,0.02276,0.2564
0.82562,0.01991,0.2564
0.84964,0.0167,0.2564
0.87366,0.01309,0.2564
0.89768,0.0091,0.2564
0.9217,0.00473,0.2564
0.94572,0.0,0.2564
0.01856,0.0,0.28206
0.04464,0.06089,0.28206
0.07072,0.09308,0.28206
0.0968,0.10294,0.28206
0.12288,0.0968,0.28206
0.14896,0.08098,0.28206
0.17503,0.06185,0.28206
0.20111,0.04571,0.28206
0.22719,0.03893,0.28206
0.24926,0.03893,0.28206
0.27133,0.03893,0.28206
0.2934,0.03893,0.28206
0.31547,0.03893,0.28206
0.33754,0.03893,0.28206
0.35961,0.03893,0.28206
0.38168,0.03893,0.28206
0.40376,0.03893,0.28206
0.42583,0.03893,0.28206
0.4479,0.03893,0.28206
0.46997,0.03893,0.28206
0.49204,0.03893,0.28206
0.51411,0.03893,0.28206
0.53618,0.03893,0.28206
0.55825,0.03893,0.28206
0.58032,0.03893,0.28206
0.60239,0.03893,0.28206
0.62446,0.03893,0.28206
0.64945,0.0387,0.28206
0.67444,0.03802,0.28206
0.69943,0.03685,0.28206
0.72442,0.03525,0.28206
0.74941,0.03316,0.28206
0.7744,0.03063,0.28206
0.79939,0.02765,0.28206
0.82438,0.02418,0.28206
0.84937,0.02027,0.28206
0.87436,0.0159,0.28206
0.89935,0.01105,0.28206
0.92434,0.00577,0.28206
0.94933,0.0,0.28206
0.01421,0.0,0.3077
0.03776,0.05109,0.3077
0.06132,0.08164,0.3077
0.08488,0.09558,0.3077
0.10843,0.09673,0.3077
0.13199,0.08897,0.3077
0.15555,0.07621,0.3077
0.1791,0.0623,0.3077
0.20266,0.05111,0.3077
0.22622,0.04651,0.3077
0.25061,0.04651,0.3077
0.275,0.04651,0.3077
0.29939,0.04651,0.3077
0.32378,0.04651,0.3077
0.34817,0.04651,0.3077
0.37256,0.04651,0.3077
0.39695,0.04651,0.3077
0.42134,0.04651,0.3077
0.44573,0.04651,0.3077
0.47012,0.04651,0.3077
0.49451,0.04651,0.3077
0.5189,0.04651,0.3077
0.54329,0.04651,0.3077
0.56768,0.04651,0.3077
0.59207,0.04651,0.3077
0.61646,0.04651,0.3077
0.64049,0.04628,0.3077
0.66451,0.04556,0.3077
0.68853,0.04439,0.3077
0.71256,0.04271,0.3077
0.73658,0.04059,0.3077
0.7606,0.03798,0.3077
0.78463,0.03488,0.3077
0.80865,0.03133,0.3077
0.83267,0.0273,0.3077
0.8567,0.02278,0.3077
0.88072,0.01779,0.3077
0.90475,0.01233,0.3077
0.92877,0.00641,0.3077
0.95279,0.0,0.3077
0.01003,0.0,0.33333
0.03395,0.04758,0.33333
0.05786,0.07691,0.33333
0.08178,0.09133,0.33333
0.1057,0.09427,0.33333
0.12961,0.08909,0.33333
0.15353,0.07917,0.33333
0.17745,0.06791,0.33333
0.20136,0.05867,0.33333
0.22528,0.05483,0.33333
0.24929,0.05483,0.33333
0.2733,0.05483,0.33333
0.29732,0.05483,0.33333
0.32133,0.05483,0.33333
0.34534,0.05483,0.33333
0.36935,0.05483,0.33333
0.39336,0.05483,0.33333
0.41737,0.05483,0.33333
0.44138,0.05483,0.33333
0.46539,0.05483,0.33333
0.48941,0.05483,0.33333
0.51342,0.05483,0.33333
0.53743,0.05483,0.33333
0.56144,0.05483,0.33333
0.58545,0.05483,0.33333
0.60946,0.05483,0.33333
0.63422,0.05456,0.33333
0.65898,0.05372,0.33333
0.68374,0.05232,0.33333
0.7085,0.05035,0.33333
0.73326,0.04784,0.33333
0.75802,0.04476,0.33333
0.78279,0.04111,0.33333
0.80755,0.03693,0.33333
0.83231,0.03217,0.33333
0.85707,0.02685,0.33333
0.88183,0.02099,0.33333
0.90659,0.01456,0.33333
0.93135,0.00756,0.33333
0.95611,0.0,0.33333
0.00601,0.0,0.35897
0.03027,0.04521,0.35897
0.05454,0.07393,0.35897
0.0788,0.08915,0.35897
0.10307,0.09384,0.35897
0.12733,0.09102,0.35897
0.15159,0.08361,0.35897
0.17586,0.07465,0.35897
0.20012,0.06709,0.35897
0.22439,0.06389,0.35897
0.24808,0.06389,0.35897
0.27177,0.06389,0.35897
0.29546,0.06389,0.35897
0.31916,0.06389,0.35897
0.34285,0.06389,0.35897
0.36654,0.06389,0.35897
0.39023,0.06389,0.35897
0.41392,0.06389,0.35897
0.43762,0.06389,0.35897
0.46131,0.06389,0.35897
0.485,0.06389,0.35897
0.50869,0.06389,0.35897
0.53239,0.06389,0.35897
0.55608,0.06389,0.35897
0.57977,0.06389,0.35897
0.60346,0.06389,0.35897
0.62888,0.06358,0.35897
0.6543,0.06259,0.35897
0.67971,0.06097,0.35897
0.70513,0.05869,0.35897
0.73055,0.05575,0.35897
0.75596,0.05216,0.35897
0.78138,0.04792,0.35897
0.8068,0.04304,0.35897
0.83222,0.03749,0.35897
0.85763,0.03129,0.35897
0.88305,0.02445,0.35897
0.90847,0.01695,0.35897
0.93389,0.00881,0.35897
0.9593,0.0,0.35897
0.00213,0.0,0.38461
0.02673,0.044,0.38461
0.05133,0.0728,0.38461
0.07593,0.08909,0.38461
0.10053,0.09554,0.38461
0.12513,0.09482,0.38461
0.14973,0.08961,0.38461
0.17433,0.08258,0.38461
0.19893,0.0764,0.38461
0.22353,0.07373,0.38461
0.24852,0.07373,0.38461
0.27352,0.07373,0.38461
0.29852,0.07373,0.38461
0.32351,0.07373,0.38461
0.34851,0.07373,0.38461
0.3735,0.07373,0.38461
0.3985,0.07373,0.38461
0.42349,0.07373,0.38461
0.44849,0.07373,0.38461
0.47348,0.07373,0.38461
0.49848,0.07373,0.38461
0.52348,0.07373,0.38461
0.54847,0.07373,0.38461
0.57347,0.07373,0.38461
0.59846,0.07373,0.38461
0.62272,0.07342,0.38461
0.64699,0.07243,0.38461
0.67125,0.07079,0.38461
0.69551,0.06849,0.38461
0.71977,0.06555,0.38461
0.74403,0.06194,0.38461
0.76829,0.05768,0.38461
0.79255,0.05277,0.38461
0.81681,0.04719,0.38461
0.84108,0.04096,0.38461
0.86534,0.03408,0.38461
0.8896,0.02654,0.38461
0.91386,0.01836,0.38461
0.93812,0.00951,0.38461
0.96238,0.0,0.38461
0.0,0.0,0.41026
0.02475,0.04371,0.41026
0.04949,0.07315,0.41026
0.07424,0.09076,0.41026
0.09898,0.09897,0.41026
0.12373,0.10021,0.41026
0.14847,0.09694,0.41026
0.17322,0.09158,0.41026
0.19796,0.08659,0.41026
0.22271,0.08437,0.41026
0.24749,0.08437,0.41026
0.27228,0.08437,0.41026
0.29706,0.08437,0.41026
0.32185,0.08437,0.41026
0.34663,0.08437,0.41026
0.37141,0.08437,0.41026
0.3962,0.08437,0.41026
0.42098,0.08437,0.41026
0.44576,0.08437,0.41026
0.47055,0.08437,0.41026
0.49533,0.08437,0.41026
0.52011,0.08437,0.41026
0.5449,0.08437,0.41026
0.56968,0.08437,0.41026
0.59447,0.08437,0.41026
0.61919,0.084,0.41026
0.64392,0.08287,0.41026
0.66864,0.081,0.41026
0.69337,0.07839,0.41026
0.7181,0.075,0.41026
0.74282,0.07089,0.41026
0.76755,0.066,0.41026
0.79228,0.06039,0.41026
0.817,0.05399,0.41026
0.84173,0.04688,0.41026
0.86645,0.03901,0.41026
0.89118,0.03038,0.41026
0.91591,0.02101,0.41026
0.94063,0.01087,0.41026
0.96536,0.0,0.41026
0.00089,0.0,0.4359
0.02545,0.04417,0.4359
0.05001,0.07471,0.4359
0.07457,0.09384,0.4359
0.09913,0.10386,0.4359
0.12369,0.107,0.4359
0.14825,0.10549,0.4359
0.17281,0.10164,0.4359
0.19737,0.09768,0.4359
0.22193,0.09585,0.4359
0.24657,0.09585,0.4359
0.2712,0.09585,0.4359
0.29584,0.09585,0.4359
0.32047,0.09585,0.4359
0.34511,0.09585,0.4359
0.36975,0.09585,0.4359
0.39438,0.09585,0.4359
0.41902,0.09585,0.4359
0.44365,0.09585,0.4359
0.46829,0.09585,0.4359
0.49292,0.09585,0.4359
0.51756,0.09585,0.4359
0.5422,0.09585,0.4359
0.56683,0.09585,0.4359
0.59147,0.09585,0.4359
0.61659,0.09542,0.4359
0.64171,0.09415,0.4359
0.66682,0.09201,0.4359
0.69194,0.08903,0.4359
0.71706,0.08521,0.4359
0.74218,0.08051,0.4359
0.7673,0.07498,0.4359
0.79242,0.06859,0.4359
0.81754,0.06134,0.4359
0.84265,0.05325,0.4359
0.86777,0.04431,0.4359
0.89289,0.03451,0.4359
0.91801,0.02385,0.4359
0.94313,0.01235,0.4359
0.96825,0.0,0.4359
0.00175,0.0,0.46154
0.02613,0.04591,0.46154
0.05051,0.07827,0.46154
0.07489,0.09926,0.46154
0.09928,0.11105,0.46154
0.12366,0.11582,0.46154
0.14804,0.11574,0.46154
0.17242,0.113,0.46154
0.19681,0.10974,0.46154
0.22119,0.10818,0.46154
0.24574,0.10818,0.46154
0.27029,0.10818,0.46154
0.29485,0.10818,0.46154
0.3194,0.10818,0.46154
0.34395,0.10818,0.46154
0.3685,0.10818,0.46154
0.39305,0.10818,0.46154
0.41761,0.10818,0.46154
0.44216,0.10818,0.46154
0.46671,0.10818,0.46154
0.49126,0.10818,0.46154
0.51582,0.10818,0.46154
0.54037,0.10818,0.46154
0.56492,0.10818,0.46154
0.58947,0.10818,0.46154
0.61491,0.1077,0.46154
0.64035,0.10625,0.46154
0.66579,0.10386,0.46154
0.69123,0.10049,0.46154
0.71666,0.09616,0.46154
0.7421,0.09088,0.46154
0.76754,0.08463,0.46154
0.79298,0.07742,0.46154
0.81842,0.06923,0.46154
0.84386,0.06009,0.46154
0.8693,0.05,0.46154
0.89473,0.03895,0.46154
0.92017,0.02693,0.46154
0.94561,0.01395,0.46154
0.97105,0.0,0.46154
0.00258,0.0,0.48717
0.02981,0.05399,0.48717
0.05705,0.09065,0.48717
0.08429,0.11309,0.48717
0.11153,0.12443,0.48717
0.13877,0.12781,0.48717
0.16601,0.12634,0.48717
0.19325,0.12317,0.48717
0.22049,0.12141,0.48717
0.24349,0.12141,0.48717
0.26649,0.12141,0.48717
0.28948,0.12141,0.48717
0.31248,0.12141,0.48717
0.33548,0.12141,0.48717
0.35848,0.12141,0.48717
0.38148,0.12141,0.48717
0.40448,0.12141,0.48717
0.42748,0.12141,0.48717
0.45048,0.12141,0.48717
0.47348,0.12141,0.48717
0.49648,0.12141,0.48717
0.51948,0.12141,0.48717
0.54248,0.12141,0.48717
0.56548,0.12141,0.48717
0.58848,0.12141,0.48717
0.61416,0.12087,0.48717
0.63985,0.11925,0.48717
0.66554,0.11656,0.48717
0.69122,0.11278,0.48717
0.71691,0.10793,0.48717
0.7426,0.10199,0.48717
0.76828,0.09497,0.48717
0.79397,0.08689,0.48717
0.81966,0.07771,0.48717
0.84534,0.06746,0.48717
0.87103,0.05612,0.48717
0.89672,0.04371,0.48717
0.9224,0.03022,0.48717
0.94809,0.01565,0.48717
0.97378,0.0,0.48717
0.00338,0.0,0.51283
0.03043,0.05871,0.51283
0.05749,0.09889,0.51283
0.08455,0.12385,0.51283
0.1116,0.13687,0.51283
0.13866,0.14125,0.51283
0.16571,0.1403,0.51283
0.19277,0.13731,0.51283
0.21982,0.13558,0.51283
0.24286,0.13558,0.51283
0.2659,0.13558,0.51283
0.28895,0.13558,0.51283
0.31199,0.13558,0.51283
0.33503,0.13558,0.51283
0.35807,0.13558,0.51283
0.38111,0.13558,0.51283
0.40415,0.13558,0.51283
0.42719,0.13558,0.51283
0.45023,0.13558,0.51283
0.47328,0.13558,0.51283
0.49632,0.13558,0.51283
0.51936,0.13558,0.51283
0.5424,0.13558,0.51283
0.56544,0.13558,0.51283
0.58848,0.13558,0.51283
0.61435,0.13498,0.51283
0.64021,0.13318,0.51283
0.66607,0.13016,0.51283
0.69194,0.12595,0.51283
0.7178,0.12052,0.51283
0.74366,0.11389,0.51283
0.76952,0.10606,0.51283
0.79539,0.09702,0.51283
0.82125,0.08677,0.51283
0.84711,0.07533,0.51283
0.87298,0.06267,0.51283
0.89884,0.04881,0.51283
0.9247,0.03375,0.51283
0.95057,0.01748,0.51283
0.97643,0.0,0.51283
0.00415,0.0,0.53846
0.03103,0.06477,0.53846
0.05791,0.10922,0.53846
0.08479,0.13693,0.53846
0.11168,0.15152,0.53846
0.13856,0.15659,0.53846
0.16544,0.15575,0.53846
0.19232,0.15261,0.53846
0.2192,0.15076,0.53846
0.24234,0.15076,0.53846
0.26548,0.15076,0.53846
0.28863,0.15076,0.53846
0.31177,0.15076,0.53846
0.33491,0.15076,0.53846
0.35806,0.15076,0.53846
0.3812,0.15076,0.53846
0.40434,0.15076,0.53846
0.42749,0.15076,0.53846
0.45063,0.15076,0.53846
0.47377,0.15076,0.53846
0.49692,0.15076,0.53846
0.52006,0.15076,0.53846
0.5432,0.15076,0.53846
0.56635,0.15076,0.53846
0.58949,0.15076,0.53846
0.61546,0.15008,0.53846
0.64143,0.14807,0.53846
0.66739,0.14472,0.53846
0.69336,0.14002,0.53846
0.71933,0.134,0.53846
0.7453,0.12664,0.53846
0.77127,0.11793,0.53846
0.79724,0.10787,0.53846
0.82321,0.09647,0.53846
0.84918,0.08375,0.53846
0.87515,0.06968,0.53846
0.90111,0.05427,0.53846
0.92708,0.03753,0.53846
0.95305,0.01943,0.53846
0.97902,0.0,0.53846
0.0049,0.0,0.5641
0.03161,0.07219,0.5641
0.05833,0.12163,0.5641
0.08504,0.15234,0.5641
0.11176,0.16841,0.5641
0.13847,0.17385,0.5641
0.16518,0.17272,0.5641
0.1919,0.16908,0.5641
0.21861,0.16697,0.5641
0.24192,0.16697,0.5641
0.26522,0.16697,0.5641
0.28853,0.16697,0.5641
0.31183,0.16697,0.5641
0.33514,0.16697,0.5641
0.35844,0.16697,0.5641
0.38175,0.16697,0.5641
0.40505,0.16697,0.5641
0.42836,0.16697,0.5641
0.45166,0.16697,0.5641
0.47497,0.16697,0.5641
0.49827,0.16697,0.5641
0.52158,0.16697,0.5641
0.54488,0.16697,0.5641
0.56819,0.16697,0.5641
0.5915,0.16697,0.5641
0.6175,0.16623,0.5641
0.6435,0.16399,0.5641
0.66951,0.16029,0.5641
0.69551,0.15509,0.5641
0.72151,0.14842,0.5641
0.74752,0.14026,0.5641
0.77352,0.13061,0.5641
0.79952,0.11947,0.5641
0.82553,0.10686,0.5641
0.85153,0.09275,0.5641
0.87754,0.07718,0.5641
0.90354,0.06011,0.5641
0.92954,0.04156,0.5641
0.95555,0.02151,0.5641
0.98155,0.0,0.5641
0.00562,0.0,0.58974
0.03217,0.08098,0.58974
0.05873,0.13615,0.58974
0.08529,0.17013,0.58974
0.11184,0.18757,0.58974
0.1384,0.19306,0.58974
0.16495,0.19127,0.58974
0.19151,0.18681,0.58974
0.21806,0.18429,0.58974
0.24159,0.18429,0.58974
0.26512,0.18429,0.58974
0.28865,0.18429,0.58974
0.31217,0.18429,0.58974
0.3357,0.18429,0.58974
0.35923,0.18429,0.58974
0.38276,0.18429,0.58974
0.40628,0.18429,0.58974
0.42981,0.18429,0.58974
0.45334,0.18429,0.58974
0.47687,0.18429,0.58974
0.50039,0.18429,0.58974
0.52392,0.18429,0.58974
0.54745,0.18429,0.58974
0.57098,0.18429,0.58974
0.5945,0.18429,0.58974
0.62047,0.18348,0.58974
0.64644,0.18102,0.58974
0.67241,0.17691,0.58974
0.69837,0.17118,0.58974
0.72434,0.16382,0.58974
0.75031,0.15479,0.58974
0.77628,0.14415,0.58974
0.80225,0.13188,0.58974
0.82821,0.11795,0.58974
0.85418,0.10238,0.58974
0.88015,0.08519,0.58974
0.90612,0.06635,0.58974
0.93209,0.04587,0.58974
0.95805,0.02375,0.58974
0.98402,0.0,0.58974
0.00631,0.0,0.61539
0.03271,0.09113,0.61539
0.05912,0.15281,0.61539
0.08553,0.19034,0.61539
0.11193,0.20906,0.61539
0.13834,0.21434,0.61539
0.16474,0.21148,0.61539
0.19115,0.20587,0.61539
0.21756,0.20281,0.61539
0.24137,0.20281,0.61539
0.26518,0.20281,0.61539
0.28899,0.20281,0.61539
0.31279,0.20281,0.61539
0.3366,0.20281,0.61539
0.36041,0.20281,0.61539
0.38422,0.20281,0.61539
0.40803,0.20281,0.61539
0.43184,0.20281,0.61539
0.45565,0.20281,0.61539
0.47946,0.20281,0.61539
0.50327,0.20281,0.61539
0.52708,0.20281,0.61539
0.55089,0.20281,0.61539
0.5747,0.20281,0.61539
0.59851,0.20281,0.61539
0.62437,0.20189,0.61539
0.65023,0.1992,0.61539
0.6761,0.19468,0.61539
0.70196,0.18839,0.61539
0.72782,0.18026,0.61539
0.75368,0.17034,0.61539
0.77954,0.15863,0.61539
0.80541,0.14511,0.61539
0.83127,0.12979,0.61539
0.85713,0.11267,0.61539
0.88299,0.09375,0.61539
0.90886,0.07301,0.61539
0.93472,0.05047,0.61539
0.96058,0.02613,0.61539
0.98644,0.0,0.61539
0.00697,0.0,0.64103
0.03324,0.10273,0.64103
0.0595,0.17169,0.64103
0.08576,0.21304,0.64103
0.11203,0.23299,0.64103
0.13829,0.23772,0.64103
0.16456,0.23344,0.64103
0.19082,0.22633,0.64103
0.21709,0.22258,0.64103
0.24124,0.22258,0.64103
0.26539,0.22258,0.64103
0.28954,0.22258,0.64103
0.31369,0.22258,0.64103
0.33785,0.22258,0.64103
0.362,0.22258,0.64103
0.38615,0.22258,0.64103
0.4103,0.22258,0.64103
0.43445,0.22258,0.64103
0.45861,0.22258,0.64103
0.48276,0.22258,0.64103
0.50691,0.22258,0.64103
0.53106,0.22258,0.64103
0.55522,0.22258,0.64103
0.57937,0.22258,0.64103
0.60352,0.22258,0.64103
0.62921,0.22159,0.64103
0.65489,0.21863,0.64103
0.68058,0.21368,0.64103
0.70626,0.20676,0.64103
0.73195,0.19786,0.64103
0.75764,0.18696,0.64103
0.78332,0.1741,0.64103
0.80901,0.15928,0.64103
0.83469,0.14246,0.64103
0.86038,0.12366,0.64103
0.88607,0.10288,0.64103
0.91175,0.08012,0.64103
0.93744,0.0554,0.64103
0.96312,0.02868,0.64103
0.98881,0.0,0.64103
0.00761,0.0,0.66667
0.03374,0.11582,0.66667
0.05987,0.19289,0.66667
0.086,0.23837,0.66667
0.11213,0.25947,0.66667
0.13826,0.26337,0.66667
0.16439,0.25727,0.66667
0.19052,0.24832,0.66667
0.21666,0.24376,0.66667
0.24121,0.24376,0.66667
0.26576,0.24376,0.66667
0.29032,0.24376,0.66667
0.31487,0.24376,0.66667
0.33943,0.24376,0.66667
0.36398,0.24376,0.66667
0.38854,0.24376,0.66667
0.41309,0.24376,0.66667
0.43765,0.24376,0.66667
0.4622,0.24376,0.66667
0.48676,0.24376,0.66667
0.51131,0.24376,0.66667
0.53587,0.24376,0.66667
0.56042,0.24376,0.66667
0.58498,0.24376,0.66667
0.60953,0.24376,0.66667
0.63497,0.24267,0.66667
0.66041,0.23942,0.66667
0.68585,0.234,0.66667
0.71129,0.22642,0.66667
0.73673,0.21668,0.66667
0.76217,0.20475,0.66667
0.78761,0.19067,0.66667
0.81305,0.17442,0.66667
0.83849,0.156,0.66667
0.86393,0.13542,0.66667
0.88937,0.11267,0.66667
0.91481,0.08774,0.66667
0.94025,0.06066,0.66667
0.96569,0.03141,0.66667
0.99113,0.0,0.66667
0.00821,0.0,0.6923
0.03422,0.13048,0.6923
0.06022,0.21652,0.6923
0.08623,0.26648,0.6923
0.11224,0.28868,0.6923
0.13824,0.29143,0.6923
0.16425,0.28309,0.6923
0.19026,0.27198,0.6923
0.21626,0.26643,0.6923
0.24128,0.26643,0.6923
0.2663,0.26643,0.6923
0.29132,0.26643,0.6923
0.31633,0.26643,0.6923
0.34135,0.26643,0.6923
0.36637,0.26643,0.6923
0.39138,0.26643,0.6923
0.4164,0.26643,0.6923
0.44142,0.26643,0.6923
0.46644,0.26643,0.6923
0.49145,0.26643,0.6923
0.51647,0.26643,0.6923
0.54149,0.26643,0.6923
0.56651,0.26643,0.6923
0.59152,0.26643,0.6923
0.61654,0.26643,0.6923
0.64166,0.26524,0.6923
0.66679,0.26169,0.6923
0.69191,0.25577,0.6923
0.71704,0.24749,0.6923
0.74216,0.23683,0.6923
0.76729,0.22379,0.6923
0.79241,0.2084,0.6923
0.81754,0.19065,0.6923
0.84266,0.17052,0.6923
0.86779,0.14801,0.6923
0.89291,0.12315,0.6923
0.91804,0.09591,0.6923
0.94316,0.06631,0.6923
0.96828,0.03433,0.6923
0.99341,0.0,0.6923
0.00879,0.0,0.71794
0.03468,0.14682,0.71794
0.06057,0.24281,0.71794
0.08646,0.29758,0.71794
0.11235,0.32081,0.71794
0.13824,0.32212,0.71794
0.16413,0.31111,0.71794
0.19002,0.29745,0.71794
0.21591,0.29074,0.71794
0.24145,0.29074,0.71794
0.26699,0.29074,0.71794
0.29253,0.29074,0.71794
0.31807,0.29074,0.71794
0.34361,0.29074,0.71794
0.36915,0.29074,0.71794
0.39469,0.29074,0.71794
0.42023,0.29074,0.71794
0.44577,0.29074,0.71794
0.47131,0.29074,0.71794
0.49685,0.29074,0.71794
0.52239,0.29074,0.71794
0.54793,0.29074,0.71794
0.57347,0.29074,0.71794
0.59901,0.29074,0.71794
0.62455,0.29074,0.71794
0.64929,0.28946,0.71794
0.67403,0.28558,0.71794
0.69877,0.27913,0.71794
0.72351,0.27007,0.71794
0.74825,0.25846,0.71794
0.77299,0.24423,0.71794
0.79773,0.22744,0.71794
0.82247,0.20805,0.71794
0.84721,0.18609,0.71794
0.87195,0.16154,0.71794
0.89669,0.13439,0.71794
0.92143,0.10468,0.71794
0.94617,0.07237,0.71794
0.97091,0.03747,0.71794
0.99565,0.0,0.71794
0.00934,0.0,0.7436
0.03512,0.165,0.7436
0.0609,0.27192,0.7436
0.08669,0.33188,0.7436
0.11247,0.35602,0.7436
0.13825,0.35544,0.7436
0.16403,0.34125,0.7436
0.18981,0.32459,0.7436
0.21559,0.31656,0.7436
0.24018,0.31656,0.7436
0.26477,0.31656,0.7436
0.28935,0.31656,0.7436
0.31394,0.31656,0.7436
0.33853,0.31656,0.7436
0.36311,0.31656,0.7436
0.3877,0.31656,0.7436
0.41229,0.31656,0.7436
0.43687,0.31656,0.7436
0.46146,0.31656,0.7436
0.48605,0.31656,0.7436
0.51063,0.31656,0.7436
0.53522,0.31656,0.7436
0.5598,0.31656,0.7436
0.58439,0.31656,0.7436
0.60898,0.31656,0.7436
0.63356,0.31656,0.7436
0.65958,0.31495,0.7436
0.6856,0.31009,0.7436
0.71162,0.30203,0.7436
0.73764,0.29072,0.7436
0.76366,0.27619,0.7436
0.78968,0.25842,0.7436
0.8157,0.23741,0.7436
0.84172,0.21319,0.7436
0.86774,0.18574,0.7436
0.89376,0.15505,0.7436
0.91978,0.12114,0.7436
0.9458,0.08398,0.7436
0.97182,0.04361,0.7436
0.99784,0.0,0.7436
0.00986,0.0,0.76923
0.03555,0.18515,0.76923
0.06123,0.30396,0.76923
0.08691,0.36925,0.76923
0.11259,0.39388,0.76923
0.13827,0.39067,0.76923
0.16396,0.37249,0.76923
0.18964,0.35214,0.76923
0.21532,0.34252,0.76923
0.24051,0.34252,0.76923
0.2657,0.34252,0.76923
0.29089,0.34252,0.76923
0.31609,0.34252,0.76923
0.34128,0.34252,0.76923
0.36647,0.34252,0.76923
0.39166,0.34252,0.76923
0.41685,0.34252,0.76923
0.44204,0.34252,0.76923
0.46723,0.34252,0.76923
0.49243,0.34252,0.76923
0.51762,0.34252,0.76923
0.54281,0.34252,0.76923
0.568,0.34252,0.76923
0.59319,0.34252,0.76923
0.61839,0.34252,0.76923
0.64358,0.34252,0.76923
0.66904,0.34076,0.76923
0.69449,0.33552,0.76923
0.71995,0.32679,0.76923
0.74541,0.31456,0.76923
0.77087,0.29883,0.76923
0.79633,0.2796,0.76923
0.82179,0.2569,0.76923
0.84725,0.23067,0.76923
0.87271,0.20097,0.76923
0.89817,0.16777,0.76923
0.92362,0.13106,0.76923
0.94908,0.09088,0.76923
0.97454,0.04717,0.76923
1.0,0.0,0.76923
0.01036,0.0,0.79487
0.03595,0.20756,0.79487
0.06154,0.3393,0.79487
0.08713,0.41005,0.79487
0.11272,0.43466,0.79487
0.13831,0.42796,0.79487
0.1639,0.40481,0.79487
0.18949,0.38003,0.79487
0.21508,0.36847,0.79487
0.2395,0.36847,0.79487
0.26392,0.36847,0.79487
0.28833,0.36847,0.79487
0.31275,0.36847,0.79487
0.33717,0.36847,0.79487
0.36158,0.36847,0.79487
0.386,0.36847,0.79487
0.41042,0.36847,0.79487
0.43484,0.36847,0.79487
0.45925,0.36847,0.79487
0.48367,0.36847,0.79487
0.50809,0.36847,0.79487
0.5325,0.36847,0.79487
0.55692,0.36847,0.79487
0.58134,0.36847,0.79487
0.60576,0.36847,0.79487
0.63017,0.36847,0.79487
0.65459,0.36847,0.79487
0.681,0.36674,0.79487
0.70742,0.36154,0.79487
0.73383,0.35286,0.79487
0.76024,0.34072,0.79487
0.78665,0.32512,0.79487
0.81307,0.30606,0.79487
0.83948,0.28352,0.79487
0.86589,0.2575,0.79487
0.8923,0.22802,0.79487
0.91871,0.19507,0.79487
0.94513,0.15867,0.79487
0.97154,0.11878,0.79487
0.99795,0.07543,0.79487
0.01082,0.0,0.82051
0.03633,0.23258,0.82051
0.06184,0.37849,0.82051
0.08735,0.45485,0.82051
0.11285,0.47886,0.82051
0.13836,0.46767,0.82051
0.16387,0.43843,0.82051
0.18938,0.40828,0.82051
0.21488,0.39443,0.82051
0.23998,0.39443,0.82051
0.26507,0.39443,0.82051
0.29017,0.39443,0.82051
0.31526,0.39443,0.82051
0.34036,0.39443,0.82051
0.36546,0.39443,0.82051
0.39055,0.39443,0.82051
0.41565,0.39443,0.82051
0.44074,0.39443,0.82051
0.46584,0.39443,0.82051
0.49094,0.39443,0.82051
0.51603,0.39443,0.82051
0.54113,0.39443,0.82051
0.56622,0.39443,0.82051
0.59132,0.39443,0.82051
0.61641,0.39443,0.82051
0.64151,0.39443,0.82051
0.6666,0.39443,0.82051
0.69193,0.39291,0.82051
0.71725,0.38831,0.82051
0.74258,0.38063,0.82051
0.7679,0.36991,0.82051
0.79323,0.35612,0.82051
0.81855,0.33926,0.82051
0.84387,0.31935,0.82051
0.8692,0.29636,0.82051
0.89452,0.27032,0.82051
0.91985,0.24119,0.82051
0.94517,0.20902,0.82051
0.9705,0.17377,0.82051
0.99582,0.13546,0.82051
0.01126,0.0,0.84616
0.0367,0.2607,0.84616
0.06213,0.42221,0.84616
0.08756,0.5044,0.84616
0.11299,0.5271,0.84616
0.13843,0.51021,0.84616
0.16386,0.47354,0.84616
0.18929,0.43698,0.84616
0.21472,0.42038,0.84616
0.23919,0.42038,0.84616
0.26366,0.42038,0.84616
0.28813,0.42038,0.84616
0.3126,0.42038,0.84616
0.33706,0.42038,0.84616
0.36153,0.42038,0.84616
0.386,0.42038,0.84616
0.41047,0.42038,0.84616
0.43494,0.42038,0.84616
0.4594,0.42038,0.84616
0.48387,0.42038,0.84616
0.50834,0.42038,0.84616
0.53281,0.42038,0.84616
0.55728,0.42038,0.84616
0.58175,0.42038,0.84616
0.60621,0.42038,0.84616
0.63068,0.42038,0.84616
0.65515,0.42038,0.84616
0.67962,0.42038,0.84616
0.70579,0.41882,0.84616
0.73196,0.41415,0.84616
0.75814,0.40633,0.84616
0.78431,0.3954,0.84616
0.81048,0.38135,0.84616
0.83665,0.36417,0.84616
0.86283,0.34386,0.84616
0.889,0.32044,0.84616
0.91517,0.2939,0.84616
0.94134,0.26422,0.84616
0.96751,0.23143,0.84616
0.99369,0.19552,0.84616
0.01167,0.0,0.8718
0.03704,0.2926,0.8718
0.06241,0.47149,0.8718
0.08777,0.5597,0.8718
0.11314,0.58028,0.8718
0.1385,0.55622,0.8718
0.16387,0.51052,0.8718
0.18924,0.46623,0.8718
0.2146,0.44634,0.8718
0.23981,0.44634,0.8718
0.26503,0.44634,0.8718
0.29024,0.44634,0.8718
0.31545,0.44634,0.8718
0.34066,0.44634,0.8718
0.36588,0.44634,0.8718
0.39109,0.44634,0.8718
0.4163,0.44634,0.8718
0.44151,0.44634,0.8718
0.46672,0.44634,0.8718
0.49194,0.44634,0.8718
0.51715,0.44634,0.8718
0.54236,0.44634,0.8718
0.56757,0.44634,0.8718
0.59279,0.44634,0.8718
0.618,0.44634,0.8718
0.64321,0.44634,0.8718
0.66842,0.44634,0.8718
0.69364,0.44634,0.8718
0.71846,0.44501,0.8718
0.74329,0.44104,0.8718
0.76812,0.43441,0.8718
0.79294,0.42514,0.8718
0.81777,0.41321,0.8718
0.84259,0.39864,0.8718
0.86742,0.38143,0.8718
0.89225,0.36155,0.8718
0.91707,0.33903,0.8718
0.9419,0.31385,0.8718
0.96673,0.28603,0.8718
0.99155,0.25555,0.8718
0.01206,0.0,0.89743
0.03736,0.32915,0.89743
0.06267,0.52763,0.89743
0.08798,0.62217,0.89743
0.11329,0.63956,0.89743
0.1386,0.60651,0.89743
0.1639,0.54979,0.89743
0.18921,0.49612,0.89743
0.21452,0.47229,0.89743
0.23923,0.47229,0.89743
0.26393,0.47229,0.89743
0.28864,0.47229,0.89743
0.31335,0.47229,0.89743
0.33805,0.47229,0.89743
0.36276,0.47229,0.89743
0.38747,0.47229,0.89743
0.41217,0.47229,0.89743
0.43688,0.47229,0.89743
0.46159,0.47229,0.89743
0.48629,0.47229,0.89743
0.511,0.47229,0.89743
0.53571,0.47229,0.89743
0.56041,0.47229,0.89743
0.58512,0.47229,0.89743
0.60983,0.47229,0.89743
0.63453,0.47229,0.89743
0.65924,0.47229,0.89743
0.68394,0.47229,0.89743
0.70865,0.47229,0.89743
0.73418,0.47101,0.89743
0.7597,0.46711,0.89743
0.78523,0.46064,0.89743
0.81075,0.45158,0.89743
0.83627,0.43993,0.89743
0.8618,0.42568,0.89743
0.88732,0.40885,0.89743
0.91285,0.38942,0.89743
0.93837,0.3674,0.89743
0.9639,0.34279,0.89743
0.98942,0.31561,0.89743
0.01241,0.0,0.92307
0.03767,0.37167,0.92307
0.06293,0.59252,0.92307
0.08818,0.69376,0.92307
0.11344,0.70661,0.92307
0.1387,0.66228,0.92307
0.16396,0.59195,0.92307
0.18922,0.52689,0.92307
0.21448,0.49825,0.92307
0.23877,0.49825,0.92307
0.26307,0.49825,0.92307
0.28736,0.49825,0.92307
0.31166,0.49825,0.92307
0.33595,0.49825,0.92307
0.36025,0.49825,0.92307
0.38454,0.49825,0.92307
0.40884,0.49825,0.92307
0.43313,0.49825,0.92307
0.45743,0.49825,0.92307
0.48172,0.49825,0.92307
0.50601,0.49825,0.92307
0.53031,0.49825,0.92307
0.55461,0.49825,0.92307
0.5789,0.49825,0.92307
0.60319,0.49825,0.92307
0.62749,0.49825,0.92307
0.65178,0.49825,0.92307
0.67608,0.49825,0.92307
0.70037,0.49825,0.92307
0.72467,0.49825,0.92307
0.75093,0.49702,0.92307
0.77719,0.49336,0.92307
0.80346,0.48722,0.92307
0.82972,0.47864,0.92307
0.85598,0.4676,0.92307
0.88224,0.45411,0.92307
0.9085,0.43817,0.92307
0.93476,0.41978,0.92307
0.96103,0.39893,0.92307
0.98729,0.37564,0.92307
0.01274,0.0,0.94873
0.03795,0.42202,0.94873
0.06317,0.66892,0.94873
0.08839,0.77734,0.94873
0.1136,0.7839,0.94873
0.13882,0.72523,0.94873
0.16404,0.63798,0.94873
0.18925,0.55875,0.94873
0.21447,0.5242,0.94873
0.23958,0.5242,0.94873
0.26468,0.5242,0.94873
0.28979,0.5242,0.94873
0.31489,0.5242,0.94873
0.34,0.5242,0.94873
0.3651,0.5242,0.94873
0.39021,0.5242,0.94873
0.41532,0.5242,0.94873
0.44042,0.5242,0.94873
0.46553,0.5242,0.94873
0.49063,0.5242,0.94873
0.51574,0.5242,0.94873
0.54084,0.5242,0.94873
0.56595,0.5242,0.94873
0.59105,0.5242,0.94873
0.61616,0.5242,0.94873
0.64127,0.5242,0.94873
0.66637,0.5242,0.94873
0.69148,0.5242,0.94873
0.71658,0.5242,0.94873
0.74169,0.5242,0.94873
0.76603,0.52332,0.94873
0.79038,0.52067,0.94873
0.81473,0.51625,0.94873
0.83907,0.51005,0.94873
0.86342,0.50208,0.94873
0.88777,0.49234,0.94873
0.91211,0.48083,0.94873
0.93646,0.46756,0.94873
0.96081,0.45249,0.94873
0.98515,0.43568,0.94873
0.01304,0.0,0.97436
0.03822,0.48301,0.97436
0.0634,0.76095,0.97436
0.08859,0.87718,0.97436
0.11377,0.87508,0.97436
0.13895,0.79795,0.97436
0.16414,0.6892,0.97436
0.18932,0.59215,0.97436
0.21451,0.55018,0.97436
0.23929,0.55018,0.97436
0.26407,0.55018,0.97436
0.28885,0.55018,0.97436
0.31363,0.55018,0.97436
0.33842,0.55018,0.97436
0.3632,0.55018,0.97436
0.38798,0.55018,0.97436
0.41276,0.55018,0.97436
0.43754,0.55018,0.97436
0.46232,0.55018,0.97436
0.48711,0.55018,0.97436
0.51189,0.55018,0.97436
0.53667,0.55018,0.97436
0.56145,0.55018,0.97436
0.58623,0.55018,0.97436
0.61101,0.55018,0.97436
0.6358,0.55018,0.97436
0.66058,0.55018,0.97436
0.68536,0.55018,0.97436
0.71014,0.55018,0.97436
0.73492,0.55018,0.97436
0.75971,0.55018,0.97436
0.78452,0.54949,0.97436
0.80933,0.54749,0.97436
0.83415,0.54412,0.97436
0.85896,0.53942,0.97436
0.88377,0.53336,0.97436
0.90858,0.52597,0.97436
0.9334,0.51723,0.97436
0.95821,0.50715,0.97436
0.98302,0.49573,0.97436
0.01331,0.0,1.0
0.03846,0.55898,1.0
0.06362,0.87502,1.0
0.08878,1.0,1.0
0.11394,0.98583,1.0
0.1391,0.88445,1.0
0.16426,0.74776,1.0
0.18942,0.62769,1.0
0.21458,0.57613,1.0
0.23911,0.57613,1.0
0.26363,0.57613,1.0
0.28816,0.57613,1.0
0.31269,0.57613,1.0
0.33722,0.57613,1.0
0.36175,0.57613,1.0
0.38628,0.57613,1.0
0.4108,0.57613,1.0
0.43533,0.57613,1.0
0.45986,0.57613,1.0
0.48439,0.57613,1.0
0.50892,0.57613,1.0
0.53344,0.57613,1.0
0.55797,0.57613,1.0
0.5825,0.57613,1.0
0.60703,0.57613,1.0
0.63156,0.57613,1.0
0.65608,0.57613,1.0
0.68061,0.57613,1.0
0.70514,0.57613,1.0
0.72967,0.57613,1.0
0.7542,0.57613,1.0
0.77873,0.57613,1.0
0.804,0.5758,1.0
0.82927,0.57484,1.0
0.85454,0.57327,1.0
0.87981,0.57102,1.0
0.90508,0.56816,1.0
0.93035,0.56467,1.0
0.95562,0.56054,1.0
0.98089,0.55577,1.0
