0.02929,0.0,0.0
0.05203,0.0,0.0
0.07476,0.0,0.0
0.0975,0.0,0.0
0.12023,0.0,0.0
0.14296,0.0,0.0
0.1657,0.0,0.0
0.18843,0.0,0.0
0.21117,0.0,0.0
0.2339,0.0,0.0
0.25663,0.0,0.0
0.27937,0.0,0.0
0.3021,0.0,0.0
0.32483,0.0,0.0
0.34757,0.0,0.0
0.3703,0.0,0.0
0.39304,0.0,0.0
0.41577,0.0,0.0
0.4385,0.0,0.0
0.46124,0.0,0.0
0.48397,0.0,0.0
0.50671,0.0,0.0
0.52944,0.0,0.0
0.55217,0.0,0.0
0.57491,0.0,0.0
0.59764,0.0,0.0
0.62037,0.0,0.0
0.64311,0.0,0.0
0.66584,0.0,0.0
0.68858,0.0,0.0
0.71131,0.0,0.0
0.73404,0.0,0.0
0.75678,0.0,0.0
0.77951,0.0,0.0
0.80225,0.0,0.0
0.82498,0.0,0.0
0.84771,0.0,0.0
0.87045,0.0,0.0
0.89318,0.0,0.0
0.91592,0.0,0.0
0.0198,0.0,0.02564
0.04536,0.05412,0.02564
0.07093,0.00073,0.02564
0.09409,0.00073,0.02564
0.11725,0.00073,0.02564
0.14041,0.00073,0.02564
0.16357,0.00073,0.02564
0.18673,0.00073,0.02564
0.20989,0.00073,0.02564
0.23305,0.00073,0.02564
0.25621,0.00073,0.02564
0.27936,0.00073,0.02564
0.30252,0.00073,0.02564
0.32568,0.00073,0.02564
0.34884,0.00073,0.02564
0.372,0.00073,0.02564
0.39516,0.00073,0.02564
0.41832,0.00073,0.02564
0.44148,0.00073,0.02564
0.46464,0.00073,0.02564
0.4878,0.00073,0.02564
0.51096,0.00073,0.02564
0.53412,0.00073,0.02564
0.55728,0.00073,0.02564
0.58044,0.00073,0.02564
0.6036,0.00073,0.02564
0.62676,0.00073,0.02564
0.64992,0.00073,0.02564
0.67308,0.00073,0.02564
0.69624,0.00073,0.02564
0.7194,0.00073,0.02564
0.74256,0.00073,0.02564
0.76572,0.00073,0.02564
0.78888,0.00073,0.02564
0.81204,0.00073,0.02564
0.8352,0.00073,0.02564
0.85836,0.00073,0.02564
0.88143,0.00069,0.02564
0.9045,0.00054,0.02564
0.92757,0.0,0.02564
0.01586,0.0,0.05128
0.04179,0.0568,0.05128
0.06772,0.00294,0.05128
0.09048,0.00294,0.05128
0.11324,0.00294,0.05128
0.13599,0.00294,0.05128
0.15875,0.00294,0.05128
0.18151,0.00294,0.05128
0.20427,0.00294,0.05128
0.22703,0.00294,0.05128
0.24979,0.00294,0.05128
0.27254,0.00294,0.05128
0.2953,0.00294,0.05128
0.31806,0.00294,0.05128
0.34082,0.00294,0.05128
0.36358,0.00294,0.05128
0.38633,0.00294,0.05128
0.40909,0.00294,0.05128
0.43185,0.00294,0.05128
0.45461,0.00294,0.05128
0.47737,0.00294,0.05128
0.50012,0.00294,0.05128
0.52288,0.00294,0.05128
0.54564,0.00294,0.05128
0.5684,0.00294,0.05128
0.59116,0.00294,0.05128
0.61392,0.00294,0.05128
0.63667,0.00294,0.05128
0.65943,0.00294,0.05128
0.68219,0.00294,0.05128
0.70495,0.00294,0.05128
0.72771,0.00294,0.05128
0.75046,0.00294,0.05128
0.77322,0.00294,0.05128
0.79598,0.00294,0.05128
0.81874,0.00294,0.05128
0.8415,0.00294,0.05128
0.86426,0.00294,0.05128
0.89833,0.00255,0.05128
0.9324,0.0,0.05128
0.01285,0.0,0.07692
0.03877,0.05937,0.07692
0.0647,0.00667,0.07692
0.08771,0.00667,0.07692
0.11071,0.00667,0.07692
0.13372,0.00667,0.07692
0.15672,0.00667,0.07692
0.17973,0.00667,0.07692
0.20273,0.00667,0.07692
0.22574,0.00667,0.07692
0.24874,0.00667,0.07692
0.27175,0.00667,0.07692
0.29475,0.00667,0.07692
0.31775,0.00667,0.07692
0.34076,0.00667,0.07692
0.36377,0.00667,0.07692
0.38677,0.00667,0.07692
0.40977,0.00667,0.07692
0.43278,0.00667,0.07692
0.45578,0.00667,0.07692
0.47879,0.00667,0.07692
0.50179,0.00667,0.07692
0.5248,0.00667,0.07692
0.5478,0.00667,0.07692
0.57081,0.00667,0.07692
0.59381,0.00667,0.07692
0.61682,0.00667,0.07692
0.63982,0.00667,0.07692
0.66283,0.00667,0.07692
0.68583,0.00667,0.07692
0.70884,0.00667,0.07692
0.73184,0.00667,0.07692
0.75485,0.00667,0.07692
0.77785,0.00667,0.07692
0.80086,0.00667,0.07692
0.82386,0.00667,0.07692
0.84687,0.00667,0.07692
0.86987,0.00667,0.07692
0.90299,0.00577,0.07692
0.93611,0.0,0.07692
0.0103,0.0,0.10257
0.03609,0.06228,0.10257
0.06187,0.01196,0.10257
0.08511,0.01196,0.10257
0.10835,0.01196,0.10257
0.13159,0.01196,0.10257
0.15482,0.01196,0.10257
0.17806,0.01196,0.10257
0.2013,0.01196,0.10257
0.22454,0.01196,0.10257
0.24778,0.01196,0.10257
0.27102,0.01196,0.10257
0.29426,0.01196,0.10257
0.31749,0.01196,0.10257
0.34073,0.01196,0.10257
0.36397,0.01196,0.10257
0.38721,0.01196,0.10257
0.41045,0.01196,0.10257
0.43369,0.01196,0.10257
0.45692,0.01196,0.10257
0.48016,0.01196,0.10257
0.5034,0.01196,0.10257
0.52664,0.01196,0.10257
0.54988,0.01196,0.10257
0.57312,0.01196,0.10257
0.59635,0.01196,0.10257
0.61959,0.01196,0.10257
0.64283,0.01196,0.10257
0.66607,0.01196,0.10257
0.68931,0.01196,0.10257
0.71255,0.01196,0.10257
0.73578,0.01196,0.10257
0.75902,0.01196,0.10257
0.78226,0.01196,0.10257
0.8055,0.01196,0.10257
0.82874,0.01196,0.10257
0.85198,0.01196,0.10257
0.87522,0.01196,0.10257
0.90722,0.01035,0.10257
0.93923,0.0,0.10257
0.00806,0.0,0.1282
0.03365,0.06575,0.1282
0.05923,0.01889,0.1282
0.08269,0.01889,0.1282
0.10615,0.01889,0.1282
0.12961,0.01889,0.1282
0.15306,0.01889,0.1282
0.17652,0.01889,0.1282
0.19998,0.01889,0.1282
0.22344,0.01889,0.1282
0.2469,0.01889,0.1282
0.27036,0.01889,0.1282
0.29382,0.01889,0.1282
0.31727,0.01889,0.1282
0.34073,0.01889,0.1282
0.36419,0.01889,0.1282
0.38765,0.01889,0.1282
0.41111,0.01889,0.1282
0.43457,0.01889,0.1282
0.45803,0.01889,0.1282
0.48149,0.01889,0.1282
0.50494,0.01889,0.1282
0.5284,0.01889,0.1282
0.55186,0.01889,0.1282
0.57532,0.01889,0.1282
0.59878,0.01889,0.1282
0.62224,0.01889,0.1282
0.6457,0.01889,0.1282
0.66915,0.01889,0.1282
0.69261,0.01889,0.1282
0.71607,0.01889,0.1282
0.73953,0.01889,0.1282
0.76299,0.01889,0.1282
0.78645,0.01889,0.1282
0.80991,0.01889,0.1282
0.83336,0.01889,0.1282
0.85682,0.01889,0.1282
0.88028,0.01889,0.1282
0.91113,0.01635,0.1282
0.94198,0.0,0.1282
0.00603,0.0,0.15385
0.03141,0.06994,0.15385
0.05678,0.02758,0.15385
0.08044,0.02758,0.15385
0.10411,0.02758,0.15385
0.12777,0.02758,0.15385
0.15144,0.02758,0.15385
0.17511,0.02758,0.15385
0.19877,0.02758,0.15385
0.22244,0.02758,0.15385
0.2461,0.02758,0.15385
0.26977,0.02758,0.15385
0.29343,0.02758,0.15385
0.3171,0.02758,0.15385
0.34076,0.02758,0.15385
0.36443,0.02758,0.15385
0.38809,0.02758,0.15385
0.41176,0.02758,0.15385
0.43543,0.02758,0.15385
0.45909,0.02758,0.15385
0.48276,0.02758,0.15385
0.50642,0.02758,0.15385
0.53009,0.02758,0.15385
0.55375,0.02758,0.15385
0.57742,0.02758,0.15385
0.60108,0.02758,0.15385
0.62475,0.02758,0.15385
0.64842,0.02758,0.15385
0.67208,0.02758,0.15385
0.69575,0.02758,0.15385
0.71941,0.02758,0.15385
0.74308,0.02758,0.15385
0.76674,0.02758,0.15385
0.79041,0.02758,0.15385
0.81407,0.02758,0.15385
0.83774,0.02758,0.15385
0.8614,0.02758,0.15385
0.88507,0.02758,0.15385
0.91477,0.02389,0.15385
0.94447,0.0,0.15385
0.00417,0.0,0.17949
0.02934,0.07498,0.17949
0.05452,0.03819,0.17949
0.07837,0.03819,0.17949
0.10223,0.03819,0.17949
0.12609,0.03819,0.17949
0.14995,0.03819,0.17949
0.17381,0.03819,0.17949
0.19767,0.03819,0.17949
0.22153,0.03819,0.17949
0.24539,0.03819,0.17949
0.26925,0.03819,0.17949
0.29311,0.03819,0.17949
0.31697,0.03819,0.17949
0.34082,0.03819,0.17949
0.36468,0.03819,0.17949
0.38854,0.03819,0.17949
0.4124,0.03819,0.17949
0.43626,0.03819,0.17949
0.46012,0.03819,0.17949
0.48398,0.03819,0.17949
0.50784,0.03819,0.17949
0.5317,0.03819,0.17949
0.55556,0.03819,0.17949
0.57941,0.03819,0.17949
0.60327,0.03819,0.17949
0.62713,0.03819,0.17949
0.65099,0.03819,0.17949
0.67485,0.03819,0.17949
0.69871,0.03819,0.17949
0.72257,0.03819,0.17949
0.74643,0.03819,0.17949
0.77029,0.03819,0.17949
0.79415,0.03819,0.17949
0.81801,0.03819,0.17949
0.84186,0.03819,0.17949
0.86572,0.03819,0.17949
0.88958,0.03819,0.17949
0.91817,0.03308,0.17949
0.94676,0.0,0.17949
0.00243,0.0,0.20513
0.02744,0.08102,0.20513
0.05244,0.05096,0.20513
0.07648,0.05096,0.20513
0.10052,0.05096,0.20513
0.12456,0.05096,0.20513
0.1486,0.05096,0.20513
0.17264,0.05096,0.20513
0.19668,0.05096,0.20513
0.22072,0.05096,0.20513
0.24476,0.05096,0.20513
0.26879,0.05096,0.20513
0.29283,0.05096,0.20513
0.31687,0.05096,0.20513
0.34091,0.05096,0.20513
0.36495,0.05096,0.20513
0.38899,0.05096,0.20513
0.41303,0.05096,0.20513
0.43707,0.05096,0.20513
0.46111,0.05096,0.20513
0.48515,0.05096,0.20513
0.50919,0.05096,0.20513
0.53323,0.05096,0.20513
0.55727,0.05096,0.20513
0.58131,0.05096,0.20513
0.60535,0.05096,0.20513
0.62939,0.05096,0.20513
0.65343,0.05096,0.20513
0.67746,0.05096,0.20513
0.7015,0.05096,0.20513
0.72554,0.05096,0.20513
0.74958,0.05096,0.20513
0.77362,0.05096,0.20513
0.79766,0.05096,0.20513
0.8217,0.05096,0.20513
0.84574,0.05096,0.20513
0.86978,0.05096,0.20513
0.89382,0.05096,0.20513
0.92127,0.03825,0.20513
0.94871,0.00011,0.20513
0.00081,0.0,0.23077
0.02568,0.08826,0.23077
0.05056,0.0662,0.23077
0.07476,0.0662,0.23077
0.09897,0.0662,0.23077
0.12317,0.0662,0.23077
0.14738,0.0662,0.23077
0.17159,0.0662,0.23077
0.19579,0.0662,0.23077
0.22,0.0662,0.23077
0.24421,0.0662,0.23077
0.26841,0.0662,0.23077
0.29262,0.0662,0.23077
0.31683,0.0662,0.23077
0.34103,0.0662,0.23077
0.36524,0.0662,0.23077
0.38945,0.0662,0.23077
0.41365,0.0662,0.23077
0.43786,0.0662,0.23077
0.46206,0.0662,0.23077
0.48627,0.0662,0.23077
0.51048,0.0662,0.23077
0.53468,0.0662,0.23077
0.55889,0.0662,0.23077
0.5831,0.0662,0.23077
0.6073,0.0662,0.23077
0.63151,0.0662,0.23077
0.65571,0.0662,0.23077
0.67992,0.0662,0.23077
0.70413,0.0662,0.23077
0.72833,0.0662,0.23077
0.75254,0.0662,0.23077
0.77675,0.0662,0.23077
0.80095,0.0662,0.23077
0.82516,0.0662,0.23077
0.84937,0.0662,0.23077
0.87357,0.0662,0.23077
0.89778,0.0662,0.23077
0.92407,0.05,0.23077
0.95037,0.00138,0.23077
0.0,0.0,0.25641
0.02443,0.09615,0.25641
0.04886,0.08439,0.25641
0.07322,0.08439,0.25641
0.09758,0.08439,0.25641
0.12194,0.08439,0.25641
0.1463,0.08439,0.25641
0.17066,0.08439,0.25641
0.19502,0.08439,0.25641
0.21938,0.08439,0.25641
0.24374,0.08439,0.25641
0.2681,0.08439,0.25641
0.29246,0.08439,0.25641
0.31682,0.08439,0.25641
0.34118,0.08439,0.25641
0.36554,0.08439,0.25641
0.3899,0.08439,0.25641
0.41426,0.08439,0.25641
0.43862,0.08439,0.25641
0.46298,0.08439,0.25641
0.48734,0.08439,0.25641
0.5117,0.08439,0.25641
0.53606,0.08439,0.25641
0.56042,0.08439,0.25641
0.58478,0.08439,0.25641
0.60914,0.08439,0.25641
0.6335,0.08439,0.25641
0.65786,0.08439,0.25641
0.68222,0.08439,0.25641
0.70658,0.08439,0.25641
0.73094,0.08439,0.25641
0.7553,0.08439,0.25641
0.77966,0.08439,0.25641
0.80402,0.08439,0.25641
0.82838,0.08439,0.25641
0.85274,0.08439,0.25641
0.8771,0.08439,0.25641
0.90146,0.08439,0.25641
0.92674,0.06431,0.25641
0.95202,0.00408,0.25641
0.0004,0.0,0.28205
0.04735,0.10627,0.28205
0.07117,0.10627,0.28205
0.09499,0.10627,0.28205
0.11881,0.10627,0.28205
0.14263,0.10627,0.28205
0.16645,0.10627,0.28205
0.19027,0.10627,0.28205
0.21409,0.10627,0.28205
0.23791,0.10627,0.28205
0.26173,0.10627,0.28205
0.28555,0.10627,0.28205
0.30937,0.10627,0.28205
0.33319,0.10627,0.28205
0.35701,0.10627,0.28205
0.38083,0.10627,0.28205
0.40465,0.10627,0.28205
0.42847,0.10627,0.28205
0.45229,0.10627,0.28205
0.47611,0.10627,0.28205
0.49993,0.10627,0.28205
0.52375,0.10627,0.28205
0.54757,0.10627,0.28205
0.57139,0.10627,0.28205
0.59521,0.10627,0.28205
0.61903,0.10627,0.28205
0.64285,0.10627,0.28205
0.66667,0.10627,0.28205
0.69049,0.10627,0.28205
0.71431,0.10627,0.28205
0.73813,0.10627,0.28205
0.76195,0.10627,0.28205
0.78577,0.10627,0.28205
0.80959,0.10627,0.28205
0.83341,0.10627,0.28205
0.85723,0.10627,0.28205
0.88105,0.10627,0.28205
0.90487,0.10627,0.28205
0.92927,0.08177,0.28205
0.95368,0.00823,0.28205
0.00083,0.0,0.3077
0.04603,0.13313,0.3077
0.06933,0.13313,0.3077
0.09263,0.13313,0.3077
0.11592,0.13313,0.3077
0.13922,0.13313,0.3077
0.16252,0.13313,0.3077
0.18581,0.13313,0.3077
0.20911,0.13313,0.3077
0.2324,0.13313,0.3077
0.2557,0.13313,0.3077
0.279,0.13313,0.3077
0.30229,0.13313,0.3077
0.32559,0.13313,0.3077
0.34889,0.13313,0.3077
0.37218,0.13313,0.3077
0.39548,0.13313,0.3077
0.41878,0.13313,0.3077
0.44207,0.13313,0.3077
0.46537,0.13313,0.3077
0.48866,0.13313,0.3077
0.51196,0.13313,0.3077
0.53526,0.13313,0.3077
0.55855,0.13313,0.3077
0.58185,0.13313,0.3077
0.60515,0.13313,0.3077
0.62844,0.13313,0.3077
0.65174,0.13313,0.3077
0.67504,0.13313,0.3077
0.69833,0.13313,0.3077
0.72163,0.13313,0.3077
0.74493,0.13313,0.3077
0.76822,0.13313,0.3077
0.79152,0.13313,0.3077
0.81481,0.13313,0.3077
0.83811,0.13313,0.3077
0.86141,0.13313,0.3077
0.8847,0.13313,0.3077
0.908,0.13313,0.3077
0.95533,0.01391,0.3077
0.00131,0.0,0.33333
0.0449,0.16755,0.33333
0.06831,0.16755,0.33333
0.09171,0.16755,0.33333
0.11512,0.16755,0.33333
0.13852,0.16755,0.33333
0.16192,0.16755,0.33333
0.18533,0.16755,0.33333
0.20873,0.16755,0.33333
0.23214,0.16755,0.33333
0.25554,0.16755,0.33333
0.27894,0.16755,0.33333
0.30235,0.16755,0.33333
0.32575,0.16755,0.33333
0.34916,0.16755,0.33333
0.37256,0.16755,0.33333
0.39597,0.16755,0.33333
0.41937,0.16755,0.33333
0.44277,0.16755,0.33333
0.46618,0.16755,0.33333
0.48958,0.16755,0.33333
0.51299,0.16755,0.33333
0.53639,0.16755,0.33333
0.55979,0.16755,0.33333
0.5832,0.16755,0.33333
0.6066,0.16755,0.33333
0.63001,0.16755,0.33333
0.65341,0.16755,0.33333
0.67681,0.16755,0.33333
0.70022,0.16755,0.33333
0.72362,0.16755,0.33333
0.74703,0.16755,0.33333
0.77043,0.16755,0.33333
0.79383,0.16755,0.33333
0.81724,0.16755,0.33333
0.84064,0.16755,0.33333
0.86405,0.16755,0.33333
0.88745,0.16755,0.33333
0.91086,0.16755,0.33333
0.95699,0.02117,0.33333
0.00182,0.0,0.35897
0.04396,0.21671,0.35897
0.06746,0.21671,0.35897
0.09096,0.21671,0.35897
0.11446,0.21671,0.35897
0.13796,0.21671,0.35897
0.16146,0.21671,0.35897
0.18496,0.21671,0.35897
0.20846,0.21671,0.35897
0.23196,0.21671,0.35897
0.25546,0.21671,0.35897
0.27895,0.21671,0.35897
0.30245,0.21671,0.35897
0.32595,0.21671,0.35897
0.34945,0.21671,0.35897
0.37295,0.21671,0.35897
0.39645,0.21671,0.35897
0.41995,0.21671,0.35897
0.44345,0.21671,0.35897
0.46695,0.21671,0.35897
0.49045,0.21671,0.35897
0.51395,0.21671,0.35897
0.53745,0.21671,0.35897
0.56094,0.21671,0.35897
0.58444,0.21671,0.35897
0.60794,0.21671,0.35897
0.63144,0.21671,0.35897
0.65494,0.21671,0.35897
0.67844,0.21671,0.35897
0.70194,0.21671,0.35897
0.72544,0.21671,0.35897
0.74894,0.21671,0.35897
0.77244,0.21671,0.35897
0.79594,0.21671,0.35897
0.81944,0.21671,0.35897
0.84293,0.21671,0.35897
0.86643,0.21671,0.35897
0.88993,0.21671,0.35897
0.91343,0.21671,0.35897
0.95864,0.03016,0.35897
0.00238,0.0,0.38462
0.04321,0.88188,0.38462
0.06679,0.88188,0.38462
0.09037,0.88188,0.38462
0.11396,0.88188,0.38462
0.13754,0.88188,0.38462
0.16112,0.88188,0.38462
0.1847,0.88188,0.38462
0.20828,0.88188,0.38462
0.23186,0.88188,0.38462
0.25545,0.88188,0.38462
0.27903,0.88188,0.38462
0.30261,0.88188,0.38462
0.32619,0.88188,0.38462
0.34977,0.88188,0.38462
0.37335,0.88188,0.38462
0.39694,0.88188,0.38462
0.42052,0.88188,0.38462
0.4441,0.88188,0.38462
0.46768,0.88188,0.38462
0.49126,0.88188,0.38462
0.51484,0.88188,0.38462
0.53843,0.88188,0.38462
0.56201,0.88188,0.38462
0.58559,0.88188,0.38462
0.60917,0.88188,0.38462
0.63275,0.88188,0.38462
0.65634,0.88188,0.38462
0.67992,0.88188,0.38462
0.7035,0.88188,0.38462
0.72708,0.88188,0.38462
0.75066,0.88188,0.38462
0.77424,0.88188,0.38462
0.79783,0.88188,0.38462
0.82141,0.88188,0.38462
0.84499,0.88188,0.38462
0.86857,0.88188,0.38462
0.89215,0.88188,0.38462
0.91573,0.88188,0.38462
0.96029,0.04101,0.38462
0.00297,0.0,0.41025
0.04265,0.94513,0.41025
0.0663,0.94513,0.41025
0.08995,0.94513,0.41025
0.1136,0.94513,0.41025
0.13726,0.94513,0.41025
0.16091,0.94513,0.41025
0.18456,0.94513,0.41025
0.20821,0.94513,0.41025
0.23186,0.94513,0.41025
0.25551,0.94513,0.41025
0.27916,0.94513,0.41025
0.30282,0.94513,0.41025
0.32647,0.94513,0.41025
0.35012,0.94513,0.41025
0.37377,0.94513,0.41025
0.39742,0.94513,0.41025
0.42107,0.94513,0.41025
0.44473,0.94513,0.41025
0.46838,0.94513,0.41025
0.49203,0.94513,0.41025
0.51568,0.94513,0.41025
0.53933,0.94513,0.41025
0.56298,0.94513,0.41025
0.58664,0.94513,0.41025
0.61029,0.94513,0.41025
0.63394,0.94513,0.41025
0.65759,0.94513,0.41025
0.68124,0.94513,0.41025
0.70489,0.94513,0.41025
0.72855,0.94513,0.41025
0.7522,0.94513,0.41025
0.77585,0.94513,0.41025
0.7995,0.94513,0.41025
0.82315,0.94513,0.41025
0.8468,0.94513,0.41025
0.87046,0.94513,0.41025
0.89411,0.94513,0.41025
0.91776,0.94513,0.41025
0.96195,0.05395,0.41025
0.0036,0.0,0.4359
0.04227,0.97788,0.4359
0.06598,0.97788,0.4359
0.08969,0.97788,0.4359
0.1134,0.97788,0.4359
0.13711,0.97788,0.4359
0.16082,0.97788,0.4359
0.18453,0.97788,0.4359
0.20824,0.97788,0.4359
0.23195,0.97788,0.4359
0.25566,0.97788,0.4359
0.27936,0.97788,0.4359
0.30307,0.97788,0.4359
0.32678,0.97788,0.4359
0.35049,0.97788,0.4359
0.3742,0.97788,0.4359
0.39791,0.97788,0.4359
0.42162,0.97788,0.4359
0.44533,0.97788,0.4359
0.46904,0.97788,0.4359
0.49274,0.97788,0.4359
0.51645,0.97788,0.4359
0.54016,0.97788,0.4359
0.56387,0.97788,0.4359
0.58758,0.97788,0.4359
0.61129,0.97788,0.4359
0.635,0.97788,0.4359
0.65871,0.97788,0.4359
0.68242,0.97788,0.4359
0.70613,0.97788,0.4359
0.72984,0.97788,0.4359
0.75354,0.97788,0.4359
0.77725,0.97788,0.4359
0.80096,0.97788,0.4359
0.82467,0.97788,0.4359
0.84838,0.97788,0.4359
0.87209,0.97788,0.4359
0.8958,0.97788,0.4359
0.91951,0.97788,0.4359
0.9636,0.06928,0.4359
0.00427,0.0,0.46154
0.04209,1.0,0.46154
0.06584,1.0,0.46154
0.0896,1.0,0.46154
0.11335,1.0,0.46154
0.1371,1.0,0.46154
0.16086,1.0,0.46154
0.18461,1.0,0.46154
0.20837,1.0,0.46154
0.23212,1.0,0.46154
0.25587,1.0,0.46154
0.27963,1.0,0.46154
0.30338,1.0,0.46154
0.32713,1.0,0.46154
0.35089,1.0,0.46154
0.37464,1.0,0.46154
0.3984,1.0,0.46154
0.42215,1.0,0.46154
0.4459,1.0,0.46154
0.46966,1.0,0.46154
0.49341,1.0,0.46154
0.51716,1.0,0.46154
0.54092,1.0,0.46154
0.56467,1.0,0.46154
0.58843,1.0,0.46154
0.61218,1.0,0.46154
0.63593,1.0,0.46154
0.65969,1.0,0.46154
0.68344,1.0,0.46154
0.7072,1.0,0.46154
0.73095,1.0,0.46154
0.7547,1.0,0.46154
0.77846,1.0,0.46154
0.80221,1.0,0.46154
0.82596,1.0,0.46154
0.84972,1.0,0.46154
0.87347,1.0,0.46154
0.89723,1.0,0.46154
0.92098,1.0,0.46154
0.96526,0.08744,0.46154
0.00497,0.0,0.48718
0.04209,1.0,0.48718
0.06588,1.0,0.48718
0.08967,1.0,0.48718
0.11345,1.0,0.48718
0.13724,1.0,0.48718
0.16102,1.0,0.48718
0.18481,1.0,0.48718
0.2086,1.0,0.48718
0.23238,1.0,0.48718
0.25617,1.0,0.48718
0.27995,1.0,0.48718
0.30374,1.0,0.48718
0.32753,1.0,0.48718
0.35131,1.0,0.48718
0.3751,1.0,0.48718
0.39888,1.0,0.48718
0.42267,1.0,0.48718
0.44646,1.0,0.48718
0.47024,1.0,0.48718
0.49403,1.0,0.48718
0.51781,1.0,0.48718
0.5416,1.0,0.48718
0.56539,1.0,0.48718
0.58917,1.0,0.48718
0.61296,1.0,0.48718
0.63674,1.0,0.48718
0.66053,1.0,0.48718
0.68431,1.0,0.48718
0.7081,1.0,0.48718
0.73189,1.0,0.48718
0.75567,1.0,0.48718
0.77946,1.0,0.48718
0.80324,1.0,0.48718
0.82703,1.0,0.48718
0.85082,1.0,0.48718
0.8746,1.0,0.48718
0.89839,1.0,0.48718
0.92217,1.0,0.48718
0.96691,0.10911,0.48718
0.00572,0.0,0.51282
0.04229,1.0,0.51282
0.06609,1.0,0.51282
0.0899,1.0,0.51282
0.1137,1.0,0.51282
0.13751,1.0,0.51282
0.16131,1.0,0.51282
0.18512,1.0,0.51282
0.20893,1.0,0.51282
0.23273,1.0,0.51282
0.25654,1.0,0.51282
0.28034,1.0,0.51282
0.30415,1.0,0.51282
0.32795,1.0,0.51282
0.35176,1.0,0.51282
0.37556,1.0,0.51282
0.39937,1.0,0.51282
0.42318,1.0,0.51282
0.44698,1.0,0.51282
0.47079,1.0,0.51282
0.49459,1.0,0.51282
0.5184,1.0,0.51282
0.5422,1.0,0.51282
0.56601,1.0,0.51282
0.58982,1.0,0.51282
0.61362,1.0,0.51282
0.63743,1.0,0.51282
0.66123,1.0,0.51282
0.68504,1.0,0.51282
0.70884,1.0,0.51282
0.73265,1.0,0.51282
0.75645,1.0,0.51282
0.78026,1.0,0.51282
0.80407,1.0,0.51282
0.82787,1.0,0.51282
0.85168,1.0,0.51282
0.87548,1.0,0.51282
0.89929,1.0,0.51282
0.92309,1.0,0.51282
0.96857,0.13543,0.51282
0.00651,0.0,0.53846
0.04267,1.0,0.53846
0.06648,1.0,0.53846
0.09029,1.0,0.53846
0.11411,1.0,0.53846
0.13792,1.0,0.53846
0.16173,1.0,0.53846
0.18554,1.0,0.53846
0.20936,1.0,0.53846
0.23317,1.0,0.53846
0.25698,1.0,0.53846
0.28079,1.0,0.53846
0.30461,1.0,0.53846
0.32842,1.0,0.53846
0.35223,1.0,0.53846
0.37605,1.0,0.53846
0.39986,1.0,0.53846
0.42367,1.0,0.53846
0.44748,1.0,0.53846
0.4713,1.0,0.53846
0.49511,1.0,0.53846
0.51892,1.0,0.53846
0.54273,1.0,0.53846
0.56655,1.0,0.53846
0.59036,1.0,0.53846
0.61417,1.0,0.53846
0.63799,1.0,0.53846
0.6618,1.0,0.53846
0.68561,1.0,0.53846
0.70942,1.0,0.53846
0.73324,1.0,0.53846
0.75705,1.0,0.53846
0.78086,1.0,0.53846
0.80467,1.0,0.53846
0.82849,1.0,0.53846
0.8523,1.0,0.53846
0.87611,1.0,0.53846
0.89992,1.0,0.53846
0.92374,1.0,0.53846
0.97022,0.16859,0.53846
0.00733,0.0,0.5641
0.04324,1.0,0.5641
0.06704,1.0,0.5641
0.09085,1.0,0.5641
0.11466,1.0,0.5641
0.13847,1.0,0.5641
0.16227,1.0,0.5641
0.18608,1.0,0.5641
0.20989,1.0,0.5641
0.2337,1.0,0.5641
0.2575,1.0,0.5641
0.28131,1.0,0.5641
0.30512,1.0,0.5641
0.32892,1.0,0.5641
0.35273,1.0,0.5641
0.37654,1.0,0.5641
0.40035,1.0,0.5641
0.42415,1.0,0.5641
0.44796,1.0,0.5641
0.47177,1.0,0.5641
0.49558,1.0,0.5641
0.51938,1.0,0.5641
0.54319,1.0,0.5641
0.567,1.0,0.5641
0.5908,1.0,0.5641
0.61461,1.0,0.5641
0.63842,1.0,0.5641
0.66222,1.0,0.5641
0.68603,1.0,0.5641
0.70984,1.0,0.5641
0.73365,1.0,0.5641
0.75745,1.0,0.5641
0.78126,1.0,0.5641
0.80507,1.0,0.5641
0.82887,1.0,0.5641
0.85268,1.0,0.5641
0.87649,1.0,0.5641
0.9003,1.0,0.5641
0.9241,1.0,0.5641
0.97188,0.21331,0.5641
0.00819,0.0,0.58975
0.044,1.0,0.58975
0.06845,1.0,0.58975
0.0929,1.0,0.58975
0.11735,1.0,0.58975
0.1418,1.0,0.58975
0.16625,1.0,0.58975
0.1907,1.0,0.58975
0.21515,1.0,0.58975
0.2396,1.0,0.58975
0.26405,1.0,0.58975
0.2885,1.0,0.58975
0.31295,1.0,0.58975
0.3374,1.0,0.58975
0.36185,1.0,0.58975
0.3863,1.0,0.58975
0.41075,1.0,0.58975
0.4352,1.0,0.58975
0.45965,1.0,0.58975
0.4841,1.0,0.58975
0.50855,1.0,0.58975
0.533,1.0,0.58975
0.55745,1.0,0.58975
0.5819,1.0,0.58975
0.60635,1.0,0.58975
0.6308,1.0,0.58975
0.65525,1.0,0.58975
0.6797,1.0,0.58975
0.70415,1.0,0.58975
0.7286,1.0,0.58975
0.75305,1.0,0.58975
0.7775,1.0,0.58975
0.80194,1.0,0.58975
0.82639,1.0,0.58975
0.85084,1.0,0.58975
0.87529,1.0,0.58975
0.89974,1.0,0.58975
0.92419,1.0,0.58975
0.94886,0.85548,0.58975
0.97353,0.26289,0.58975
0.0091,0.0,0.61538
0.04495,1.0,0.61538
0.06936,1.0,0.61538
0.09378,1.0,0.61538
0.1182,1.0,0.61538
0.14262,1.0,0.61538
0.16704,1.0,0.61538
0.19146,1.0,0.61538
0.21587,1.0,0.61538
0.24029,1.0,0.61538
0.26471,1.0,0.61538
0.28913,1.0,0.61538
0.31355,1.0,0.61538
0.33797,1.0,0.61538
0.36239,1.0,0.61538
0.3868,1.0,0.61538
0.41122,1.0,0.61538
0.43564,1.0,0.61538
0.46006,1.0,0.61538
0.48448,1.0,0.61538
0.5089,1.0,0.61538
0.53331,1.0,0.61538
0.55773,1.0,0.61538
0.58215,1.0,0.61538
0.60657,1.0,0.61538
0.63099,1.0,0.61538
0.65541,1.0,0.61538
0.67982,1.0,0.61538
0.70424,1.0,0.61538
0.72866,1.0,0.61538
0.75308,1.0,0.61538
0.7775,1.0,0.61538
0.80192,1.0,0.61538
0.82633,1.0,0.61538
0.85075,1.0,0.61538
0.87517,1.0,0.61538
0.89959,1.0,0.61538
0.92401,1.0,0.61538
0.9496,0.86955,0.61538
0.97518,0.31247,0.61538
0.01004,0.0,0.64103
0.04608,1.0,0.64103
0.07046,1.0,0.64103
0.09483,1.0,0.64103
0.11921,1.0,0.64103
0.14358,1.0,0.64103
0.16795,1.0,0.64103
0.19233,1.0,0.64103
0.2167,1.0,0.64103
0.24107,1.0,0.64103
0.26545,1.0,0.64103
0.28982,1.0,0.64103
0.3142,1.0,0.64103
0.33857,1.0,0.64103
0.36294,1.0,0.64103
0.38732,1.0,0.64103
0.41169,1.0,0.64103
0.43607,1.0,0.64103
0.46044,1.0,0.64103
0.48481,1.0,0.64103
0.50919,1.0,0.64103
0.53356,1.0,0.64103
0.55794,1.0,0.64103
0.58231,1.0,0.64103
0.60668,1.0,0.64103
0.63106,1.0,0.64103
0.65543,1.0,0.64103
0.67981,1.0,0.64103
0.70418,1.0,0.64103
0.72855,1.0,0.64103
0.75293,1.0,0.64103
0.7773,1.0,0.64103
0.80167,1.0,0.64103
0.82605,1.0,0.64103
0.85042,1.0,0.64103
0.8748,1.0,0.64103
0.89917,1.0,0.64103
0.92354,1.0,0.64103
0.95019,0.88192,0.64103
0.97684,0.36205,0.64103
0.01102,0.0,0.66667
0.04741,1.0,0.66667
0.07173,1.0,0.66667
0.09604,1.0,0.66667
0.12036,1.0,0.66667
0.14468,1.0,0.66667
0.16899,1.0,0.66667
0.19331,1.0,0.66667
0.21763,1.0,0.66667
0.24194,1.0,0.66667
0.26626,1.0,0.66667
0.29057,1.0,0.66667
0.31489,1.0,0.66667
0.33921,1.0,0.66667
0.36353,1.0,0.66667
0.38784,1.0,0.66667
0.41216,1.0,0.66667
0.43647,1.0,0.66667
0.46079,1.0,0.66667
0.48511,1.0,0.66667
0.50942,1.0,0.66667
0.53374,1.0,0.66667
0.55806,1.0,0.66667
0.58237,1.0,0.66667
0.60669,1.0,0.66667
0.63101,1.0,0.66667
0.65532,1.0,0.66667
0.67964,1.0,0.66667
0.70396,1.0,0.66667
0.72827,1.0,0.66667
0.75259,1.0,0.66667
0.77691,1.0,0.66667
0.80122,1.0,0.66667
0.82554,1.0,0.66667
0.84986,1.0,0.66667
0.87417,1.0,0.66667
0.89849,1.0,0.66667
0.92281,1.0,0.66667
0.95065,0.89258,0.66667
0.97849,0.41163,0.66667
0.01203,0.0,0.6923
0.04892,1.0,0.6923
0.07317,1.0,0.6923
0.09742,1.0,0.6923
0.12166,1.0,0.6923
0.14591,1.0,0.6923
0.17016,1.0,0.6923
0.1944,1.0,0.6923
0.21865,1.0,0.6923
0.24289,1.0,0.6923
0.26714,1.0,0.6923
0.29139,1.0,0.6923
0.31563,1.0,0.6923
0.33988,1.0,0.6923
0.36413,1.0,0.6923
0.38837,1.0,0.6923
0.41262,1.0,0.6923
0.43686,1.0,0.6923
0.46111,1.0,0.6923
0.48536,1.0,0.6923
0.5096,1.0,0.6923
0.53385,1.0,0.6923
0.5581,1.0,0.6923
0.58234,1.0,0.6923
0.60659,1.0,0.6923
0.63083,1.0,0.6923
0.65508,1.0,0.6923
0.67933,1.0,0.6923
0.70357,1.0,0.6923
0.72782,1.0,0.6923
0.75207,1.0,0.6923
0.77631,1.0,0.6923
0.80056,1.0,0.6923
0.8248,1.0,0.6923
0.84905,1.0,0.6923
0.8733,1.0,0.6923
0.89754,1.0,0.6923
0.92179,1.0,0.6923
0.95097,0.90205,0.6923
0.98015,0.46121,0.6923
0.01309,0.0,0.71795
0.05063,1.0,0.71795
0.07479,1.0,0.71795
0.09895,1.0,0.71795
0.12312,1.0,0.71795
0.14728,1.0,0.71795
0.17144,1.0,0.71795
0.19561,1.0,0.71795
0.21977,1.0,0.71795
0.24393,1.0,0.71795
0.2681,1.0,0.71795
0.29226,1.0,0.71795
0.31642,1.0,0.71795
0.34059,1.0,0.71795
0.36475,1.0,0.71795
0.38891,1.0,0.71795
0.41307,1.0,0.71795
0.43724,1.0,0.71795
0.4614,1.0,0.71795
0.48556,1.0,0.71795
0.50973,1.0,0.71795
0.53389,1.0,0.71795
0.55805,1.0,0.71795
0.58222,1.0,0.71795
0.60638,1.0,0.71795
0.63054,1.0,0.71795
0.6547,1.0,0.71795
0.67887,1.0,0.71795
0.70303,1.0,0.71795
0.72719,1.0,0.71795
0.75136,1.0,0.71795
0.77552,1.0,0.71795
0.79968,1.0,0.71795
0.82385,1.0,0.71795
0.84801,1.0,0.71795
0.87217,1.0,0.71795
0.89633,1.0,0.71795
0.9205,1.0,0.71795
0.95115,0.91147,0.71795
0.9818,0.51079,0.71795
0.01419,0.0,0.74359
0.05252,1.0,0.74359
0.07659,1.0,0.74359
0.10066,1.0,0.74359
0.12472,1.0,0.74359
0.14879,1.0,0.74359
0.17286,1.0,0.74359
0.19692,1.0,0.74359
0.22099,1.0,0.74359
0.24506,1.0,0.74359
0.26912,1.0,0.74359
0.29319,1.0,0.74359
0.31726,1.0,0.74359
0.34132,1.0,0.74359
0.36539,1.0,0.74359
0.38946,1.0,0.74359
0.41352,1.0,0.74359
0.43759,1.0,0.74359
0.46166,1.0,0.74359
0.48573,1.0,0.74359
0.50979,1.0,0.74359
0.53386,1.0,0.74359
0.55793,1.0,0.74359
0.58199,1.0,0.74359
0.60606,1.0,0.74359
0.63013,1.0,0.74359
0.65419,1.0,0.74359
0.67826,1.0,0.74359
0.70233,1.0,0.74359
0.72639,1.0,0.74359
0.75046,1.0,0.74359
0.77453,1.0,0.74359
0.7986,1.0,0.74359
0.82266,1.0,0.74359
0.84673,1.0,0.74359
0.8708,1.0,0.74359
0.89486,1.0,0.74359
0.91893,1.0,0.74359
0.95119,0.9209,0.74359
0.98346,0.56037,0.74359
0.01532,0.0,0.76923
0.0546,1.0,0.76923
0.07856,1.0,0.76923
0.10252,1.0,0.76923
0.12648,1.0,0.76923
0.15044,1.0,0.76923
0.17439,1.0,0.76923
0.19835,1.0,0.76923
0.22231,1.0,0.76923
0.24627,1.0,0.76923
0.27022,1.0,0.76923
0.29418,1.0,0.76923
0.31814,1.0,0.76923
0.3421,1.0,0.76923
0.36605,1.0,0.76923
0.39001,1.0,0.76923
0.41397,1.0,0.76923
0.43793,1.0,0.76923
0.46189,1.0,0.76923
0.48584,1.0,0.76923
0.5098,1.0,0.76923
0.53376,1.0,0.76923
0.55772,1.0,0.76923
0.58168,1.0,0.76923
0.60563,1.0,0.76923
0.62959,1.0,0.76923
0.65355,1.0,0.76923
0.67751,1.0,0.76923
0.70146,1.0,0.76923
0.72542,1.0,0.76923
0.74938,1.0,0.76923
0.77334,1.0,0.76923
0.7973,1.0,0.76923
0.82125,1.0,0.76923
0.84521,1.0,0.76923
0.86917,1.0,0.76923
0.89313,1.0,0.76923
0.91708,1.0,0.76923
0.9511,0.93033,0.76923
0.98511,0.60995,0.76923
0.0165,0.0,0.79487
0.05687,1.0,0.79487
0.08071,1.0,0.79487
0.10455,1.0,0.79487
0.12838,1.0,0.79487
0.15222,1.0,0.79487
0.17605,1.0,0.79487
0.19989,1.0,0.79487
0.22372,1.0,0.79487
0.24756,1.0,0.79487
0.2714,1.0,0.79487
0.29523,1.0,0.79487
0.31907,1.0,0.79487
0.3429,1.0,0.79487
0.36674,1.0,0.79487
0.39058,1.0,0.79487
0.41441,1.0,0.79487
0.43825,1.0,0.79487
0.46208,1.0,0.79487
0.48592,1.0,0.79487
0.50975,1.0,0.79487
0.53359,1.0,0.79487
0.55743,1.0,0.79487
0.58126,1.0,0.79487
0.6051,1.0,0.79487
0.62893,1.0,0.79487
0.65277,1.0,0.79487
0.67661,1.0,0.79487
0.70044,1.0,0.79487
0.72428,1.0,0.79487
0.74811,1.0,0.79487
0.77195,1.0,0.79487
0.79578,1.0,0.79487
0.81962,1.0,0.79487
0.84346,1.0,0.79487
0.86729,1.0,0.79487
0.89113,1.0,0.79487
0.91496,1.0,0.79487
0.95086,0.93867,0.79487
0.98676,0.65517,0.79487
0.01771,0.0,0.82051
0.05933,1.0,0.82051
0.08371,1.0,0.82051
0.10809,1.0,0.82051
0.13247,1.0,0.82051
0.15685,1.0,0.82051
0.18122,1.0,0.82051
0.2056,1.0,0.82051
0.22998,1.0,0.82051
0.25436,1.0,0.82051
0.27874,1.0,0.82051
0.30311,1.0,0.82051
0.32749,1.0,0.82051
0.35187,1.0,0.82051
0.37625,1.0,0.82051
0.40063,1.0,0.82051
0.425,1.0,0.82051
0.44938,1.0,0.82051
0.47376,1.0,0.82051
0.49814,1.0,0.82051
0.52252,1.0,0.82051
0.54689,1.0,0.82051
0.57127,1.0,0.82051
0.59565,1.0,0.82051
0.62003,1.0,0.82051
0.64441,1.0,0.82051
0.66878,1.0,0.82051
0.69316,1.0,0.82051
0.71754,1.0,0.82051
0.74192,1.0,0.82051
0.7663,1.0,0.82051
0.79068,1.0,0.82051
0.81505,1.0,0.82051
0.83943,1.0,0.82051
0.86381,1.0,0.82051
0.88819,1.0,0.82051
0.91257,1.0,0.82051
0.93785,0.9897,0.82051
0.96313,0.87116,0.82051
0.98842,0.67359,0.82051
0.01896,0.0,0.84615
0.06198,1.0,0.84615
0.08621,1.0,0.84615
0.11043,1.0,0.84615
0.13466,1.0,0.84615
0.15889,1.0,0.84615
0.18311,1.0,0.84615
0.20734,1.0,0.84615
0.23156,1.0,0.84615
0.25579,1.0,0.84615
0.28002,1.0,0.84615
0.30424,1.0,0.84615
0.32847,1.0,0.84615
0.35269,1.0,0.84615
0.37692,1.0,0.84615
0.40115,1.0,0.84615
0.42537,1.0,0.84615
0.4496,1.0,0.84615
0.47382,1.0,0.84615
0.49805,1.0,0.84615
0.52228,1.0,0.84615
0.5465,1.0,0.84615
0.57073,1.0,0.84615
0.59495,1.0,0.84615
0.61918,1.0,0.84615
0.64341,1.0,0.84615
0.66763,1.0,0.84615
0.69186,1.0,0.84615
0.71608,1.0,0.84615
0.74031,1.0,0.84615
0.76453,1.0,0.84615
0.78876,1.0,0.84615
0.81299,1.0,0.84615
0.83721,1.0,0.84615
0.86144,1.0,0.84615
0.88567,1.0,0.84615
0.90989,1.0,0.84615
0.93662,0.98693,0.84615
0.96335,0.872,0.84615
0.99007,0.68044,0.84615
0.02025,0.0,0.8718
0.06482,1.0,0.8718
0.08888,1.0,0.8718
0.11294,1.0,0.8718
0.137,1.0,0.8718
0.16106,1.0,0.8718
0.18512,1.0,0.8718
0.20918,1.0,0.8718
0.23324,1.0,0.8718
0.2573,1.0,0.8718
0.28137,1.0,0.8718
0.30543,1.0,0.8718
0.32949,1.0,0.8718
0.35355,1.0,0.8718
0.37761,1.0,0.8718
0.40167,1.0,0.8718
0.42573,1.0,0.8718
0.44979,1.0,0.8718
0.47385,1.0,0.8718
0.49791,1.0,0.8718
0.52197,1.0,0.8718
0.54603,1.0,0.8718
0.57009,1.0,0.8718
0.59415,1.0,0.8718
0.61821,1.0,0.8718
0.64227,1.0,0.8718
0.66634,1.0,0.8718
0.6904,1.0,0.8718
0.71446,1.0,0.8718
0.73852,1.0,0.8718
0.76258,1.0,0.8718
0.78664,1.0,0.8718
0.8107,1.0,0.8718
0.83476,1.0,0.8718
0.85882,1.0,0.8718
0.88288,1.0,0.8718
0.90694,1.0,0.8718
0.9352,0.98333,0.8718
0.96347,0.86942,0.8718
0.99173,0.67957,0.8718
0.02158,0.0,0.89743
0.06785,1.0,0.89743
0.09173,1.0,0.89743
0.11561,1.0,0.89743
0.13949,1.0,0.89743
0.16337,1.0,0.89743
0.18726,1.0,0.89743
0.21114,1.0,0.89743
0.23502,1.0,0.89743
0.2589,1.0,0.89743
0.28278,1.0,0.89743
0.30667,1.0,0.89743
0.33055,1.0,0.89743
0.35443,1.0,0.89743
0.37831,1.0,0.89743
0.40219,1.0,0.89743
0.42608,1.0,0.89743
0.44996,1.0,0.89743
0.47384,1.0,0.89743
0.49772,1.0,0.89743
0.5216,1.0,0.89743
0.54548,1.0,0.89743
0.56937,1.0,0.89743
0.59325,1.0,0.89743
0.61713,1.0,0.89743
0.64101,1.0,0.89743
0.66489,1.0,0.89743
0.68878,1.0,0.89743
0.71266,1.0,0.89743
0.73654,1.0,0.89743
0.76042,1.0,0.89743
0.7843,1.0,0.89743
0.80819,1.0,0.89743
0.83207,1.0,0.89743
0.85595,1.0,0.89743
0.87983,1.0,0.89743
0.90371,1.0,0.89743
0.9336,0.97881,0.89743
0.96349,0.86324,0.89743
0.99338,0.67062,0.89743
0.02295,0.0,0.92308
0.07106,1.0,0.92308
0.09475,1.0,0.92308
0.11844,1.0,0.92308
0.14213,1.0,0.92308
0.16582,1.0,0.92308
0.18951,1.0,0.92308
0.2132,1.0,0.92308
0.23689,1.0,0.92308
0.26058,1.0,0.92308
0.28427,1.0,0.92308
0.30796,1.0,0.92308
0.33165,1.0,0.92308
0.35534,1.0,0.92308
0.37903,1.0,0.92308
0.40272,1.0,0.92308
0.42641,1.0,0.92308
0.4501,1.0,0.92308
0.47379,1.0,0.92308
0.49748,1.0,0.92308
0.52117,1.0,0.92308
0.54486,1.0,0.92308
0.56855,1.0,0.92308
0.59224,1.0,0.92308
0.61593,1.0,0.92308
0.63962,1.0,0.92308
0.66331,1.0,0.92308
0.687,1.0,0.92308
0.71069,1.0,0.92308
0.73438,1.0,0.92308
0.75807,1.0,0.92308
0.78176,1.0,0.92308
0.80545,1.0,0.92308
0.82914,1.0,0.92308
0.85283,1.0,0.92308
0.87652,1.0,0.92308
0.90021,1.0,0.92308
0.93182,0.9727,0.92308
0.96343,0.85066,0.92308
0.99504,0.64727,0.92308
0.02435,0.0,0.94872
0.04941,0.52391,0.94872
0.07447,1.0,0.94872
0.09937,1.0,0.94872
0.12428,1.0,0.94872
0.14919,1.0,0.94872
0.1741,1.0,0.94872
0.19901,1.0,0.94872
0.22391,1.0,0.94872
0.24882,1.0,0.94872
0.27373,1.0,0.94872
0.29864,1.0,0.94872
0.32355,1.0,0.94872
0.34845,1.0,0.94872
0.37336,1.0,0.94872
0.39827,1.0,0.94872
0.42318,1.0,0.94872
0.44809,1.0,0.94872
0.47299,1.0,0.94872
0.4979,1.0,0.94872
0.52281,1.0,0.94872
0.54772,1.0,0.94872
0.57263,1.0,0.94872
0.59753,1.0,0.94872
0.62244,1.0,0.94872
0.64735,1.0,0.94872
0.67226,1.0,0.94872
0.69717,1.0,0.94872
0.72207,1.0,0.94872
0.74698,1.0,0.94872
0.77189,1.0,0.94872
0.7968,1.0,0.94872
0.82171,1.0,0.94872
0.84661,1.0,0.94872
0.87152,1.0,0.94872
0.89643,1.0,0.94872
0.9215,0.9822,0.94872
0.94656,0.90054,0.94872
0.97163,0.76444,0.94872
0.99669,0.5739,0.94872
0.0258,0.0,0.97436
0.05193,0.52096,0.97436
0.07806,1.0,0.97436
0.10274,1.0,0.97436
0.12741,1.0,0.97436
0.15209,1.0,0.97436
0.17676,1.0,0.97436
0.20144,1.0,0.97436
0.22612,1.0,0.97436
0.25079,1.0,0.97436
0.27547,1.0,0.97436
0.30015,1.0,0.97436
0.32482,1.0,0.97436
0.3495,1.0,0.97436
0.37417,1.0,0.97436
0.39885,1.0,0.97436
0.42353,1.0,0.97436
0.4482,1.0,0.97436
0.47288,1.0,0.97436
0.49755,1.0,0.97436
0.52223,1.0,0.97436
0.54691,1.0,0.97436
0.57158,1.0,0.97436
0.59626,1.0,0.97436
0.62094,1.0,0.97436
0.64561,1.0,0.97436
0.67029,1.0,0.97436
0.69496,1.0,0.97436
0.71964,1.0,0.97436
0.74432,1.0,0.97436
0.76899,1.0,0.97436
0.79367,1.0,0.97436
0.81835,1.0,0.97436
0.84302,1.0,0.97436
0.8677,1.0,0.97436
0.89237,1.0,0.97436
0.91887,0.97347,0.97436
0.94536,0.87751,0.97436
0.97185,0.71757,0.97436
0.99835,0.49364,0.97436
0.02728,0.0,1.0
0.05456,0.51789,1.0
0.08184,1.0,1.0
0.10627,1.0,1.0
0.1307,1.0,1.0
0.15513,1.0,1.0
0.17956,1.0,1.0
0.20399,1.0,1.0
0.22842,1.0,1.0
0.25285,1.0,1.0
0.27728,1.0,1.0
0.30171,1.0,1.0
0.32614,1.0,1.0
0.35057,1.0,1.0
0.375,1.0,1.0
0.39944,1.0,1.0
0.42387,1.0,1.0
0.4483,1.0,1.0
0.47273,1.0,1.0
0.49716,1.0,1.0
0.52159,1.0,1.0
0.54602,1.0,1.0
0.57045,1.0,1.0
0.59488,1.0,1.0
0.61931,1.0,1.0
0.64374,1.0,1.0
0.66817,1.0,1.0
0.6926,1.0,1.0
0.71703,1.0,1.0
0.74146,1.0,1.0
0.76589,1.0,1.0
0.79032,1.0,1.0
0.81475,1.0,1.0
0.83918,1.0,1.0
0.86361,1.0,1.0
0.88804,1.0,1.0
0.91603,0.96474,1.0
0.94402,0.85447,1.0
0.97201,0.67069,1.0
1.0,0.41339,1.0
