0.13065,0.0,0.0
0.15042,0.0,0.0
0.1702,0.0,0.0
0.18997,0.0,0.0
0.20975,0.0,0.0
0.22952,0.0,0.0
0.2493,0.0,0.0
0.26907,0.0,0.0
0.28884,0.0,0.0
0.30862,0.0,0.0
0.32839,0.0,0.0
0.34817,0.0,0.0
0.36794,0.0,0.0
0.38772,0.0,0.0
0.40749,0.0,0.0
0.42726,0.0,0.0
0.44704,0.0,0.0
0.46681,0.0,0.0
0.48659,0.0,0.0
0.50636,0.0,0.0
0.52614,0.0,0.0
0.54591,0.0,0.0
0.56568,0.0,0.0
0.58546,0.0,0.0
0.60523,0.0,0.0
0.62501,0.0,0.0
0.64478,0.0,0.0
0.66456,0.0,0.0
0.68433,0.0,0.0
0.7041,0.0,0.0
0.72388,0.0,0.0
0.74365,0.0,0.0
0.76343,0.0,0.0
0.7832,0.0,0.0
0.80297,0.0,0.0
0.82275,0.0,0.0
0.84252,0.0,0.0
0.8623,0.0,0.0
0.88207,0.0,0.0
0.90185,0.0,0.0
0.09512,0.0,0.02564
0.11606,0.09822,0.02564
0.137,0.1674,0.02564
0.15794,0.21149,0.02564
0.17887,0.23436,0.02564
0.19981,0.23991,0.02564
0.22075,0.23206,0.02564
0.24169,0.21472,0.02564
0.26263,0.19177,0.02564
0.28356,0.16713,0.02564
0.3045,0.14469,0.02564
0.32544,0.12837,0.02564
0.34638,0.12207,0.02564
0.36739,0.12207,0.02564
0.3884,0.12207,0.02564
0.40942,0.12207,0.02564
0.43043,0.12207,0.02564
0.45144,0.12207,0.02564
0.47246,0.12207,0.02564
0.49347,0.12207,0.02564
0.51448,0.12207,0.02564
0.5355,0.12207,0.02564
0.55651,0.12207,0.02564
0.57752,0.12207,0.02564
0.59853,0.12207,0.02564
0.61955,0.12207,0.02564
0.64056,0.12207,0.02564
0.66157,0.12207,0.02564
0.68259,0.12207,0.02564
0.7036,0.12207,0.02564
0.72461,0.12207,0.02564
0.74742,0.1213,0.02564
0.77023,0.11901,0.02564
0.79304,0.11508,0.02564
0.81585,0.10935,0.02564
0.83866,0.10149,0.02564
0.86147,0.09098,0.02564
0.88428,0.07672,0.02564
0.90709,0.05592,0.02564
0.92989,0.0,0.02564
0.08041,0.0,0.05128
0.10316,0.11351,0.05128
0.12592,0.19678,0.05128
0.14867,0.2537,0.05128
0.17143,0.28816,0.05128
0.19418,0.30402,0.05128
0.21694,0.30518,0.05128
0.23969,0.29552,0.05128
0.26245,0.27891,0.05128
0.2852,0.25923,0.05128
0.30796,0.24037,0.05128
0.33071,0.22621,0.05128
0.35347,0.22063,0.05128
0.37419,0.22063,0.05128
0.39491,0.22063,0.05128
0.41564,0.22063,0.05128
0.43636,0.22063,0.05128
0.45709,0.22063,0.05128
0.47781,0.22063,0.05128
0.49854,0.22063,0.05128
0.51926,0.22063,0.05128
0.53999,0.22063,0.05128
0.56071,0.22063,0.05128
0.58144,0.22063,0.05128
0.60216,0.22063,0.05128
0.62289,0.22063,0.05128
0.64361,0.22063,0.05128
0.66434,0.22063,0.05128
0.68506,0.22063,0.05128
0.70579,0.22063,0.05128
0.72651,0.22063,0.05128
0.7504,0.21927,0.05128
0.77429,0.21512,0.05128
0.79818,0.20801,0.05128
0.82207,0.19764,0.05128
0.84596,0.18345,0.05128
0.86985,0.16445,0.05128
0.89373,0.13868,0.05128
0.91762,0.10108,0.05128
0.94151,0.0,0.05128
0.06911,0.0,0.07692
0.09151,0.11928,0.07692
0.1139,0.21176,0.07692
0.13629,0.28045,0.07692
0.15868,0.32835,0.07692
0.18108,0.35846,0.07692
0.20347,0.37377,0.07692
0.22586,0.37731,0.07692
0.24826,0.37207,0.07692
0.27065,0.36104,0.07692
0.29304,0.34724,0.07692
0.31543,0.33367,0.07692
0.33783,0.32332,0.07692
0.36022,0.3192,0.07692
0.38322,0.3192,0.07692
0.40623,0.3192,0.07692
0.42924,0.3192,0.07692
0.45224,0.3192,0.07692
0.47525,0.3192,0.07692
0.49826,0.3192,0.07692
0.52126,0.3192,0.07692
0.54427,0.3192,0.07692
0.56727,0.3192,0.07692
0.59028,0.3192,0.07692
0.61329,0.3192,0.07692
0.63629,0.3192,0.07692
0.6593,0.3192,0.07692
0.68231,0.3192,0.07692
0.70531,0.3192,0.07692
0.72832,0.3192,0.07692
0.75053,0.3176,0.07692
0.77274,0.31275,0.07692
0.79495,0.30449,0.07692
0.81716,0.29255,0.07692
0.83937,0.27643,0.07692
0.86158,0.25536,0.07692
0.8838,0.22795,0.07692
0.90601,0.19152,0.07692
0.92822,0.13914,0.07692
0.95043,0.0,0.07692
0.05959,0.0,0.10257
0.08321,0.13236,0.10257
0.10683,0.23723,0.10257
0.13045,0.31756,0.10257
0.15407,0.37628,0.10257
0.17769,0.41635,0.10257
0.20131,0.44069,0.10257
0.22493,0.45225,0.10257
0.24854,0.45396,0.10257
0.27216,0.44877,0.10257
0.29578,0.43962,0.10257
0.3194,0.42943,0.10257
0.34302,0.42117,0.10257
0.36664,0.41777,0.10257
0.38935,0.41777,0.10257
0.41206,0.41777,0.10257
0.43478,0.41777,0.10257
0.45749,0.41777,0.10257
0.4802,0.41777,0.10257
0.50291,0.41777,0.10257
0.52563,0.41777,0.10257
0.54834,0.41777,0.10257
0.57105,0.41777,0.10257
0.59376,0.41777,0.10257
0.61647,0.41777,0.10257
0.63919,0.41777,0.10257
0.6619,0.41777,0.10257
0.68461,0.41777,0.10257
0.70732,0.41777,0.10257
0.73004,0.41777,0.10257
0.75283,0.41567,0.10257
0.77562,0.40932,0.10257
0.79841,0.39852,0.10257
0.8212,0.38289,0.10257
0.84399,0.36179,0.10257
0.86678,0.33422,0.10257
0.88957,0.29834,0.10257
0.91236,0.25066,0.10257
0.93515,0.1821,0.10257
0.95794,0.0,0.10257
0.05121,0.0,0.1282
0.07417,0.13587,0.1282
0.09714,0.24731,0.1282
0.1201,0.33663,0.1282
0.14307,0.40612,0.1282
0.16604,0.45809,0.1282
0.189,0.49483,0.1282
0.21197,0.51864,0.1282
0.23493,0.53182,0.1282
0.2579,0.53666,0.1282
0.28086,0.53547,0.1282
0.30383,0.53055,0.1282
0.32679,0.52419,0.1282
0.34976,0.51868,0.1282
0.37273,0.51633,0.1282
0.39665,0.51633,0.1282
0.42058,0.51633,0.1282
0.44451,0.51633,0.1282
0.46844,0.51633,0.1282
0.49237,0.51633,0.1282
0.5163,0.51633,0.1282
0.54023,0.51633,0.1282
0.56416,0.51633,0.1282
0.58809,0.51633,0.1282
0.61202,0.51633,0.1282
0.63595,0.51633,0.1282
0.65988,0.51633,0.1282
0.68381,0.51633,0.1282
0.70773,0.51633,0.1282
0.73166,0.51633,0.1282
0.75495,0.51375,0.1282
0.77824,0.50591,0.1282
0.80153,0.49255,0.1282
0.82482,0.47323,0.1282
0.84811,0.44715,0.1282
0.8714,0.41307,0.1282
0.89469,0.36874,0.1282
0.91798,0.3098,0.1282
0.94127,0.22506,0.1282
0.96456,0.0,0.1282
0.04363,0.0,0.15385
0.06754,0.14773,0.15385
0.09146,0.27041,0.15385
0.11538,0.37029,0.15385
0.1393,0.44964,0.15385
0.16322,0.51071,0.15385
0.18713,0.55577,0.15385
0.21105,0.58707,0.15385
0.23497,0.60687,0.15385
0.25889,0.61743,0.15385
0.28281,0.621,0.15385
0.30673,0.61985,0.15385
0.33064,0.61623,0.15385
0.35456,0.6124,0.15385
0.37848,0.61063,0.15385
0.40213,0.61063,0.15385
0.42578,0.61063,0.15385
0.44942,0.61063,0.15385
0.47307,0.61063,0.15385
0.49672,0.61063,0.15385
0.52037,0.61063,0.15385
0.54402,0.61063,0.15385
0.56766,0.61063,0.15385
0.59131,0.61063,0.15385
0.61496,0.61063,0.15385
0.63861,0.61063,0.15385
0.66226,0.61063,0.15385
0.68591,0.61063,0.15385
0.70955,0.61063,0.15385
0.7332,0.61063,0.15385
0.75694,0.60756,0.15385
0.78067,0.59829,0.15385
0.80441,0.5825,0.15385
0.82814,0.55965,0.15385
0.85188,0.52882,0.15385
0.87561,0.4885,0.15385
0.89935,0.43608,0.15385
0.92308,0.36638,0.15385
0.94682,0.26617,0.15385
0.97055,0.0,0.15385
0.03665,0.0,0.17949
0.06146,0.15906,0.17949
0.08626,0.29164,0.17949
0.11106,0.40012,0.17949
0.13587,0.48682,0.17949
0.16067,0.55411,0.17949
0.18547,0.60433,0.17949
0.21028,0.63985,0.17949
0.23508,0.66301,0.17949
0.25988,0.67614,0.17949
0.28469,0.68163,0.17949
0.30949,0.68179,0.17949
0.33429,0.67901,0.17949
0.3591,0.67561,0.17949
0.3839,0.67395,0.17949
0.40728,0.67395,0.17949
0.43067,0.67395,0.17949
0.45405,0.67395,0.17949
0.47743,0.67395,0.17949
0.50082,0.67395,0.17949
0.5242,0.67395,0.17949
0.54758,0.67395,0.17949
0.57097,0.67395,0.17949
0.59435,0.67395,0.17949
0.61773,0.67395,0.17949
0.64112,0.67395,0.17949
0.6645,0.67395,0.17949
0.68788,0.67395,0.17949
0.71127,0.67395,0.17949
0.73465,0.67395,0.17949
0.75879,0.67057,0.17949
0.78293,0.66034,0.17949
0.80707,0.64291,0.17949
0.83121,0.61769,0.17949
0.85535,0.58366,0.17949
0.87949,0.53916,0.17949
0.90363,0.4813,0.17949
0.92777,0.40437,0.17949
0.95192,0.29377,0.17949
0.97606,0.0,0.17949
0.03016,0.0,0.20513
0.05408,0.15962,0.20513
0.07801,0.29441,0.20513
0.10193,0.40645,0.20513
0.12585,0.49776,0.20513
0.14977,0.5704,0.20513
0.17369,0.62641,0.20513
0.19761,0.66783,0.20513
0.22154,0.69673,0.20513
0.24546,0.71511,0.20513
0.26938,0.72507,0.20513
0.2933,0.72863,0.20513
0.31722,0.72783,0.20513
0.34114,0.72473,0.20513
0.36507,0.72136,0.20513
0.38899,0.71979,0.20513
0.41377,0.71979,0.20513
0.43856,0.71979,0.20513
0.46335,0.71979,0.20513
0.48814,0.71979,0.20513
0.51292,0.71979,0.20513
0.53771,0.71979,0.20513
0.5625,0.71979,0.20513
0.58729,0.71979,0.20513
0.61207,0.71979,0.20513
0.63686,0.71979,0.20513
0.66165,0.71979,0.20513
0.68643,0.71979,0.20513
0.71122,0.71979,0.20513
0.73601,0.71979,0.20513
0.76053,0.71618,0.20513
0.78504,0.70525,0.20513
0.80956,0.68664,0.20513
0.83408,0.6597,0.20513
0.85859,0.62336,0.20513
0.88311,0.57583,0.20513
0.90763,0.51403,0.20513
0.93215,0.43187,0.20513
0.95666,0.31375,0.20513
0.98118,0.0,0.20513
0.02407,0.0,0.23077
0.04871,0.16972,0.23077
0.07336,0.31278,0.23077
0.098,0.43143,0.23077
0.12265,0.52786,0.23077
0.14729,0.60429,0.23077
0.17194,0.66295,0.23077
0.19658,0.70602,0.23077
0.22123,0.73575,0.23077
0.24587,0.75432,0.23077
0.27052,0.76396,0.23077
0.29516,0.76689,0.23077
0.31981,0.76531,0.23077
0.34445,0.76145,0.23077
0.3691,0.75751,0.23077
0.39374,0.7557,0.23077
0.41828,0.7557,0.23077
0.44282,0.7557,0.23077
0.46736,0.7557,0.23077
0.49189,0.7557,0.23077
0.51643,0.7557,0.23077
0.54097,0.7557,0.23077
0.56551,0.7557,0.23077
0.59005,0.7557,0.23077
0.61459,0.7557,0.23077
0.63913,0.7557,0.23077
0.66366,0.7557,0.23077
0.6882,0.7557,0.23077
0.71274,0.7557,0.23077
0.73728,0.7557,0.23077
0.76215,0.75191,0.23077
0.78702,0.74043,0.23077
0.81189,0.72089,0.23077
0.83676,0.69261,0.23077
0.86163,0.65446,0.23077
0.88651,0.60456,0.23077
0.91138,0.53967,0.23077
0.93625,0.45342,0.23077
0.96112,0.3294,0.23077
0.98599,0.0,0.23077
0.0183,0.0,0.25641
0.04363,0.17961,0.25641
0.06895,0.33062,0.25641
0.09427,0.45544,0.25641
0.1196,0.55647,0.25641
0.14492,0.63613,0.25641
0.17025,0.69678,0.25641
0.19557,0.74087,0.25641
0.22089,0.77077,0.25641
0.24622,0.78889,0.25641
0.27154,0.79763,0.25641
0.29687,0.79939,0.25641
0.32219,0.79659,0.25641
0.34751,0.7916,0.25641
0.37284,0.78685,0.25641
0.39816,0.78475,0.25641
0.42247,0.78475,0.25641
0.44678,0.78475,0.25641
0.47108,0.78475,0.25641
0.49539,0.78475,0.25641
0.5197,0.78475,0.25641
0.544,0.78475,0.25641
0.56831,0.78475,0.25641
0.59262,0.78475,0.25641
0.61692,0.78475,0.25641
0.64123,0.78475,0.25641
0.66554,0.78475,0.25641
0.68984,0.78475,0.25641
0.71415,0.78475,0.25641
0.73846,0.78475,0.25641
0.76367,0.78081,0.25641
0.78888,0.76888,0.25641
0.81408,0.7486,0.25641
0.83929,0.71922,0.25641
0.8645,0.67961,0.25641
0.88971,0.6278,0.25641
0.91492,0.56042,0.25641
0.94013,0.47084,0.25641
0.96533,0.34206,0.25641
0.99054,0.0,0.25641
0.01282,0.0,0.28205
0.03878,0.18929,0.28205
0.06474,0.34796,0.28205
0.0907,0.4786,0.28205
0.11667,0.58383,0.28205
0.14263,0.66623,0.28205
0.16859,0.72843,0.28205
0.19455,0.77302,0.28205
0.22052,0.80261,0.28205
0.24648,0.81981,0.28205
0.27244,0.82721,0.28205
0.2984,0.82743,0.28205
0.32436,0.82307,0.28205
0.35033,0.81672,0.28205
0.37629,0.81101,0.28205
0.40225,0.80852,0.28205
0.42634,0.80852,0.28205
0.45044,0.80852,0.28205
0.47453,0.80852,0.28205
0.49862,0.80852,0.28205
0.52271,0.80852,0.28205
0.54681,0.80852,0.28205
0.5709,0.80852,0.28205
0.59499,0.80852,0.28205
0.61909,0.80852,0.28205
0.64318,0.80852,0.28205
0.66727,0.80852,0.28205
0.69136,0.80852,0.28205
0.71546,0.80852,0.28205
0.73955,0.80852,0.28205
0.76508,0.80447,0.28205
0.79061,0.79218,0.28205
0.81615,0.77128,0.28205
0.84168,0.74103,0.28205
0.86721,0.7002,0.28205
0.89274,0.64682,0.28205
0.91827,0.5774,0.28205
0.94381,0.48511,0.28205
0.96934,0.35243,0.28205
0.99487,0.0,0.28205
0.00758,0.0,0.3077
0.03248,0.18733,0.3077
0.05738,0.34575,0.3077
0.08228,0.47757,0.3077
0.10719,0.58512,0.3077
0.13209,0.67074,0.3077
0.15699,0.73672,0.3077
0.18189,0.7854,0.3077
0.20679,0.81911,0.3077
0.23169,0.84015,0.3077
0.2566,0.85086,0.3077
0.2815,0.85354,0.3077
0.3064,0.85053,0.3077
0.3313,0.84416,0.3077
0.3562,0.83672,0.3077
0.3811,0.83056,0.3077
0.40601,0.82799,0.3077
0.43174,0.82799,0.3077
0.45747,0.82799,0.3077
0.48321,0.82799,0.3077
0.50894,0.82799,0.3077
0.53468,0.82799,0.3077
0.56041,0.82799,0.3077
0.58614,0.82799,0.3077
0.61188,0.82799,0.3077
0.63761,0.82799,0.3077
0.66335,0.82799,0.3077
0.68908,0.82799,0.3077
0.71481,0.82799,0.3077
0.74055,0.82799,0.3077
0.76639,0.82384,0.3077
0.79224,0.81126,0.3077
0.81809,0.78985,0.3077
0.84393,0.75886,0.3077
0.86978,0.71706,0.3077
0.89562,0.66239,0.3077
0.92147,0.5913,0.3077
0.94732,0.49679,0.3077
0.97316,0.36091,0.3077
0.99901,0.0,0.3077
0.003,0.0,0.33333
0.02841,0.19583,0.33333
0.05381,0.36093,0.33333
0.07921,0.49779,0.33333
0.10461,0.60892,0.33333
0.13001,0.69679,0.33333
0.15541,0.76393,0.33333
0.18081,0.81282,0.33333
0.20622,0.84594,0.33333
0.23162,0.86583,0.33333
0.25702,0.87496,0.33333
0.28242,0.87583,0.33333
0.30782,0.87095,0.33333
0.33322,0.8628,0.33333
0.35863,0.85389,0.33333
0.38403,0.84671,0.33333
0.40943,0.84376,0.33333
0.43497,0.84376,0.33333
0.46051,0.84376,0.33333
0.48605,0.84376,0.33333
0.51159,0.84376,0.33333
0.53713,0.84376,0.33333
0.56267,0.84376,0.33333
0.58821,0.84376,0.33333
0.61375,0.84376,0.33333
0.6393,0.84376,0.33333
0.66484,0.84376,0.33333
0.69038,0.84376,0.33333
0.71592,0.84376,0.33333
0.74146,0.84376,0.33333
0.76731,0.83533,0.33333
0.79317,0.81004,0.33333
0.81902,0.7679,0.33333
0.84487,0.70889,0.33333
0.87073,0.63303,0.33333
0.89658,0.54032,0.33333
0.92244,0.43074,0.33333
0.94829,0.30431,0.33333
0.97415,0.16101,0.33333
1.0,0.00086,0.33333
0.0019,0.0,0.35897
0.02756,0.20254,0.35897
0.05322,0.37291,0.35897
0.07889,0.51374,0.35897
0.10455,0.62767,0.35897
0.13021,0.71735,0.35897
0.15588,0.78538,0.35897
0.18154,0.83443,0.35897
0.20721,0.86714,0.35897
0.23287,0.88612,0.35897
0.25853,0.89401,0.35897
0.2842,0.89346,0.35897
0.30986,0.88709,0.35897
0.33552,0.87755,0.35897
0.36119,0.86748,0.35897
0.38685,0.8595,0.35897
0.41252,0.85625,0.35897
0.43788,0.85625,0.35897
0.46325,0.85625,0.35897
0.48862,0.85625,0.35897
0.51398,0.85625,0.35897
0.53935,0.85625,0.35897
0.56471,0.85625,0.35897
0.59008,0.85625,0.35897
0.61545,0.85625,0.35897
0.64081,0.85625,0.35897
0.66618,0.85625,0.35897
0.69155,0.85625,0.35897
0.71691,0.85625,0.35897
0.74228,0.85625,0.35897
0.76792,0.84775,0.35897
0.79356,0.82227,0.35897
0.8192,0.77978,0.35897
0.84484,0.72032,0.35897
0.87048,0.64386,0.35897
0.89612,0.5504,0.35897
0.92176,0.43995,0.35897
0.9474,0.31251,0.35897
0.97304,0.16808,0.35897
0.99868,0.00666,0.35897
0.00104,0.0,0.38462
0.02693,0.20885,0.38462
0.05282,0.38412,0.38462
0.07871,0.52859,0.38462
0.1046,0.64503,0.38462
0.13049,0.73622,0.38462
0.15638,0.80492,0.38462
0.18227,0.85392,0.38462
0.20816,0.88599,0.38462
0.23405,0.90389,0.38462
0.25993,0.91041,0.38462
0.28582,0.90832,0.38462
0.31171,0.90039,0.38462
0.3376,0.88939,0.38462
0.36349,0.8781,0.38462
0.38938,0.86929,0.38462
0.41527,0.86574,0.38462
0.44048,0.86574,0.38462
0.46569,0.86574,0.38462
0.4909,0.86574,0.38462
0.51611,0.86574,0.38462
0.54132,0.86574,0.38462
0.56653,0.86574,0.38462
0.59175,0.86574,0.38462
0.61696,0.86574,0.38462
0.64217,0.86574,0.38462
0.66738,0.86574,0.38462
0.69259,0.86574,0.38462
0.7178,0.86574,0.38462
0.74301,0.86574,0.38462
0.76844,0.85727,0.38462
0.79388,0.83184,0.38462
0.81932,0.78948,0.38462
0.84475,0.73016,0.38462
0.87019,0.65391,0.38462
0.89562,0.5607,0.38462
0.92106,0.45054,0.38462
0.94649,0.32344,0.38462
0.97193,0.17939,0.38462
0.99737,0.0184,0.38462
0.00044,0.0,0.41025
0.02652,0.21472,0.41025
0.0526,0.39451,0.41025
0.07867,0.54226,0.41025
0.10475,0.66092,0.41025
0.13083,0.75336,0.41025
0.15691,0.8225,0.41025
0.18299,0.87125,0.41025
0.20907,0.90252,0.41025
0.23514,0.91922,0.41025
0.26122,0.92426,0.41025
0.2873,0.92054,0.41025
0.31338,0.91098,0.41025
0.33946,0.89848,0.41025
0.36554,0.88595,0.41025
0.39162,0.8763,0.41025
0.41769,0.87243,0.41025
0.44277,0.87243,0.41025
0.46784,0.87243,0.41025
0.49291,0.87243,0.41025
0.51799,0.87243,0.41025
0.54306,0.87243,0.41025
0.56813,0.87243,0.41025
0.59321,0.87243,0.41025
0.61828,0.87243,0.41025
0.64336,0.87243,0.41025
0.66843,0.87243,0.41025
0.6935,0.87243,0.41025
0.71858,0.87243,0.41025
0.74365,0.87243,0.41025
0.76889,0.86408,0.41025
0.79413,0.83902,0.41025
0.81937,0.79726,0.41025
0.84461,0.7388,0.41025
0.86985,0.66364,0.41025
0.89509,0.57176,0.41025
0.92033,0.46318,0.41025
0.94557,0.3379,0.41025
0.97081,0.19592,0.41025
0.99605,0.03724,0.41025
9e-05,0.0,0.4359
0.02632,0.22014,0.4359
0.05255,0.40407,0.4359
0.07878,0.55484,0.4359
0.10502,0.67548,0.4359
0.13125,0.76903,0.4359
0.15748,0.83851,0.4359
0.18371,0.88697,0.4359
0.20994,0.91744,0.4359
0.23617,0.93296,0.4359
0.2624,0.93656,0.4359
0.28863,0.93128,0.4359
0.31486,0.92015,0.4359
0.34109,0.90621,0.4359
0.36732,0.8925,0.4359
0.39355,0.88204,0.4359
0.41978,0.87788,0.4359
0.44474,0.87788,0.4359
0.46969,0.87788,0.4359
0.49465,0.87788,0.4359
0.5196,0.87788,0.4359
0.54456,0.87788,0.4359
0.56951,0.87788,0.4359
0.59447,0.87788,0.4359
0.61943,0.87788,0.4359
0.64438,0.87788,0.4359
0.66934,0.87788,0.4359
0.69429,0.87788,0.4359
0.71925,0.87788,0.4359
0.7442,0.87788,0.4359
0.76926,0.86976,0.4359
0.79431,0.8454,0.4359
0.81936,0.8048,0.4359
0.84441,0.74796,0.4359
0.86947,0.67488,0.4359
0.89452,0.58556,0.4359
0.91957,0.47999,0.4359
0.94463,0.3582,0.4359
0.96968,0.22015,0.4359
0.99473,0.06587,0.4359
0.0,0.0,0.46154
0.02635,0.22508,0.46154
0.05269,0.41282,0.46154
0.07904,0.56635,0.46154
0.10538,0.68883,0.46154
0.13173,0.78342,0.46154
0.15808,0.85326,0.46154
0.18442,0.90149,0.46154
0.21077,0.93128,0.46154
0.23712,0.94577,0.46154
0.26346,0.9481,0.46154
0.28981,0.94143,0.46154
0.31615,0.92892,0.46154
0.3425,0.9137,0.46154
0.36885,0.89893,0.46154
0.39519,0.88776,0.46154
0.42154,0.88333,0.46154
0.44639,0.88333,0.46154
0.47125,0.88333,0.46154
0.49611,0.88333,0.46154
0.52096,0.88333,0.46154
0.54582,0.88333,0.46154
0.57067,0.88333,0.46154
0.59553,0.88333,0.46154
0.62039,0.88333,0.46154
0.64524,0.88333,0.46154
0.6701,0.88333,0.46154
0.69495,0.88333,0.46154
0.71981,0.88333,0.46154
0.74466,0.88333,0.46154
0.76954,0.87562,0.46154
0.79441,0.85249,0.46154
0.81929,0.81394,0.46154
0.84416,0.75997,0.46154
0.86904,0.69056,0.46154
0.89391,0.60575,0.46154
0.91879,0.50551,0.46154
0.94366,0.38985,0.46154
0.96854,0.25877,0.46154
0.99341,0.11227,0.46154
0.00016,0.0,0.48718
0.02503,0.21711,0.48718
0.0499,0.40008,0.48718
0.07477,0.55159,0.48718
0.09964,0.67437,0.48718
0.12452,0.77113,0.48718
0.14939,0.84457,0.48718
0.17426,0.89741,0.48718
0.19913,0.93236,0.48718
0.224,0.95212,0.48718
0.24887,0.9594,0.48718
0.27374,0.95693,0.48718
0.29861,0.9474,0.48718
0.32348,0.93353,0.48718
0.34835,0.91802,0.48718
0.37322,0.90358,0.48718
0.39809,0.89293,0.48718
0.42296,0.88878,0.48718
0.44774,0.88878,0.48718
0.47251,0.88878,0.48718
0.49729,0.88878,0.48718
0.52206,0.88878,0.48718
0.54684,0.88878,0.48718
0.57161,0.88878,0.48718
0.59639,0.88878,0.48718
0.62116,0.88878,0.48718
0.64594,0.88878,0.48718
0.67071,0.88878,0.48718
0.69549,0.88878,0.48718
0.72026,0.88878,0.48718
0.74504,0.88878,0.48718
0.77249,0.8801,0.48718
0.79994,0.85404,0.48718
0.82739,0.81062,0.48718
0.85484,0.74982,0.48718
0.88229,0.67165,0.48718
0.90974,0.57612,0.48718
0.9372,0.46321,0.48718
0.96465,0.33293,0.48718
0.9921,0.18528,0.48718
0.00058,0.0,0.51282
0.02549,0.22082,0.51282
0.0504,0.40669,0.51282
0.07531,0.56041,0.51282
0.10022,0.68476,0.51282
0.12513,0.78252,0.51282
0.15004,0.85647,0.51282
0.17495,0.90939,0.51282
0.19986,0.94407,0.51282
0.22477,0.96328,0.51282
0.24968,0.96982,0.51282
0.27459,0.96647,0.51282
0.2995,0.95598,0.51282
0.32441,0.94117,0.51282
0.34932,0.92482,0.51282
0.37423,0.90968,0.51282
0.39914,0.89856,0.51282
0.42405,0.89424,0.51282
0.44876,0.89424,0.51282
0.47348,0.89424,0.51282
0.49819,0.89424,0.51282
0.5229,0.89424,0.51282
0.54762,0.89424,0.51282
0.57233,0.89424,0.51282
0.59704,0.89424,0.51282
0.62175,0.89424,0.51282
0.64647,0.89424,0.51282
0.67118,0.89424,0.51282
0.69589,0.89424,0.51282
0.72061,0.89424,0.51282
0.74532,0.89424,0.51282
0.77259,0.8864,0.51282
0.79987,0.86289,0.51282
0.82714,0.82371,0.51282
0.85441,0.76884,0.51282
0.88169,0.69832,0.51282
0.90896,0.61211,0.51282
0.93623,0.51024,0.51282
0.96351,0.39269,0.51282
0.99078,0.25947,0.51282
0.00125,0.0,0.53846
0.02616,0.22398,0.53846
0.05108,0.41236,0.53846
0.07599,0.56799,0.53846
0.10091,0.69373,0.53846
0.12583,0.7924,0.53846
0.15074,0.86684,0.53846
0.17566,0.9199,0.53846
0.20057,0.95442,0.53846
0.22549,0.97325,0.53846
0.2504,0.97921,0.53846
0.27532,0.97516,0.53846
0.30023,0.96394,0.53846
0.32515,0.94839,0.53846
0.35006,0.93134,0.53846
0.37498,0.91566,0.53846
0.39989,0.90415,0.53846
0.42481,0.89969,0.53846
0.44948,0.89969,0.53846
0.47415,0.89969,0.53846
0.49882,0.89969,0.53846
0.52349,0.89969,0.53846
0.54816,0.89969,0.53846
0.57282,0.89969,0.53846
0.59749,0.89969,0.53846
0.62216,0.89969,0.53846
0.64683,0.89969,0.53846
0.6715,0.89969,0.53846
0.69617,0.89969,0.53846
0.72084,0.89969,0.53846
0.74551,0.89969,0.53846
0.77262,0.8927,0.53846
0.79972,0.87173,0.53846
0.82683,0.83679,0.53846
0.85393,0.78788,0.53846
0.88104,0.72498,0.53846
0.90815,0.64811,0.53846
0.93525,0.55727,0.53846
0.96236,0.45244,0.53846
0.98946,0.33366,0.53846
0.00217,0.0,0.5641
0.02706,0.22658,0.5641
0.05194,0.41704,0.5641
0.07683,0.5743,0.5641
0.10172,0.70121,0.5641
0.1266,0.8007,0.5641
0.15149,0.87562,0.5641
0.17637,0.92888,0.5641
0.20126,0.96335,0.5641
0.22615,0.98194,0.5641
0.25103,0.98752,0.5641
0.27592,0.983,0.5641
0.3008,0.97124,0.5641
0.32569,0.95515,0.5641
0.35057,0.9376,0.5641
0.37546,0.92149,0.5641
0.40035,0.90971,0.5641
0.42523,0.90514,0.5641
0.44988,0.90514,0.5641
0.47452,0.90514,0.5641
0.49917,0.90514,0.5641
0.52381,0.90514,0.5641
0.54846,0.90514,0.5641
0.5731,0.90514,0.5641
0.59774,0.90514,0.5641
0.62239,0.90514,0.5641
0.64703,0.90514,0.5641
0.67168,0.90514,0.5641
0.69632,0.90514,0.5641
0.72097,0.90514,0.5641
0.74561,0.90514,0.5641
0.77256,0.899,0.5641
0.79951,0.88058,0.5641
0.82646,0.84988,0.5641
0.85341,0.80691,0.5641
0.88035,0.75165,0.5641
0.9073,0.68411,0.5641
0.93425,0.6043,0.5641
0.9612,0.51221,0.5641
0.98815,0.40783,0.5641
0.00335,0.0,0.58975
0.02817,0.22859,0.58975
0.053,0.42071,0.58975
0.07782,0.57926,0.58975
0.10264,0.70717,0.58975
0.12746,0.80736,0.58975
0.15228,0.88275,0.58975
0.1771,0.93626,0.58975
0.20193,0.97081,0.58975
0.22675,0.98933,0.58975
0.25157,0.99473,0.58975
0.27639,0.98993,0.58975
0.30121,0.97786,0.58975
0.32603,0.96143,0.58975
0.35086,0.94357,0.58975
0.37568,0.92719,0.58975
0.4005,0.91523,0.58975
0.42532,0.91059,0.58975
0.44996,0.91059,0.58975
0.4746,0.91059,0.58975
0.49924,0.91059,0.58975
0.52388,0.91059,0.58975
0.54852,0.91059,0.58975
0.57315,0.91059,0.58975
0.59779,0.91059,0.58975
0.62243,0.91059,0.58975
0.64707,0.91059,0.58975
0.67171,0.91059,0.58975
0.69635,0.91059,0.58975
0.72099,0.91059,0.58975
0.74563,0.91059,0.58975
0.77243,0.90495,0.58975
0.79923,0.88802,0.58975
0.82603,0.85981,0.58975
0.85283,0.82031,0.58975
0.87963,0.76953,0.58975
0.90643,0.70747,0.58975
0.93323,0.63412,0.58975
0.96003,0.54949,0.58975
0.98683,0.45358,0.58975
0.00478,0.0,0.61538
0.02951,0.23001,0.61538
0.05423,0.42331,0.61538
0.07895,0.58284,0.61538
0.10368,0.71153,0.61538
0.1284,0.81233,0.61538
0.15312,0.88818,0.61538
0.17785,0.942,0.61538
0.20257,0.97675,0.61538
0.22729,0.99536,0.61538
0.25202,1.0,0.61538
0.27674,0.99593,0.61538
0.30146,0.98377,0.61538
0.32618,0.96722,0.61538
0.35091,0.94924,0.61538
0.37563,0.93276,0.61538
0.40035,0.9207,0.61538
0.42508,0.91604,0.61538
0.44973,0.91604,0.61538
0.47438,0.91604,0.61538
0.49903,0.91604,0.61538
0.52368,0.91604,0.61538
0.54834,0.91604,0.61538
0.57299,0.91604,0.61538
0.59764,0.91604,0.61538
0.62229,0.91604,0.61538
0.64694,0.91604,0.61538
0.6716,0.91604,0.61538
0.69625,0.91604,0.61538
0.7209,0.91604,0.61538
0.74555,0.91604,0.61538
0.77221,0.91059,0.61538
0.79887,0.89422,0.61538
0.82554,0.86694,0.61538
0.8522,0.82877,0.61538
0.87886,0.77968,0.61538
0.90552,0.71967,0.61538
0.93219,0.64876,0.61538
0.95885,0.56694,0.61538
0.98551,0.47421,0.61538
0.00647,0.0,0.64103
0.03106,0.23082,0.64103
0.05565,0.42484,0.64103
0.08024,0.58501,0.64103
0.10483,0.71427,0.64103
0.12942,0.81557,0.64103
0.15401,0.89185,0.64103
0.1786,0.94606,0.64103
0.20319,0.98113,0.64103
0.22778,1.0,0.64103
0.25237,1.0,0.64103
0.27696,1.0,0.64103
0.30155,0.98895,0.64103
0.32614,0.97252,0.64103
0.35073,0.95461,0.64103
0.37532,0.93817,0.64103
0.39991,0.92615,0.64103
0.4245,0.92149,0.64103
0.44918,0.92149,0.64103
0.47387,0.92149,0.64103
0.49855,0.92149,0.64103
0.52323,0.92149,0.64103
0.54792,0.92149,0.64103
0.5726,0.92149,0.64103
0.59728,0.92149,0.64103
0.62197,0.92149,0.64103
0.64665,0.92149,0.64103
0.67133,0.92149,0.64103
0.69602,0.92149,0.64103
0.7207,0.92149,0.64103
0.74538,0.92149,0.64103
0.77192,0.91608,0.64103
0.79845,0.89984,0.64103
0.82499,0.87277,0.64103
0.85152,0.83487,0.64103
0.87806,0.78615,0.64103
0.90459,0.7266,0.64103
0.93113,0.65623,0.64103
0.95766,0.57503,0.64103
0.9842,0.48299,0.64103
0.00841,0.0,0.66667
0.03284,0.23099,0.66667
0.05726,0.42526,0.66667
0.08168,0.58573,0.66667
0.1061,0.71536,0.66667
0.13052,0.81704,0.66667
0.15495,0.89375,0.66667
0.17937,0.9484,0.66667
0.20379,0.98391,0.66667
0.22821,1.0,0.66667
0.25264,1.0,0.66667
0.27706,1.0,0.66667
0.30148,0.99341,0.66667
0.3259,0.97731,0.66667
0.35033,0.95968,0.66667
0.37475,0.94344,0.66667
0.39917,0.93156,0.66667
0.42359,0.92694,0.66667
0.44833,0.92694,0.66667
0.47306,0.92694,0.66667
0.49779,0.92694,0.66667
0.52253,0.92694,0.66667
0.54726,0.92694,0.66667
0.57199,0.92694,0.66667
0.59673,0.92694,0.66667
0.62146,0.92694,0.66667
0.64619,0.92694,0.66667
0.67093,0.92694,0.66667
0.69566,0.92694,0.66667
0.72039,0.92694,0.66667
0.74513,0.92694,0.66667
0.77154,0.92153,0.66667
0.79796,0.90529,0.66667
0.82438,0.87821,0.66667
0.85079,0.84031,0.66667
0.87721,0.79158,0.66667
0.90363,0.73202,0.66667
0.93004,0.66163,0.66667
0.95646,0.58041,0.66667
0.98288,0.48837,0.66667
0.01061,0.0,0.6923
0.03634,0.24369,0.6923
0.06208,0.44639,0.6923
0.08781,0.61158,0.6923
0.11354,0.74274,0.6923
0.13928,0.84336,0.6923
0.16501,0.91694,0.6923
0.19075,0.96697,0.6923
0.21648,0.99691,0.6923
0.24221,1.0,0.6923
0.26795,1.0,0.6923
0.29368,1.0,0.6923
0.31941,0.98572,0.6923
0.34515,0.96763,0.6923
0.37088,0.95038,0.6923
0.39662,0.93747,0.6923
0.42235,0.93239,0.6923
0.44538,0.93239,0.6923
0.46841,0.93239,0.6923
0.49144,0.93239,0.6923
0.51447,0.93239,0.6923
0.5375,0.93239,0.6923
0.56054,0.93239,0.6923
0.58357,0.93239,0.6923
0.6066,0.93239,0.6923
0.62963,0.93239,0.6923
0.65266,0.93239,0.6923
0.67569,0.93239,0.6923
0.69872,0.93239,0.6923
0.72175,0.93239,0.6923
0.74478,0.93239,0.6923
0.77109,0.92698,0.6923
0.7974,0.91073,0.6923
0.82371,0.88366,0.6923
0.85002,0.84574,0.6923
0.87633,0.797,0.6923
0.90263,0.73744,0.6923
0.92894,0.66703,0.6923
0.95525,0.5858,0.6923
0.98156,0.49374,0.6923
0.01306,0.0,0.71795
0.03854,0.24254,0.71795
0.06402,0.4445,0.71795
0.08951,0.60933,0.71795
0.11499,0.74047,0.71795
0.14047,0.84136,0.71795
0.16595,0.91542,0.71795
0.19143,0.96611,0.71795
0.21692,0.99687,0.71795
0.2424,1.0,0.71795
0.26788,1.0,0.71795
0.29336,1.0,0.71795
0.31885,0.98928,0.71795
0.34433,0.97194,0.71795
0.36981,0.95529,0.71795
0.39529,0.94278,0.71795
0.42077,0.93784,0.71795
0.44389,0.93784,0.71795
0.467,0.93784,0.71795
0.49011,0.93784,0.71795
0.51322,0.93784,0.71795
0.53634,0.93784,0.71795
0.55945,0.93784,0.71795
0.58256,0.93784,0.71795
0.60567,0.93784,0.71795
0.62879,0.93784,0.71795
0.6519,0.93784,0.71795
0.67501,0.93784,0.71795
0.69812,0.93784,0.71795
0.72123,0.93784,0.71795
0.74435,0.93784,0.71795
0.77056,0.93243,0.71795
0.79677,0.91618,0.71795
0.82298,0.88909,0.71795
0.84919,0.85118,0.71795
0.8754,0.80244,0.71795
0.90161,0.74285,0.71795
0.92782,0.67244,0.71795
0.95403,0.59119,0.71795
0.98024,0.49911,0.71795
0.01576,0.0,0.74359
0.04096,0.24071,0.74359
0.06615,0.44145,0.74359
0.09135,0.60557,0.74359
0.11654,0.73648,0.74359
0.14173,0.83753,0.74359
0.16693,0.91211,0.74359
0.19212,0.96356,0.74359
0.21731,0.99529,0.74359
0.24251,1.0,0.74359
0.2677,1.0,0.74359
0.2929,1.0,0.74359
0.31809,0.99227,0.74359
0.34328,0.97591,0.74359
0.36848,0.96003,0.74359
0.39367,0.94804,0.74359
0.41887,0.9433,0.74359
0.44208,0.9433,0.74359
0.46529,0.9433,0.74359
0.4885,0.9433,0.74359
0.51171,0.9433,0.74359
0.53492,0.9433,0.74359
0.55813,0.9433,0.74359
0.58134,0.9433,0.74359
0.60455,0.9433,0.74359
0.62777,0.9433,0.74359
0.65098,0.9433,0.74359
0.67419,0.9433,0.74359
0.6974,0.9433,0.74359
0.72061,0.9433,0.74359
0.74382,0.9433,0.74359
0.76994,0.93787,0.74359
0.79607,0.92162,0.74359
0.82219,0.89454,0.74359
0.84831,0.85661,0.74359
0.87444,0.80786,0.74359
0.90056,0.74827,0.74359
0.92668,0.67784,0.74359
0.9528,0.59658,0.74359
0.97893,0.50448,0.74359
0.01872,0.0,0.76923
0.04359,0.23821,0.76923
0.06846,0.43721,0.76923
0.09333,0.60031,0.76923
0.1182,0.73077,0.76923
0.14307,0.83191,0.76923
0.16793,0.907,0.76923
0.1928,0.95933,0.76923
0.21767,0.99218,0.76923
0.24254,1.0,0.76923
0.26741,1.0,0.76923
0.29228,1.0,0.76923
0.31715,0.99468,0.76923
0.34202,0.97952,0.76923
0.36689,0.96462,0.76923
0.39175,0.95326,0.76923
0.41662,0.94874,0.76923
0.43995,0.94874,0.76923
0.46328,0.94874,0.76923
0.4866,0.94874,0.76923
0.50993,0.94874,0.76923
0.53326,0.94874,0.76923
0.55659,0.94874,0.76923
0.57991,0.94874,0.76923
0.60324,0.94874,0.76923
0.62657,0.94874,0.76923
0.6499,0.94874,0.76923
0.67322,0.94874,0.76923
0.69655,0.94874,0.76923
0.71988,0.94874,0.76923
0.74321,0.94874,0.76923
0.76925,0.94333,0.76923
0.7953,0.92707,0.76923
0.82134,0.89999,0.76923
0.84739,0.86205,0.76923
0.87343,0.81329,0.76923
0.89947,0.75369,0.76923
0.92552,0.68324,0.76923
0.95156,0.60197,0.76923
0.97761,0.50985,0.76923
0.02193,0.0,0.79487
0.04644,0.23504,0.79487
0.07095,0.43183,0.79487
0.09546,0.59355,0.79487
0.11996,0.72338,0.79487
0.14447,0.82451,0.79487
0.16898,0.90013,0.79487
0.19348,0.95343,0.79487
0.21799,0.98758,0.79487
0.2425,1.0,0.79487
0.26701,1.0,0.79487
0.29151,1.0,0.79487
0.31602,0.99654,0.79487
0.34053,0.98279,0.79487
0.36503,0.96903,0.79487
0.38954,0.95844,0.79487
0.41405,0.9542,0.79487
0.43751,0.9542,0.79487
0.46097,0.9542,0.79487
0.48443,0.9542,0.79487
0.50789,0.9542,0.79487
0.53135,0.9542,0.79487
0.55481,0.9542,0.79487
0.57828,0.9542,0.79487
0.60174,0.9542,0.79487
0.6252,0.9542,0.79487
0.64866,0.9542,0.79487
0.67212,0.9542,0.79487
0.69558,0.9542,0.79487
0.71904,0.9542,0.79487
0.7425,0.9542,0.79487
0.76848,0.94877,0.79487
0.79446,0.93252,0.79487
0.82043,0.90542,0.79487
0.84641,0.86749,0.79487
0.87239,0.81872,0.79487
0.89836,0.7591,0.79487
0.92434,0.68865,0.79487
0.95032,0.60736,0.79487
0.97629,0.51523,0.79487
0.0254,0.0,0.82051
0.04951,0.23124,0.82051
0.07362,0.42532,0.82051
0.09773,0.58534,0.82051
0.12184,0.71432,0.82051
0.14594,0.81537,0.82051
0.17005,0.89153,0.82051
0.19416,0.94589,0.82051
0.21827,0.9815,0.82051
0.24238,1.0,0.82051
0.26649,1.0,0.82051
0.2906,1.0,0.82051
0.31471,0.99783,0.82051
0.33881,0.98572,0.82051
0.36292,0.97328,0.82051
0.38703,0.96357,0.82051
0.41114,0.95965,0.82051
0.43475,0.95965,0.82051
0.45836,0.95965,0.82051
0.48198,0.95965,0.82051
0.50559,0.95965,0.82051
0.5292,0.95965,0.82051
0.55281,0.95965,0.82051
0.57642,0.95965,0.82051
0.60004,0.95965,0.82051
0.62365,0.95965,0.82051
0.64726,0.95965,0.82051
0.67087,0.95965,0.82051
0.69448,0.95965,0.82051
0.7181,0.95965,0.82051
0.74171,0.95965,0.82051
0.76763,0.95423,0.82051
0.79355,0.93797,0.82051
0.81946,0.91087,0.82051
0.84538,0.87292,0.82051
0.8713,0.82414,0.82051
0.89722,0.76452,0.82051
0.92314,0.69406,0.82051
0.94906,0.61275,0.82051
0.97498,0.5206,0.82051
0.02912,0.0,0.84615
0.0528,0.2268,0.84615
0.07647,0.41772,0.84615
0.10014,0.57569,0.84615
0.12382,0.70366,0.84615
0.14749,0.80454,0.84615
0.17116,0.88126,0.84615
0.19484,0.93676,0.84615
0.21851,0.97398,0.84615
0.24218,0.99584,0.84615
0.26586,1.0,0.84615
0.28953,1.0,0.84615
0.3132,0.99859,0.84615
0.33688,0.98833,0.84615
0.36055,0.97739,0.84615
0.38422,0.96866,0.84615
0.4079,0.9651,0.84615
0.43168,0.9651,0.84615
0.45546,0.9651,0.84615
0.47924,0.9651,0.84615
0.50302,0.9651,0.84615
0.5268,0.9651,0.84615
0.55058,0.9651,0.84615
0.57436,0.9651,0.84615
0.59814,0.9651,0.84615
0.62192,0.9651,0.84615
0.6457,0.9651,0.84615
0.66948,0.9651,0.84615
0.69326,0.9651,0.84615
0.71704,0.9651,0.84615
0.74082,0.9651,0.84615
0.76669,0.95968,0.84615
0.79256,0.94342,0.84615
0.81844,0.9163,0.84615
0.84431,0.87836,0.84615
0.87018,0.82957,0.84615
0.89605,0.76993,0.84615
0.92192,0.69945,0.84615
0.94779,0.61814,0.84615
0.97366,0.52598,0.84615
0.0331,0.0,0.8718
0.05785,0.23528,0.8718
0.08259,0.43157,0.8718
0.10734,0.59225,0.8718
0.13209,0.7207,0.8718
0.15684,0.82028,0.8718
0.18159,0.89437,0.8718
0.20634,0.94634,0.8718
0.23108,0.97956,0.8718
0.25583,0.99741,0.8718
0.28058,1.0,0.8718
0.30533,1.0,0.8718
0.33008,0.99245,0.8718
0.35483,0.98253,0.8718
0.37957,0.97411,0.8718
0.40432,0.97055,0.8718
0.42669,0.97055,0.8718
0.44906,0.97055,0.8718
0.47143,0.97055,0.8718
0.4938,0.97055,0.8718
0.51617,0.97055,0.8718
0.53853,0.97055,0.8718
0.5609,0.97055,0.8718
0.58327,0.97055,0.8718
0.60564,0.97055,0.8718
0.62801,0.97055,0.8718
0.65038,0.97055,0.8718
0.67275,0.97055,0.8718
0.69511,0.97055,0.8718
0.71748,0.97055,0.8718
0.73985,0.97055,0.8718
0.76568,0.96513,0.8718
0.79152,0.94886,0.8718
0.81735,0.92175,0.8718
0.84318,0.88379,0.8718
0.86901,0.835,0.8718
0.89484,0.77534,0.8718
0.92068,0.70486,0.8718
0.94651,0.62352,0.8718
0.97234,0.53134,0.8718
0.03733,0.0,0.89743
0.06153,0.22933,0.89743
0.08574,0.42146,0.89743
0.10994,0.57956,0.89743
0.13415,0.70679,0.89743
0.15836,0.80635,0.89743
0.18256,0.88137,0.89743
0.20677,0.93503,0.89743
0.23097,0.97052,0.89743
0.25518,0.99099,0.89743
0.27939,0.99961,0.89743
0.30359,0.99956,0.89743
0.3278,0.99401,0.89743
0.352,0.98612,0.89743
0.37621,0.97906,0.89743
0.40042,0.976,0.89743
0.42297,0.976,0.89743
0.44553,0.976,0.89743
0.46809,0.976,0.89743
0.49065,0.976,0.89743
0.51321,0.976,0.89743
0.53576,0.976,0.89743
0.55832,0.976,0.89743
0.58088,0.976,0.89743
0.60344,0.976,0.89743
0.626,0.976,0.89743
0.64856,0.976,0.89743
0.67111,0.976,0.89743
0.69367,0.976,0.89743
0.71623,0.976,0.89743
0.73879,0.976,0.89743
0.76459,0.97058,0.89743
0.7904,0.95431,0.89743
0.8162,0.92719,0.89743
0.842,0.88923,0.89743
0.86781,0.84042,0.89743
0.89361,0.78076,0.89743
0.91942,0.71026,0.89743
0.94522,0.62891,0.89743
0.97102,0.53672,0.89743
0.04181,0.0,0.92308
0.06543,0.2228,0.92308
0.08906,0.41033,0.92308
0.11268,0.56557,0.92308
0.13631,0.69144,0.92308
0.15993,0.79091,0.92308
0.18356,0.86691,0.92308
0.20718,0.92239,0.92308
0.2308,0.9603,0.92308
0.25443,0.9836,0.92308
0.27805,0.99523,0.92308
0.30168,0.99813,0.92308
0.3253,0.99526,0.92308
0.34893,0.98955,0.92308
0.37255,0.98397,0.92308
0.39617,0.98146,0.92308
0.42056,0.98146,0.92308
0.44495,0.98146,0.92308
0.46934,0.98146,0.92308
0.49373,0.98146,0.92308
0.51812,0.98146,0.92308
0.54251,0.98146,0.92308
0.5669,0.98146,0.92308
0.59129,0.98146,0.92308
0.61568,0.98146,0.92308
0.64007,0.98146,0.92308
0.66446,0.98146,0.92308
0.68885,0.98146,0.92308
0.71324,0.98146,0.92308
0.73763,0.98146,0.92308
0.76084,0.97706,0.92308
0.78405,0.96388,0.92308
0.80726,0.94191,0.92308
0.83046,0.91116,0.92308
0.85367,0.87162,0.92308
0.87688,0.82328,0.92308
0.90009,0.76617,0.92308
0.92329,0.70027,0.92308
0.9465,0.62557,0.92308
0.96971,0.54209,0.92308
0.04655,0.0,0.94872
0.0712,0.22981,0.94872
0.09584,0.42178,0.94872
0.12049,0.57925,0.94872
0.14513,0.70554,0.94872
0.16978,0.80399,0.94872
0.19443,0.87792,0.94872
0.21907,0.93068,0.94872
0.24372,0.96559,0.94872
0.26837,0.98598,0.94872
0.29301,0.9952,0.94872
0.31766,0.99658,0.94872
0.34231,0.99342,0.94872
0.36695,0.98909,0.94872
0.3916,0.9869,0.94872
0.41459,0.9869,0.94872
0.43757,0.9869,0.94872
0.46056,0.9869,0.94872
0.48354,0.9869,0.94872
0.50653,0.9869,0.94872
0.52952,0.9869,0.94872
0.5525,0.9869,0.94872
0.57549,0.9869,0.94872
0.59847,0.9869,0.94872
0.62146,0.9869,0.94872
0.64445,0.9869,0.94872
0.66743,0.9869,0.94872
0.69042,0.9869,0.94872
0.71341,0.9869,0.94872
0.73639,0.9869,0.94872
0.75959,0.98251,0.94872
0.78279,0.96933,0.94872
0.80599,0.94735,0.94872
0.82919,0.91659,0.94872
0.85239,0.87704,0.94872
0.87559,0.82871,0.94872
0.89879,0.77158,0.94872
0.92199,0.70566,0.94872
0.94519,0.63096,0.94872
0.96839,0.54747,0.94872
0.05154,0.0,0.97436
0.07548,0.22175,0.97436
0.09942,0.40822,0.97436
0.12336,0.56241,0.97436
0.1473,0.68736,0.97436
0.17124,0.78607,0.97436
0.19518,0.86158,0.97436
0.21912,0.91689,0.97436
0.24306,0.95503,0.97436
0.267,0.97902,0.97436
0.29094,0.99188,0.97436
0.31487,0.99661,0.97436
0.33881,0.99626,0.97436
0.36275,0.99384,0.97436
0.38669,0.99236,0.97436
0.40992,0.99236,0.97436
0.43314,0.99236,0.97436
0.45637,0.99236,0.97436
0.47959,0.99236,0.97436
0.50282,0.99236,0.97436
0.52604,0.99236,0.97436
0.54926,0.99236,0.97436
0.57249,0.99236,0.97436
0.59571,0.99236,0.97436
0.61894,0.99236,0.97436
0.64216,0.99236,0.97436
0.66539,0.99236,0.97436
0.68861,0.99236,0.97436
0.71183,0.99236,0.97436
0.73506,0.99236,0.97436
0.75826,0.98796,0.97436
0.78146,0.97477,0.97436
0.80466,0.9528,0.97436
0.82786,0.92203,0.97436
0.85107,0.88248,0.97436
0.87427,0.83412,0.97436
0.89747,0.77699,0.97436
0.92067,0.71106,0.97436
0.94387,0.63635,0.97436
0.96707,0.55284,0.97436
0.05679,0.0,1.0
0.07998,0.21319,1.0
0.10317,0.3938,1.0
0.12636,0.5445,1.0
0.14955,0.66799,1.0
0.17274,0.76696,1.0
0.19593,0.84409,1.0
0.21912,0.90207,1.0
0.24231,0.94361,1.0
0.2655,0.97137,1.0
0.28869,0.98806,1.0
0.31188,0.99635,1.0
0.33507,0.99896,1.0
0.35826,0.99854,1.0
0.38145,0.9978,1.0
0.40493,0.9978,1.0
0.42841,0.9978,1.0
0.45189,0.9978,1.0
0.47537,0.9978,1.0
0.49885,0.9978,1.0
0.52233,0.9978,1.0
0.54581,0.9978,1.0
0.56928,0.9978,1.0
0.59276,0.9978,1.0
0.61624,0.9978,1.0
0.63972,0.9978,1.0
0.6632,0.9978,1.0
0.68668,0.9978,1.0
0.71016,0.9978,1.0
0.73364,0.9978,1.0
0.75685,0.99341,1.0
0.78006,0.98022,1.0
0.80327,0.95824,1.0
0.82648,0.92747,1.0
0.8497,0.8879,1.0
0.87291,0.83955,1.0
0.89612,0.78241,1.0
0.91933,0.71647,1.0
0.94254,0.64173,1.0
0.96576,0.5582,1.0
