0.14351,0.0,0.0
0.16315,0.0,0.0
0.18278,0.0,0.0
0.20242,0.0,0.0
0.22205,0.0,0.0
0.24169,0.0,0.0
0.26132,0.0,0.0
0.28096,0.0,0.0
0.3006,0.0,0.0
0.32023,0.0,0.0
0.33987,0.0,0.0
0.3595,0.0,0.0
0.37914,0.0,0.0
0.39877,0.0,0.0
0.41841,0.0,0.0
0.43804,0.0,0.0
0.45768,0.0,0.0
0.47731,0.0,0.0
0.49695,0.0,0.0
0.51658,0.0,0.0
0.53622,0.0,0.0
0.55585,0.0,0.0
0.57549,0.0,0.0
0.59512,0.0,0.0
0.61476,0.0,0.0
0.63439,0.0,0.0
0.65403,0.0,0.0
0.67366,0.0,0.0
0.6933,0.0,0.0
0.71293,0.0,0.0
0.73257,0.0,0.0
0.7522,0.0,0.0
0.77184,0.0,0.0
0.79148,0.0,0.0
0.81111,0.0,0.0
0.83075,0.0,0.0
0.85038,0.0,0.0
0.87002,0.0,0.0
0.88965,0.0,0.0
0.90929,0.0,0.0
0.11481,0.0,0.02564
0.1384,0.1284,0.02564
0.16198,0.16441,0.02564
0.18557,0.1388,0.02564
0.20915,0.08237,0.02564
0.23274,0.02592,0.02564
0.25632,0.00026,0.02564
0.27638,0.00026,0.02564
0.29643,0.00026,0.02564
0.31648,0.00026,0.02564
0.33653,0.00026,0.02564
0.35658,0.00026,0.02564
0.37663,0.00026,0.02564
0.39668,0.00026,0.02564
0.41673,0.00026,0.02564
0.43678,0.00026,0.02564
0.45683,0.00026,0.02564
0.47689,0.00026,0.02564
0.49694,0.00026,0.02564
0.51699,0.00026,0.02564
0.53704,0.00026,0.02564
0.55709,0.00026,0.02564
0.57714,0.00026,0.02564
0.59719,0.00026,0.02564
0.61724,0.00026,0.02564
0.63729,0.00026,0.02564
0.65735,0.00026,0.02564
0.6774,0.00026,0.02564
0.69745,0.00026,0.02564
0.7175,0.00026,0.02564
0.73755,0.00026,0.02564
0.7576,0.00026,0.02564
0.77871,0.00026,0.02564
0.79981,0.00024,0.02564
0.82092,0.00022,0.02564
0.84202,0.00019,0.02564
0.86313,0.00016,0.02564
0.88423,0.00011,0.02564
0.90534,6e-05,0.02564
0.92645,0.0,0.02564
0.10292,0.0,0.05127
0.12485,0.11675,0.05127
0.14677,0.16229,0.05127
0.1687,0.15601,0.05127
0.19062,0.11733,0.05127
0.21254,0.06567,0.05127
0.23447,0.02042,0.05127
0.25639,0.00103,0.05127
0.27767,0.00103,0.05127
0.29895,0.00103,0.05127
0.32022,0.00103,0.05127
0.3415,0.00103,0.05127
0.36277,0.00103,0.05127
0.38405,0.00103,0.05127
0.40533,0.00103,0.05127
0.4266,0.00103,0.05127
0.44788,0.00103,0.05127
0.46915,0.00103,0.05127
0.49043,0.00103,0.05127
0.51171,0.00103,0.05127
0.53298,0.00103,0.05127
0.55426,0.00103,0.05127
0.57553,0.00103,0.05127
0.59681,0.00103,0.05127
0.61809,0.00103,0.05127
0.63936,0.00103,0.05127
0.66064,0.00103,0.05127
0.68191,0.00103,0.05127
0.70319,0.00103,0.05127
0.72447,0.00103,0.05127
0.74574,0.00103,0.05127
0.76661,0.00103,0.05127
0.78748,0.00098,0.05127
0.80835,0.00092,0.05127
0.82921,0.00084,0.05127
0.85008,0.00072,0.05127
0.87095,0.00058,0.05127
0.89182,0.0004,0.05127
0.91269,0.00022,0.05127
0.93355,0.0,0.05127
0.0938,0.0,0.07693
0.11704,0.11471,0.07693
0.14029,0.1596,0.07693
0.16353,0.15369,0.07693
0.18677,0.116,0.07693
0.21002,0.06553,0.07693
0.23326,0.02131,0.07693
0.2565,0.00233,0.07693
0.27728,0.00233,0.07693
0.29806,0.00233,0.07693
0.31884,0.00233,0.07693
0.33962,0.00233,0.07693
0.3604,0.00233,0.07693
0.38118,0.00233,0.07693
0.40196,0.00233,0.07693
0.42274,0.00233,0.07693
0.44352,0.00233,0.07693
0.46429,0.00233,0.07693
0.48507,0.00233,0.07693
0.50585,0.00233,0.07693
0.52663,0.00233,0.07693
0.54741,0.00233,0.07693
0.56819,0.00233,0.07693
0.58897,0.00233,0.07693
0.60975,0.00233,0.07693
0.63053,0.00233,0.07693
0.65131,0.00233,0.07693
0.67209,0.00233,0.07693
0.69287,0.00233,0.07693
0.71364,0.00233,0.07693
0.73442,0.00233,0.07693
0.75716,0.0023,0.07693
0.77989,0.00222,0.07693
0.80262,0.00207,0.07693
0.82535,0.00188,0.07693
0.84808,0.00161,0.07693
0.87081,0.0013,0.07693
0.89354,0.00092,0.07693
0.91628,0.00048,0.07693
0.93901,0.0,0.07693
0.08611,0.0,0.10257
0.11047,0.11174,0.10257
0.13483,0.1557,0.10257
0.1592,0.15032,0.10257
0.18356,0.11402,0.10257
0.20792,0.06528,0.10257
0.23228,0.02251,0.10257
0.25665,0.00415,0.10257
0.27788,0.00415,0.10257
0.2991,0.00415,0.10257
0.32033,0.00415,0.10257
0.34156,0.00415,0.10257
0.36278,0.00415,0.10257
0.38401,0.00415,0.10257
0.40524,0.00415,0.10257
0.42647,0.00415,0.10257
0.44769,0.00415,0.10257
0.46892,0.00415,0.10257
0.49015,0.00415,0.10257
0.51137,0.00415,0.10257
0.5326,0.00415,0.10257
0.55383,0.00415,0.10257
0.57506,0.00415,0.10257
0.59628,0.00415,0.10257
0.61751,0.00415,0.10257
0.63874,0.00415,0.10257
0.65996,0.00415,0.10257
0.68119,0.00415,0.10257
0.70242,0.00415,0.10257
0.72365,0.00415,0.10257
0.74564,0.00411,0.10257
0.76764,0.00398,0.10257
0.78963,0.00378,0.10257
0.81163,0.00349,0.10257
0.83363,0.00312,0.10257
0.85562,0.00265,0.10257
0.87762,0.00212,0.10257
0.89961,0.00149,0.10257
0.92161,0.00079,0.10257
0.9436,0.0,0.10257
0.07933,0.0,0.1282
0.10152,0.09882,0.1282
0.12371,0.1458,0.1282
0.14589,0.15287,0.1282
0.16808,0.13195,0.1282
0.19027,0.09493,0.1282
0.21246,0.05375,0.1282
0.23464,0.02029,0.1282
0.25683,0.00649,0.1282
0.27857,0.00649,0.1282
0.30031,0.00649,0.1282
0.32206,0.00649,0.1282
0.3438,0.00649,0.1282
0.36554,0.00649,0.1282
0.38728,0.00649,0.1282
0.40902,0.00649,0.1282
0.43077,0.00649,0.1282
0.45251,0.00649,0.1282
0.47425,0.00649,0.1282
0.49599,0.00649,0.1282
0.51773,0.00649,0.1282
0.53947,0.00649,0.1282
0.56122,0.00649,0.1282
0.58296,0.00649,0.1282
0.6047,0.00649,0.1282
0.62644,0.00649,0.1282
0.64818,0.00649,0.1282
0.66993,0.00649,0.1282
0.69167,0.00649,0.1282
0.71341,0.00649,0.1282
0.73683,0.00643,0.1282
0.76026,0.00623,0.1282
0.78368,0.00591,0.1282
0.80711,0.00546,0.1282
0.83053,0.00487,0.1282
0.85396,0.00416,0.1282
0.87738,0.00331,0.1282
0.90081,0.00235,0.1282
0.92423,0.00124,0.1282
0.94766,0.0,0.1282
0.07321,0.0,0.15384
0.09619,0.09577,0.15384
0.11917,0.14159,0.15384
0.14215,0.14892,0.15384
0.16513,0.12924,0.15384
0.18811,0.09398,0.15384
0.21109,0.05462,0.15384
0.23407,0.02259,0.15384
0.25705,0.00938,0.15384
0.27939,0.00938,0.15384
0.30172,0.00938,0.15384
0.32405,0.00938,0.15384
0.34638,0.00938,0.15384
0.36872,0.00938,0.15384
0.39105,0.00938,0.15384
0.41338,0.00938,0.15384
0.43572,0.00938,0.15384
0.45805,0.00938,0.15384
0.48038,0.00938,0.15384
0.50272,0.00938,0.15384
0.52505,0.00938,0.15384
0.54738,0.00938,0.15384
0.56971,0.00938,0.15384
0.59205,0.00938,0.15384
0.61438,0.00938,0.15384
0.63671,0.00938,0.15384
0.65905,0.00938,0.15384
0.68138,0.00938,0.15384
0.70371,0.00938,0.15384
0.72622,0.0093,0.15384
0.74873,0.00906,0.15384
0.77124,0.00868,0.15384
0.79375,0.00813,0.15384
0.81626,0.00744,0.15384
0.83877,0.00659,0.15384
0.86128,0.00558,0.15384
0.88379,0.00442,0.15384
0.9063,0.0031,0.15384
0.92881,0.00162,0.15384
0.95132,0.0,0.15384
0.06757,0.0,0.17949
0.09129,0.09287,0.17949
0.11501,0.13767,0.17949
0.13872,0.14537,0.17949
0.16244,0.12699,0.17949
0.18616,0.09353,0.17949
0.20988,0.05601,0.17949
0.23359,0.02544,0.17949
0.25731,0.01279,0.17949
0.27917,0.01279,0.17949
0.30104,0.01279,0.17949
0.3229,0.01279,0.17949
0.34476,0.01279,0.17949
0.36662,0.01279,0.17949
0.38849,0.01279,0.17949
0.41035,0.01279,0.17949
0.43221,0.01279,0.17949
0.45407,0.01279,0.17949
0.47593,0.01279,0.17949
0.4978,0.01279,0.17949
0.51966,0.01279,0.17949
0.54152,0.01279,0.17949
0.56338,0.01279,0.17949
0.58524,0.01279,0.17949
0.60711,0.01279,0.17949
0.62897,0.01279,0.17949
0.65083,0.01279,0.17949
0.67269,0.01279,0.17949
0.69456,0.01279,0.17949
0.7182,0.01268,0.17949
0.74185,0.01237,0.17949
0.7655,0.01184,0.17949
0.78915,0.0111,0.17949
0.8128,0.01014,0.17949
0.83644,0.00898,0.17949
0.86009,0.00762,0.17949
0.88374,0.00603,0.17949
0.90739,0.00423,0.17949
0.93104,0.00222,0.17949
0.95469,0.0,0.17949
0.06233,0.0,0.20513
0.08674,0.0903,0.20513
0.11115,0.13425,0.20513
0.13556,0.14243,0.20513
0.15997,0.12538,0.20513
0.18438,0.09373,0.20513
0.20879,0.05801,0.20513
0.2332,0.02883,0.20513
0.25761,0.01674,0.20513
0.28015,0.01674,0.20513
0.3027,0.01674,0.20513
0.32524,0.01674,0.20513
0.34778,0.01674,0.20513
0.37033,0.01674,0.20513
0.39287,0.01674,0.20513
0.41541,0.01674,0.20513
0.43796,0.01674,0.20513
0.4605,0.01674,0.20513
0.48305,0.01674,0.20513
0.50559,0.01674,0.20513
0.52813,0.01674,0.20513
0.55068,0.01674,0.20513
0.57322,0.01674,0.20513
0.59576,0.01674,0.20513
0.61831,0.01674,0.20513
0.64085,0.01674,0.20513
0.6634,0.01674,0.20513
0.68594,0.01674,0.20513
0.7086,0.01663,0.20513
0.73125,0.01628,0.20513
0.75391,0.0157,0.20513
0.77657,0.01488,0.20513
0.79922,0.01383,0.20513
0.82188,0.01257,0.20513
0.84454,0.01105,0.20513
0.86719,0.0093,0.20513
0.88985,0.00733,0.20513
0.91251,0.00511,0.20513
0.93516,0.00267,0.20513
0.95782,0.0,0.20513
0.05741,0.0,0.23077
0.08247,0.08815,0.23077
0.10754,0.1315,0.23077
0.13261,0.14024,0.23077
0.15767,0.12456,0.23077
0.18274,0.09464,0.23077
0.20781,0.06066,0.23077
0.23288,0.0328,0.23077
0.25794,0.02126,0.23077
0.28004,0.02126,0.23077
0.30214,0.02126,0.23077
0.32425,0.02126,0.23077
0.34635,0.02126,0.23077
0.36845,0.02126,0.23077
0.39055,0.02126,0.23077
0.41265,0.02126,0.23077
0.43475,0.02126,0.23077
0.45685,0.02126,0.23077
0.47895,0.02126,0.23077
0.50106,0.02126,0.23077
0.52316,0.02126,0.23077
0.54526,0.02126,0.23077
0.56736,0.02126,0.23077
0.58946,0.02126,0.23077
0.61156,0.02126,0.23077
0.63366,0.02126,0.23077
0.65576,0.02126,0.23077
0.67786,0.02126,0.23077
0.70144,0.02111,0.23077
0.72501,0.02066,0.23077
0.74859,0.01992,0.23077
0.77216,0.0189,0.23077
0.79574,0.01756,0.23077
0.81931,0.01594,0.23077
0.84289,0.01403,0.23077
0.86646,0.01181,0.23077
0.89004,0.0093,0.23077
0.91361,0.00649,0.23077
0.93719,0.00339,0.23077
0.96076,0.0,0.23077
0.05275,0.0,0.2564
0.07559,0.0792,0.2564
0.09843,0.12321,0.2564
0.12127,0.13894,0.2564
0.14411,0.13332,0.2564
0.16695,0.11322,0.2564
0.18979,0.08556,0.2564
0.21263,0.05725,0.2564
0.23547,0.03521,0.2564
0.25832,0.02632,0.2564
0.2812,0.02632,0.2564
0.30409,0.02632,0.2564
0.32698,0.02632,0.2564
0.34987,0.02632,0.2564
0.37276,0.02632,0.2564
0.39565,0.02632,0.2564
0.41854,0.02632,0.2564
0.44143,0.02632,0.2564
0.46432,0.02632,0.2564
0.48721,0.02632,0.2564
0.5101,0.02632,0.2564
0.53299,0.02632,0.2564
0.55588,0.02632,0.2564
0.57877,0.02632,0.2564
0.60166,0.02632,0.2564
0.62455,0.02632,0.2564
0.64744,0.02632,0.2564
0.67033,0.02632,0.2564
0.69476,0.02614,0.2564
0.7192,0.0256,0.2564
0.74363,0.02468,0.2564
0.76807,0.0234,0.2564
0.7925,0.02176,0.2564
0.81694,0.01975,0.2564
0.84137,0.01737,0.2564
0.86581,0.01462,0.2564
0.89024,0.01152,0.2564
0.91468,0.00805,0.2564
0.93911,0.00421,0.2564
0.96355,0.0,0.2564
0.04832,0.0,0.28206
0.0717,0.07816,0.28206
0.09508,0.12204,0.28206
0.11845,0.13833,0.28206
0.14183,0.13374,0.28206
0.16521,0.11497,0.28206
0.18859,0.0887,0.28206
0.21197,0.06165,0.28206
0.23535,0.04051,0.28206
0.25873,0.03196,0.28206
0.28253,0.03196,0.28206
0.30633,0.03196,0.28206
0.33013,0.03196,0.28206
0.35393,0.03196,0.28206
0.37773,0.03196,0.28206
0.40153,0.03196,0.28206
0.42533,0.03196,0.28206
0.44913,0.03196,0.28206
0.47293,0.03196,0.28206
0.49673,0.03196,0.28206
0.52053,0.03196,0.28206
0.54433,0.03196,0.28206
0.56813,0.03196,0.28206
0.59193,0.03196,0.28206
0.61573,0.03196,0.28206
0.63953,0.03196,0.28206
0.66333,0.03196,0.28206
0.68663,0.03178,0.28206
0.70993,0.0312,0.28206
0.73322,0.03026,0.28206
0.75652,0.02894,0.28206
0.77982,0.02724,0.28206
0.80312,0.02516,0.28206
0.82641,0.0227,0.28206
0.84971,0.01986,0.28206
0.87301,0.01665,0.28206
0.8963,0.01305,0.28206
0.9196,0.00908,0.28206
0.9429,0.00472,0.28206
0.9662,0.0,0.28206
0.04408,0.0,0.3077
0.06798,0.07771,0.3077
0.09188,0.1218,0.3077
0.11578,0.13881,0.3077
0.13968,0.13529,0.3077
0.16358,0.11775,0.3077
0.18748,0.09275,0.3077
0.21138,0.0668,0.3077
0.23528,0.04644,0.3077
0.25917,0.03819,0.3077
0.28257,0.03819,0.3077
0.30596,0.03819,0.3077
0.32936,0.03819,0.3077
0.35275,0.03819,0.3077
0.37615,0.03819,0.3077
0.39954,0.03819,0.3077
0.42293,0.03819,0.3077
0.44633,0.03819,0.3077
0.46972,0.03819,0.3077
0.49312,0.03819,0.3077
0.51651,0.03819,0.3077
0.53991,0.03819,0.3077
0.5633,0.03819,0.3077
0.58669,0.03819,0.3077
0.61009,0.03819,0.3077
0.63348,0.03819,0.3077
0.65688,0.03819,0.3077
0.68087,0.03797,0.3077
0.70486,0.03729,0.3077
0.72884,0.03615,0.3077
0.75283,0.03458,0.3077
0.77682,0.03254,0.3077
0.80081,0.03006,0.3077
0.8248,0.02712,0.3077
0.84879,0.02373,0.3077
0.87277,0.01989,0.3077
0.89676,0.01559,0.3077
0.92075,0.01085,0.3077
0.94474,0.00566,0.3077
0.96873,0.0,0.3077
0.04002,0.0,0.33333
0.06443,0.07787,0.33333
0.08883,0.12255,0.33333
0.11324,0.14047,0.33333
0.13764,0.13804,0.33333
0.16204,0.12165,0.33333
0.18645,0.09774,0.33333
0.21085,0.07272,0.33333
0.23526,0.05302,0.33333
0.25966,0.04502,0.33333
0.28268,0.04502,0.33333
0.30569,0.04502,0.33333
0.32871,0.04502,0.33333
0.35173,0.04502,0.33333
0.37475,0.04502,0.33333
0.39777,0.04502,0.33333
0.42078,0.04502,0.33333
0.4438,0.04502,0.33333
0.46682,0.04502,0.33333
0.48984,0.04502,0.33333
0.51286,0.04502,0.33333
0.53587,0.04502,0.33333
0.55889,0.04502,0.33333
0.58191,0.04502,0.33333
0.60493,0.04502,0.33333
0.62795,0.04502,0.33333
0.65096,0.04502,0.33333
0.67559,0.04475,0.33333
0.70022,0.04396,0.33333
0.72485,0.04263,0.33333
0.74948,0.04076,0.33333
0.77411,0.03835,0.33333
0.79874,0.03543,0.33333
0.82337,0.03196,0.33333
0.848,0.02797,0.33333
0.87263,0.02344,0.33333
0.89726,0.01838,0.33333
0.92189,0.01279,0.33333
0.94652,0.00665,0.33333
0.97116,0.0,0.33333
0.03612,0.0,0.35897
0.06101,0.07873,0.35897
0.08591,0.12442,0.35897
0.11081,0.14342,0.35897
0.1357,0.14207,0.35897
0.1606,0.12675,0.35897
0.1855,0.10377,0.35897
0.21039,0.07951,0.35897
0.23529,0.06029,0.35897
0.26018,0.05246,0.35897
0.28285,0.05246,0.35897
0.30552,0.05246,0.35897
0.3282,0.05246,0.35897
0.35087,0.05246,0.35897
0.37354,0.05246,0.35897
0.39621,0.05246,0.35897
0.41888,0.05246,0.35897
0.44155,0.05246,0.35897
0.46422,0.05246,0.35897
0.48689,0.05246,0.35897
0.50956,0.05246,0.35897
0.53223,0.05246,0.35897
0.55491,0.05246,0.35897
0.57758,0.05246,0.35897
0.60025,0.05246,0.35897
0.62292,0.05246,0.35897
0.64559,0.05246,0.35897
0.67081,0.05216,0.35897
0.69604,0.05123,0.35897
0.72126,0.04967,0.35897
0.74648,0.0475,0.35897
0.7717,0.0447,0.35897
0.79693,0.0413,0.35897
0.82215,0.03725,0.35897
0.84737,0.0326,0.35897
0.8726,0.02732,0.35897
0.89782,0.02142,0.35897
0.92304,0.0149,0.35897
0.94827,0.00776,0.35897
0.97349,0.0,0.35897
0.03235,0.0,0.38461
0.05773,0.08031,0.38461
0.0831,0.12744,0.38461
0.10848,0.14773,0.38461
0.13386,0.14749,0.38461
0.15924,0.13309,0.38461
0.18461,0.11085,0.38461
0.20999,0.08714,0.38461
0.23537,0.06824,0.38461
0.26074,0.06054,0.38461
0.2845,0.06054,0.38461
0.30825,0.06054,0.38461
0.332,0.06054,0.38461
0.35575,0.06054,0.38461
0.3795,0.06054,0.38461
0.40325,0.06054,0.38461
0.427,0.06054,0.38461
0.45075,0.06054,0.38461
0.4745,0.06054,0.38461
0.49825,0.06054,0.38461
0.522,0.06054,0.38461
0.54575,0.06054,0.38461
0.5695,0.06054,0.38461
0.59325,0.06054,0.38461
0.617,0.06054,0.38461
0.64075,0.06054,0.38461
0.66468,0.06024,0.38461
0.68861,0.05931,0.38461
0.71254,0.05776,0.38461
0.73647,0.0556,0.38461
0.76039,0.05282,0.38461
0.78432,0.04943,0.38461
0.80825,0.04541,0.38461
0.83218,0.04076,0.38461
0.8561,0.03553,0.38461
0.88003,0.02965,0.38461
0.90396,0.02317,0.38461
0.92789,0.01607,0.38461
0.95182,0.00834,0.38461
0.97574,0.0,0.38461
0.0287,0.0,0.41026
0.05455,0.08269,0.41026
0.0804,0.13171,0.41026
0.10625,0.15348,0.41026
0.1321,0.15437,0.41026
0.15795,0.14077,0.41026
0.1838,0.11908,0.41026
0.20965,0.09567,0.41026
0.2355,0.07693,0.41026
0.26134,0.06927,0.41026
0.28479,0.06927,0.41026
0.30823,0.06927,0.41026
0.33168,0.06927,0.41026
0.35512,0.06927,0.41026
0.37857,0.06927,0.41026
0.40201,0.06927,0.41026
0.42546,0.06927,0.41026
0.4489,0.06927,0.41026
0.47235,0.06927,0.41026
0.49579,0.06927,0.41026
0.51924,0.06927,0.41026
0.54268,0.06927,0.41026
0.56613,0.06927,0.41026
0.58957,0.06927,0.41026
0.61302,0.06927,0.41026
0.63646,0.06927,0.41026
0.66085,0.06892,0.41026
0.68524,0.06786,0.41026
0.70963,0.06609,0.41026
0.73402,0.06361,0.41026
0.75841,0.06043,0.41026
0.7828,0.05654,0.41026
0.80719,0.05195,0.41026
0.83158,0.04665,0.41026
0.85597,0.04065,0.41026
0.88036,0.03394,0.41026
0.90475,0.02651,0.41026
0.92914,0.01838,0.41026
0.95353,0.00954,0.41026
0.97792,0.0,0.41026
0.02517,0.0,0.4359
0.05148,0.08588,0.4359
0.07779,0.13732,0.4359
0.10411,0.16079,0.4359
0.13042,0.1628,0.4359
0.15673,0.14987,0.4359
0.18304,0.12848,0.4359
0.20936,0.10515,0.4359
0.23567,0.08638,0.4359
0.26198,0.07869,0.4359
0.28515,0.07869,0.4359
0.30832,0.07869,0.4359
0.33149,0.07869,0.4359
0.35466,0.07869,0.4359
0.37783,0.07869,0.4359
0.401,0.07869,0.4359
0.42417,0.07869,0.4359
0.44734,0.07869,0.4359
0.47052,0.07869,0.4359
0.49369,0.07869,0.4359
0.51686,0.07869,0.4359
0.54003,0.07869,0.4359
0.5632,0.07869,0.4359
0.58637,0.07869,0.4359
0.60954,0.07869,0.4359
0.63271,0.07869,0.4359
0.65752,0.07828,0.4359
0.68233,0.07708,0.4359
0.70714,0.07507,0.4359
0.73194,0.07226,0.4359
0.75675,0.06864,0.4359
0.78156,0.06422,0.4359
0.80637,0.05902,0.4359
0.83118,0.05299,0.4359
0.85599,0.04616,0.4359
0.8808,0.03853,0.4359
0.90561,0.03011,0.4359
0.93042,0.02087,0.4359
0.95523,0.01085,0.4359
0.98004,0.0,0.4359
0.02174,0.0,0.46154
0.04583,0.08269,0.46154
0.06992,0.13598,0.46154
0.09401,0.16475,0.46154
0.11811,0.17386,0.46154
0.1422,0.16819,0.46154
0.16629,0.1526,0.46154
0.19038,0.132,0.46154
0.21447,0.11126,0.46154
0.23856,0.09522,0.46154
0.26266,0.08881,0.46154
0.28711,0.08881,0.46154
0.31157,0.08881,0.46154
0.33602,0.08881,0.46154
0.36048,0.08881,0.46154
0.38494,0.08881,0.46154
0.40939,0.08881,0.46154
0.43385,0.08881,0.46154
0.4583,0.08881,0.46154
0.48276,0.08881,0.46154
0.50722,0.08881,0.46154
0.53167,0.08881,0.46154
0.55613,0.08881,0.46154
0.58058,0.08881,0.46154
0.60504,0.08881,0.46154
0.6295,0.08881,0.46154
0.65468,0.08834,0.46154
0.67987,0.08699,0.46154
0.70505,0.08473,0.46154
0.73024,0.08155,0.46154
0.75542,0.07748,0.46154
0.78061,0.0725,0.46154
0.80579,0.0666,0.46154
0.83098,0.05981,0.46154
0.85616,0.05211,0.46154
0.88135,0.0435,0.46154
0.90653,0.03398,0.46154
0.93172,0.02356,0.46154
0.9569,0.01223,0.46154
0.98209,0.0,0.46154
0.0184,0.0,0.48717
0.0429,0.0873,0.48717
0.06739,0.14389,0.48717
0.09189,0.17487,0.48717
0.11639,0.1853,0.48717
0.14088,0.18024,0.48717
0.16538,0.16473,0.48717
0.18988,0.14386,0.48717
0.21438,0.12268,0.48717
0.23887,0.10626,0.48717
0.26337,0.09965,0.48717
0.2876,0.09965,0.48717
0.31183,0.09965,0.48717
0.33606,0.09965,0.48717
0.36029,0.09965,0.48717
0.38452,0.09965,0.48717
0.40875,0.09965,0.48717
0.43298,0.09965,0.48717
0.45721,0.09965,0.48717
0.48144,0.09965,0.48717
0.50567,0.09965,0.48717
0.5299,0.09965,0.48717
0.55413,0.09965,0.48717
0.57836,0.09965,0.48717
0.60259,0.09965,0.48717
0.62682,0.09965,0.48717
0.65234,0.09914,0.48717
0.67786,0.09761,0.48717
0.70338,0.09508,0.48717
0.7289,0.09152,0.48717
0.75441,0.08694,0.48717
0.77993,0.08135,0.48717
0.80545,0.07475,0.48717
0.83097,0.06712,0.48717
0.85649,0.05847,0.48717
0.88201,0.04881,0.48717
0.90753,0.03813,0.48717
0.93304,0.02643,0.48717
0.95856,0.01372,0.48717
0.98408,0.0,0.48717
0.01515,0.0,0.51283
0.04005,0.09279,0.51283
0.06495,0.15329,0.51283
0.08984,0.18679,0.51283
0.11474,0.1986,0.51283
0.13964,0.19404,0.51283
0.16453,0.1784,0.51283
0.18943,0.157,0.51283
0.21433,0.13513,0.51283
0.23922,0.11813,0.51283
0.26412,0.11129,0.51283
0.28816,0.11129,0.51283
0.3122,0.11129,0.51283
0.33623,0.11129,0.51283
0.36027,0.11129,0.51283
0.38431,0.11129,0.51283
0.40835,0.11129,0.51283
0.43239,0.11129,0.51283
0.45642,0.11129,0.51283
0.48046,0.11129,0.51283
0.5045,0.11129,0.51283
0.52854,0.11129,0.51283
0.55258,0.11129,0.51283
0.57661,0.11129,0.51283
0.60065,0.11129,0.51283
0.62469,0.11129,0.51283
0.6505,0.11071,0.51283
0.67631,0.10901,0.51283
0.70212,0.10618,0.51283
0.72793,0.10219,0.51283
0.75374,0.09708,0.51283
0.77955,0.09083,0.51283
0.80536,0.08346,0.51283
0.83117,0.07494,0.51283
0.85698,0.06528,0.51283
0.88279,0.0545,0.51283
0.9086,0.04258,0.51283
0.93441,0.02952,0.51283
0.96022,0.01533,0.51283
0.98602,0.0,0.51283
0.01198,0.0,0.53846
0.03727,0.09928,0.53846
0.06257,0.16428,0.53846
0.08786,0.20061,0.53846
0.11315,0.21388,0.53846
0.13844,0.20972,0.53846
0.16374,0.19373,0.53846
0.18903,0.17151,0.53846
0.21432,0.14871,0.53846
0.23962,0.13089,0.53846
0.26491,0.12371,0.53846
0.28879,0.12371,0.53846
0.31267,0.12371,0.53846
0.33655,0.12371,0.53846
0.36043,0.12371,0.53846
0.3843,0.12371,0.53846
0.40818,0.12371,0.53846
0.43206,0.12371,0.53846
0.45594,0.12371,0.53846
0.47982,0.12371,0.53846
0.5037,0.12371,0.53846
0.52758,0.12371,0.53846
0.55146,0.12371,0.53846
0.57534,0.12371,0.53846
0.59922,0.12371,0.53846
0.6231,0.12371,0.53846
0.64916,0.12308,0.53846
0.67522,0.12119,0.53846
0.70127,0.11804,0.53846
0.72733,0.11362,0.53846
0.75339,0.10793,0.53846
0.77945,0.10099,0.53846
0.80551,0.09279,0.53846
0.83157,0.08331,0.53846
0.85763,0.0726,0.53846
0.88369,0.06059,0.53846
0.90974,0.04734,0.53846
0.9358,0.03283,0.53846
0.96186,0.01705,0.53846
0.98792,0.0,0.53846
0.00889,0.0,0.5641
0.03457,0.10679,0.5641
0.06026,0.17694,0.5641
0.08594,0.21644,0.5641
0.11162,0.23125,0.5641
0.13731,0.22738,0.5641
0.16299,0.2108,0.5641
0.18868,0.18748,0.5641
0.21437,0.16343,0.5641
0.24005,0.14461,0.5641
0.26573,0.13701,0.5641
0.28949,0.13701,0.5641
0.31324,0.13701,0.5641
0.337,0.13701,0.5641
0.36075,0.13701,0.5641
0.38451,0.13701,0.5641
0.40826,0.13701,0.5641
0.43201,0.13701,0.5641
0.45577,0.13701,0.5641
0.47952,0.13701,0.5641
0.50328,0.13701,0.5641
0.52703,0.13701,0.5641
0.55078,0.13701,0.5641
0.57454,0.13701,0.5641
0.59829,0.13701,0.5641
0.62205,0.13701,0.5641
0.64831,0.13631,0.5641
0.67458,0.13422,0.5641
0.70084,0.13071,0.5641
0.72711,0.12583,0.5641
0.75338,0.11953,0.5641
0.77964,0.11185,0.5641
0.80591,0.10276,0.5641
0.83217,0.09226,0.5641
0.85844,0.08039,0.5641
0.88471,0.0671,0.5641
0.91097,0.05243,0.5641
0.93724,0.03635,0.5641
0.9635,0.01888,0.5641
0.98977,0.0,0.5641
0.00586,0.0,0.58974
0.03193,0.1154,0.58974
0.05801,0.1914,0.58974
0.08408,0.23442,0.58974
0.11016,0.25086,0.58974
0.13623,0.24716,0.58974
0.1623,0.22974,0.58974
0.18838,0.20501,0.58974
0.21445,0.1794,0.58974
0.24052,0.15933,0.58974
0.2666,0.1512,0.58974
0.29195,0.1512,0.58974
0.3173,0.1512,0.58974
0.34266,0.1512,0.58974
0.36801,0.1512,0.58974
0.39336,0.1512,0.58974
0.41872,0.1512,0.58974
0.44407,0.1512,0.58974
0.46942,0.1512,0.58974
0.49477,0.1512,0.58974
0.52012,0.1512,0.58974
0.54548,0.1512,0.58974
0.57083,0.1512,0.58974
0.59618,0.1512,0.58974
0.62154,0.1512,0.58974
0.64621,0.15054,0.58974
0.67088,0.14852,0.58974
0.69555,0.14516,0.58974
0.72021,0.14045,0.58974
0.74488,0.13441,0.58974
0.76955,0.12702,0.58974
0.79422,0.11828,0.58974
0.81889,0.1082,0.58974
0.84356,0.09678,0.58974
0.86823,0.084,0.58974
0.8929,0.0699,0.58974
0.91757,0.05444,0.58974
0.94224,0.03763,0.58974
0.96691,0.01949,0.58974
0.99158,0.0,0.58974
0.0029,0.0,0.61539
0.02936,0.12519,0.61539
0.05582,0.20778,0.61539
0.08228,0.25468,0.61539
0.10874,0.27285,0.61539
0.1352,0.26919,0.61539
0.16166,0.25066,0.61539
0.18812,0.22418,0.61539
0.21458,0.19669,0.61539
0.24104,0.17511,0.61539
0.2675,0.16637,0.61539
0.29279,0.16637,0.61539
0.31808,0.16637,0.61539
0.34337,0.16637,0.61539
0.36866,0.16637,0.61539
0.39395,0.16637,0.61539
0.41924,0.16637,0.61539
0.44453,0.16637,0.61539
0.46982,0.16637,0.61539
0.49511,0.16637,0.61539
0.5204,0.16637,0.61539
0.54569,0.16637,0.61539
0.57098,0.16637,0.61539
0.59628,0.16637,0.61539
0.62157,0.16637,0.61539
0.64635,0.16563,0.61539
0.67114,0.16341,0.61539
0.69592,0.15972,0.61539
0.72071,0.15454,0.61539
0.74549,0.14789,0.61539
0.77028,0.13976,0.61539
0.79506,0.13014,0.61539
0.81985,0.11905,0.61539
0.84464,0.10648,0.61539
0.86942,0.09242,0.61539
0.89421,0.0769,0.61539
0.91899,0.0599,0.61539
0.94378,0.04141,0.61539
0.96856,0.02145,0.61539
0.99335,0.0,0.61539
0.0,0.0,0.64103
0.02684,0.13624,0.64103
0.05369,0.22621,0.64103
0.08053,0.27742,0.64103
0.10738,0.2974,0.64103
0.13422,0.29366,0.64103
0.16106,0.27374,0.64103
0.18791,0.24514,0.64103
0.21475,0.21541,0.64103
0.2416,0.19205,0.64103
0.26844,0.18258,0.64103
0.29202,0.18258,0.64103
0.3156,0.18258,0.64103
0.33918,0.18258,0.64103
0.36276,0.18258,0.64103
0.38634,0.18258,0.64103
0.40992,0.18258,0.64103
0.4335,0.18258,0.64103
0.45708,0.18258,0.64103
0.48066,0.18258,0.64103
0.50424,0.18258,0.64103
0.52782,0.18258,0.64103
0.5514,0.18258,0.64103
0.57498,0.18258,0.64103
0.59856,0.18258,0.64103
0.62213,0.18258,0.64103
0.64877,0.18165,0.64103
0.67541,0.17885,0.64103
0.70205,0.17419,0.64103
0.72869,0.16767,0.64103
0.75533,0.1593,0.64103
0.78197,0.14905,0.64103
0.80861,0.13693,0.64103
0.83525,0.12297,0.64103
0.86189,0.10713,0.64103
0.88853,0.08944,0.64103
0.91516,0.06986,0.64103
0.9418,0.04845,0.64103
0.96844,0.02515,0.64103
0.99508,0.0,0.64103
0.00149,0.0,0.66667
0.02829,0.1464,0.66667
0.05508,0.24329,0.66667
0.08187,0.29871,0.66667
0.10866,0.32067,0.66667
0.13546,0.31723,0.66667
0.16225,0.29641,0.66667
0.18904,0.26625,0.66667
0.21583,0.23476,0.66667
0.24262,0.20996,0.66667
0.26942,0.19992,0.66667
0.29469,0.19992,0.66667
0.31996,0.19992,0.66667
0.34524,0.19992,0.66667
0.37051,0.19992,0.66667
0.39578,0.19992,0.66667
0.42106,0.19992,0.66667
0.44633,0.19992,0.66667
0.4716,0.19992,0.66667
0.49688,0.19992,0.66667
0.52215,0.19992,0.66667
0.54742,0.19992,0.66667
0.5727,0.19992,0.66667
0.59797,0.19992,0.66667
0.62325,0.19992,0.66667
0.64815,0.19902,0.66667
0.67305,0.19637,0.66667
0.69795,0.19192,0.66667
0.72285,0.1857,0.66667
0.74776,0.1777,0.66667
0.77266,0.16793,0.66667
0.79756,0.15638,0.66667
0.82246,0.14305,0.66667
0.84737,0.12795,0.66667
0.87227,0.11106,0.66667
0.89717,0.09241,0.66667
0.92207,0.07197,0.66667
0.94698,0.04976,0.66667
0.97188,0.02577,0.66667
0.99678,0.0,0.66667
0.00294,0.0,0.6923
0.02969,0.15774,0.6923
0.05644,0.26231,0.6923
0.08319,0.32234,0.6923
0.10993,0.34644,0.6923
0.13668,0.34322,0.6923
0.16343,0.32127,0.6923
0.19018,0.28921,0.6923
0.21693,0.25564,0.6923
0.24368,0.2292,0.6923
0.27043,0.21848,0.6923
0.29575,0.21848,0.6923
0.32107,0.21848,0.6923
0.34639,0.21848,0.6923
0.37171,0.21848,0.6923
0.39703,0.21848,0.6923
0.42235,0.21848,0.6923
0.44766,0.21848,0.6923
0.47298,0.21848,0.6923
0.4983,0.21848,0.6923
0.52362,0.21848,0.6923
0.54894,0.21848,0.6923
0.57426,0.21848,0.6923
0.59958,0.21848,0.6923
0.6249,0.21848,0.6923
0.6498,0.2175,0.6923
0.6747,0.21459,0.6923
0.69961,0.20974,0.6923
0.72451,0.20294,0.6923
0.74941,0.1942,0.6923
0.77432,0.18351,0.6923
0.79922,0.1709,0.6923
0.82412,0.15633,0.6923
0.84903,0.13982,0.6923
0.87393,0.12138,0.6923
0.89883,0.10099,0.6923
0.92374,0.07865,0.6923
0.94864,0.05437,0.6923
0.97354,0.02815,0.6923
0.99845,0.0,0.6923
0.00425,0.0,0.71794
0.03097,0.17042,0.71794
0.05769,0.28354,0.71794
0.08442,0.34865,0.71794
0.11114,0.375,0.71794
0.13787,0.37186,0.71794
0.16459,0.34853,0.71794
0.19131,0.31424,0.71794
0.21804,0.27827,0.71794
0.24476,0.24989,0.71794
0.27149,0.23837,0.71794
0.29519,0.23837,0.71794
0.3189,0.23837,0.71794
0.34261,0.23837,0.71794
0.36631,0.23837,0.71794
0.39002,0.23837,0.71794
0.41373,0.23837,0.71794
0.43743,0.23837,0.71794
0.46114,0.23837,0.71794
0.48485,0.23837,0.71794
0.50855,0.23837,0.71794
0.53226,0.23837,0.71794
0.55597,0.23837,0.71794
0.57967,0.23837,0.71794
0.60338,0.23837,0.71794
0.62709,0.23837,0.71794
0.65372,0.23718,0.71794
0.68036,0.2336,0.71794
0.707,0.22762,0.71794
0.73363,0.21925,0.71794
0.76027,0.2085,0.71794
0.78691,0.19534,0.71794
0.81354,0.1798,0.71794
0.84018,0.16189,0.71794
0.86682,0.14156,0.71794
0.89345,0.11886,0.71794
0.92009,0.09376,0.71794
0.94673,0.06626,0.71794
0.97336,0.03639,0.71794
1.0,0.00411,0.71794
0.00543,0.0,0.7436
0.03214,0.18457,0.7436
0.05886,0.30719,0.7436
0.08557,0.37787,0.7436
0.11229,0.40664,0.7436
0.139,0.40349,0.7436
0.16572,0.37845,0.7436
0.19243,0.34156,0.7436
0.21915,0.30279,0.7436
0.24586,0.27219,0.7436
0.27258,0.25977,0.7436
0.29639,0.25977,0.7436
0.32021,0.25977,0.7436
0.34402,0.25977,0.7436
0.36784,0.25977,0.7436
0.39166,0.25977,0.7436
0.41547,0.25977,0.7436
0.43929,0.25977,0.7436
0.4631,0.25977,0.7436
0.48692,0.25977,0.7436
0.51074,0.25977,0.7436
0.53455,0.25977,0.7436
0.55837,0.25977,0.7436
0.58219,0.25977,0.7436
0.606,0.25977,0.7436
0.62982,0.25977,0.7436
0.65611,0.25873,0.7436
0.6824,0.2556,0.7436
0.70869,0.25039,0.7436
0.73498,0.24308,0.7436
0.76126,0.23369,0.7436
0.78756,0.22222,0.7436
0.81384,0.20868,0.7436
0.84013,0.19303,0.7436
0.86642,0.1753,0.7436
0.89271,0.15549,0.7436
0.919,0.13359,0.7436
0.94529,0.1096,0.7436
0.97158,0.08354,0.7436
0.99787,0.05539,0.7436
0.00647,0.0,0.76923
0.0332,0.20037,0.76923
0.05992,0.33353,0.76923
0.08664,0.41035,0.76923
0.11337,0.44168,0.76923
0.14009,0.4384,0.76923
0.16681,0.41136,0.76923
0.19354,0.37143,0.76923
0.22026,0.32944,0.76923
0.24698,0.2963,0.76923
0.2737,0.28283,0.76923
0.29766,0.28283,0.76923
0.32162,0.28283,0.76923
0.34558,0.28283,0.76923
0.36954,0.28283,0.76923
0.3935,0.28283,0.76923
0.41746,0.28283,0.76923
0.44142,0.28283,0.76923
0.46538,0.28283,0.76923
0.48933,0.28283,0.76923
0.51329,0.28283,0.76923
0.53725,0.28283,0.76923
0.56121,0.28283,0.76923
0.58517,0.28283,0.76923
0.60913,0.28283,0.76923
0.63309,0.28283,0.76923
0.65899,0.28188,0.76923
0.6849,0.27899,0.76923
0.7108,0.2742,0.76923
0.7367,0.26749,0.76923
0.76261,0.25884,0.76923
0.78851,0.24828,0.76923
0.81442,0.2358,0.76923
0.84032,0.2214,0.76923
0.86622,0.20509,0.76923
0.89213,0.18686,0.76923
0.91803,0.16671,0.76923
0.94394,0.14463,0.76923
0.96984,0.12062,0.76923
0.99574,0.09471,0.76923
0.00739,0.0,0.79487
0.03414,0.21803,0.79487
0.06088,0.36291,0.79487
0.08763,0.44652,0.79487
0.11438,0.48063,0.79487
0.14113,0.47706,0.79487
0.16788,0.44764,0.79487
0.19463,0.40419,0.79487
0.22137,0.35853,0.79487
0.24812,0.32247,0.79487
0.27487,0.30782,0.79487
0.29901,0.30782,0.79487
0.32314,0.30782,0.79487
0.34728,0.30782,0.79487
0.37141,0.30782,0.79487
0.39555,0.30782,0.79487
0.41968,0.30782,0.79487
0.44382,0.30782,0.79487
0.46795,0.30782,0.79487
0.49209,0.30782,0.79487
0.51622,0.30782,0.79487
0.54036,0.30782,0.79487
0.56449,0.30782,0.79487
0.58863,0.30782,0.79487
0.61276,0.30782,0.79487
0.6369,0.30782,0.79487
0.66238,0.30693,0.79487
0.68786,0.30427,0.79487
0.71334,0.29983,0.79487
0.73882,0.29363,0.79487
0.7643,0.28564,0.79487
0.78978,0.27591,0.79487
0.81526,0.26437,0.79487
0.84074,0.25108,0.79487
0.86622,0.23601,0.79487
0.8917,0.21915,0.79487
0.91718,0.20053,0.79487
0.94266,0.18014,0.79487
0.96814,0.15798,0.79487
0.99362,0.13404,0.79487
0.00817,0.0,0.82051
0.03496,0.23778,0.82051
0.06175,0.39571,0.82051
0.08854,0.48672,0.82051
0.11533,0.52369,0.82051
0.14212,0.51956,0.82051
0.16891,0.48723,0.82051
0.19571,0.43962,0.82051
0.2225,0.38962,0.82051
0.24929,0.35016,0.82051
0.27608,0.33414,0.82051
0.30042,0.33414,0.82051
0.32477,0.33414,0.82051
0.34911,0.33414,0.82051
0.37346,0.33414,0.82051
0.3978,0.33414,0.82051
0.42215,0.33414,0.82051
0.44649,0.33414,0.82051
0.47084,0.33414,0.82051
0.49518,0.33414,0.82051
0.51953,0.33414,0.82051
0.54387,0.33414,0.82051
0.56822,0.33414,0.82051
0.59256,0.33414,0.82051
0.61691,0.33414,0.82051
0.64125,0.33414,0.82051
0.66627,0.3333,0.82051
0.69129,0.33084,0.82051
0.7163,0.32675,0.82051
0.74132,0.32101,0.82051
0.76634,0.31362,0.82051
0.79135,0.3046,0.82051
0.81637,0.29393,0.82051
0.84139,0.28164,0.82051
0.8664,0.2677,0.82051
0.89142,0.25211,0.82051
0.91644,0.23488,0.82051
0.94145,0.21602,0.82051
0.96647,0.19552,0.82051
0.99149,0.17338,0.82051
0.00883,0.0,0.84616
0.03567,0.25992,0.84616
0.06252,0.43228,0.84616
0.08937,0.53124,0.84616
0.11622,0.57101,0.84616
0.14307,0.56577,0.84616
0.16992,0.52967,0.84616
0.19677,0.47692,0.84616
0.22362,0.42168,0.84616
0.25047,0.37813,0.84616
0.27732,0.36046,0.84616
0.30191,0.36046,0.84616
0.32649,0.36046,0.84616
0.35108,0.36046,0.84616
0.37567,0.36046,0.84616
0.40026,0.36046,0.84616
0.42485,0.36046,0.84616
0.44944,0.36046,0.84616
0.47403,0.36046,0.84616
0.49861,0.36046,0.84616
0.5232,0.36046,0.84616
0.54779,0.36046,0.84616
0.57238,0.36046,0.84616
0.59697,0.36046,0.84616
0.62156,0.36046,0.84616
0.64614,0.36046,0.84616
0.67066,0.35972,0.84616
0.69518,0.35745,0.84616
0.71969,0.35368,0.84616
0.74421,0.34841,0.84616
0.76872,0.34161,0.84616
0.79324,0.33332,0.84616
0.81775,0.32352,0.84616
0.84227,0.31222,0.84616
0.86678,0.2994,0.84616
0.8913,0.28508,0.84616
0.91581,0.26924,0.84616
0.94033,0.2519,0.84616
0.96484,0.23305,0.84616
0.98936,0.21269,0.84616
0.00935,0.0,0.8718
0.03382,0.2632,0.8718
0.0583,0.4455,0.8718
0.08278,0.55867,0.8718
0.10726,0.61446,0.8718
0.13173,0.62465,0.8718
0.15621,0.60098,0.8718
0.18069,0.55525,0.8718
0.20517,0.4992,0.8718
0.22964,0.44459,0.8718
0.25412,0.40321,0.8718
0.2786,0.38679,0.8718
0.30346,0.38679,0.8718
0.32833,0.38679,0.8718
0.35319,0.38679,0.8718
0.37806,0.38679,0.8718
0.40292,0.38679,0.8718
0.42779,0.38679,0.8718
0.45265,0.38679,0.8718
0.47752,0.38679,0.8718
0.50239,0.38679,0.8718
0.52725,0.38679,0.8718
0.55212,0.38679,0.8718
0.57698,0.38679,0.8718
0.60185,0.38679,0.8718
0.62671,0.38679,0.8718
0.65158,0.38679,0.8718
0.6774,0.386,0.8718
0.70322,0.38361,0.8718
0.72904,0.37963,0.8718
0.75485,0.37403,0.8718
0.78067,0.36687,0.8718
0.80649,0.35809,0.8718
0.83231,0.34771,0.8718
0.85813,0.33576,0.8718
0.88395,0.3222,0.8718
0.90977,0.30705,0.8718
0.93559,0.2903,0.8718
0.96141,0.27197,0.8718
0.98723,0.25203,0.8718
0.00974,0.0,0.89743
0.0343,0.28939,0.89743
0.05886,0.48924,0.89743
0.08342,0.61258,0.89743
0.10798,0.67252,0.89743
0.13254,0.68206,0.89743
0.15711,0.65431,0.89743
0.18167,0.60231,0.89743
0.20623,0.53913,0.89743
0.23079,0.47785,0.89743
0.25535,0.43149,0.89743
0.27992,0.41313,0.89743
0.30509,0.41313,0.89743
0.33027,0.41313,0.89743
0.35544,0.41313,0.89743
0.38062,0.41313,0.89743
0.40579,0.41313,0.89743
0.43097,0.41313,0.89743
0.45614,0.41313,0.89743
0.48132,0.41313,0.89743
0.5065,0.41313,0.89743
0.53167,0.41313,0.89743
0.55685,0.41313,0.89743
0.58202,0.41313,0.89743
0.6072,0.41313,0.89743
0.63237,0.41313,0.89743
0.65755,0.41313,0.89743
0.68275,0.4124,0.89743
0.70794,0.41025,0.89743
0.73314,0.40665,0.89743
0.75834,0.40161,0.89743
0.78353,0.39512,0.89743
0.80873,0.38719,0.89743
0.83392,0.37783,0.89743
0.85912,0.36701,0.89743
0.88432,0.35477,0.89743
0.90952,0.34108,0.89743
0.93471,0.32594,0.89743
0.95991,0.30938,0.89743
0.9851,0.29135,0.89743
0.00999,0.0,0.92307
0.03466,0.31937,0.92307
0.05932,0.5391,0.92307
0.08398,0.67377,0.92307
0.10864,0.73798,0.92307
0.1333,0.7463,0.92307
0.15796,0.71331,0.92307
0.18263,0.65362,0.92307
0.20729,0.58181,0.92307
0.23195,0.51246,0.92307
0.25661,0.46014,0.92307
0.28127,0.43946,0.92307
0.30679,0.43946,0.92307
0.33231,0.43946,0.92307
0.35783,0.43946,0.92307
0.38335,0.43946,0.92307
0.40887,0.43946,0.92307
0.43439,0.43946,0.92307
0.45991,0.43946,0.92307
0.48543,0.43946,0.92307
0.51095,0.43946,0.92307
0.53647,0.43946,0.92307
0.56199,0.43946,0.92307
0.5875,0.43946,0.92307
0.61302,0.43946,0.92307
0.63854,0.43946,0.92307
0.66406,0.43946,0.92307
0.68859,0.43882,0.92307
0.71313,0.43689,0.92307
0.73766,0.43368,0.92307
0.76219,0.42916,0.92307
0.78672,0.42338,0.92307
0.81125,0.41629,0.92307
0.83579,0.40792,0.92307
0.86032,0.39826,0.92307
0.88485,0.38732,0.92307
0.90938,0.37509,0.92307
0.93391,0.36158,0.92307
0.95844,0.34678,0.92307
0.98298,0.33068,0.92307
0.01012,0.0,0.94873
0.0349,0.35403,0.94873
0.05967,0.59655,0.94873
0.08445,0.74394,0.94873
0.10923,0.81261,0.94873
0.13401,0.81894,0.94873
0.15878,0.77934,0.94873
0.18356,0.71018,0.94873
0.20834,0.62785,0.94873
0.23311,0.54874,0.94873
0.25789,0.48927,0.94873
0.28266,0.4658,0.94873
0.30694,0.4658,0.94873
0.33122,0.4658,0.94873
0.3555,0.4658,0.94873
0.37978,0.4658,0.94873
0.40406,0.4658,0.94873
0.42833,0.4658,0.94873
0.45261,0.4658,0.94873
0.47689,0.4658,0.94873
0.50117,0.4658,0.94873
0.52545,0.4658,0.94873
0.54973,0.4658,0.94873
0.574,0.4658,0.94873
0.59828,0.4658,0.94873
0.62256,0.4658,0.94873
0.64684,0.4658,0.94873
0.67112,0.4658,0.94873
0.69693,0.46514,0.94873
0.72274,0.46313,0.94873
0.74855,0.45981,0.94873
0.77436,0.45516,0.94873
0.80017,0.44917,0.94873
0.82598,0.44186,0.94873
0.85179,0.4332,0.94873
0.8776,0.42323,0.94873
0.90342,0.41192,0.94873
0.92923,0.39928,0.94873
0.95504,0.38531,0.94873
0.98085,0.37002,0.94873
0.01012,0.0,0.97436
0.03502,0.39459,0.97436
0.05993,0.66355,0.97436
0.08484,0.82545,0.97436
0.10975,0.89882,0.97436
0.13465,0.90223,0.97436
0.15956,0.85421,0.97436
0.18447,0.77333,0.97436
0.20937,0.67814,0.97436
0.23428,0.58716,0.97436
0.25919,0.51898,0.97436
0.2841,0.49213,0.97436
0.30876,0.49213,0.97436
0.33342,0.49213,0.97436
0.35809,0.49213,0.97436
0.38275,0.49213,0.97436
0.40741,0.49213,0.97436
0.43208,0.49213,0.97436
0.45674,0.49213,0.97436
0.4814,0.49213,0.97436
0.50607,0.49213,0.97436
0.53073,0.49213,0.97436
0.55539,0.49213,0.97436
0.58006,0.49213,0.97436
0.60472,0.49213,0.97436
0.62938,0.49213,0.97436
0.65405,0.49213,0.97436
0.67871,0.49213,0.97436
0.70371,0.49156,0.97436
0.72871,0.48984,0.97436
0.75371,0.48696,0.97436
0.77871,0.48293,0.97436
0.80371,0.47775,0.97436
0.82872,0.47144,0.97436
0.85372,0.46397,0.97436
0.87872,0.45534,0.97436
0.90372,0.44557,0.97436
0.92872,0.43464,0.97436
0.95372,0.42256,0.97436
0.97872,0.40934,0.97436
0.00998,0.0,1.0
0.03503,0.44279,1.0
0.06009,0.74293,1.0
0.08514,0.92162,1.0
0.11019,1.0,1.0
0.13525,0.99926,1.0
0.1603,0.94055,1.0
0.18535,0.84506,1.0
0.21041,0.73393,1.0
0.23546,0.62834,1.0
0.26051,0.54947,1.0
0.28556,0.51847,1.0
0.30917,0.51847,1.0
0.33277,0.51847,1.0
0.35638,0.51847,1.0
0.37998,0.51847,1.0
0.40359,0.51847,1.0
0.42719,0.51847,1.0
0.4508,0.51847,1.0
0.4744,0.51847,1.0
0.49801,0.51847,1.0
0.52161,0.51847,1.0
0.54522,0.51847,1.0
0.56882,0.51847,1.0
0.59243,0.51847,1.0
0.61603,0.51847,1.0
0.63964,0.51847,1.0
0.66324,0.51847,1.0
0.68685,0.51847,1.0
0.71319,0.51789,1.0
0.73953,0.51616,1.0
0.76587,0.51328,1.0
0.79221,0.50923,1.0
0.81855,0.50404,1.0
0.84489,0.49769,1.0
0.87123,0.49021,1.0
0.89757,0.48155,1.0
0.92391,0.47174,1.0
0.95025,0.46079,1.0
0.97659,0.44867,1.0
